8 0 8 64 0 64
0 0 0.0304858 0.385378 0 0 2.08324 1.57081
-2.20755 0 1.20032 5.66984 0.65 5.56252 2.36715 2.23036
-2.2 -1.525 -1.7606 4.39813 2.45 3.275 2.30024 2.88373
-6.33946 -2.67456 -0.780249 2.83347 0.73047 5.40909 0.0711206 1.8181
0 1.56939 0.623734 1.47476 2.42757 -1.4191 0.393706 1.69449
0 1.93695 1.37323 -1.55009 4.12227 1.72447 2.19791 2.28052
0 -1.56376 -1.07041 1.43052 4.68298 5.31517 2.59047 2.47087
0 -1.34157 -3.04119 -0.101785 4.04116 1.79636 3.01203 -0.554841
-7.34097 -0.158729 -1.07213 -0.907549 -0.596025 1.03846 -1.21389 -0.916485
-7.7264 -4.58183 -1.08938 2.7163 -2.28487 2.71672 -0.595816 2.9008
-6.85 -0.26647 0.372396 2.42262 2.25185 2.62279 0 2.06782
-4.20199 0.376048 -1.02475 2.15339 -0.424898 4.30101 -2.0843 2.85552
0 -2.80376 -1.44667 -0.887785 5.44701 -2.14646 2.70384 0
0 -2.09088 -0.645469 3.54441 6.54405 -0.286863 3.65434 -1.81648
0 -3.24503 -1.58558 2.90574 5.52979 -1.10256 4.59814 2.09454
0 -0.175 -1.70492 0.449561 4.50371 2.3768 0.130851 3.43234
-3.26058 1.25757 -1.75108 -1.92094 -1.95291 3.09001 1.29931 -0.993183
-3.78292 -1.525 -2.32966 0.0376935 0.919264 -0.342606 0.520934 -2.57818
-4.07799 2.08389 -0.168179 1.34111 1.49304 1.98404 -0.504883 0.408532
0 1.87302 -4.93756 -2.52637 0.290255 1.59021 -0.446584 0.00977943
0 4.1072 0.312017 1.34382 -1.09048 3.13637 3.23517 7.01663
0 7.67125 2.5283 -1.94029 -3.10524 0.813529 2.7095 5.8855
0 6.7395 -2.55253 -5.94562 -4.33288 1.56421 3.73145 4.4074
0 6.27271 0.596128 -1.26667 -5.1421 -0.909152 2.11167 6.7428
-1.53975 -0.739063 -2.18748 -1.93452 -1.55694 1.03419 -2.67523 -0.478462
0.0758331 -0.0954157 -2.76254 0.652887 -3.21597 -2.68748 -1.9908 -1.68683
-0.927713 -3.05331 -3.29054 -0.0808244 -1.03974 -1.34227 -2.37042 -1.94961
-0.506491 0.152141 -3.27989 -0.321416 -2.275 0.170982 -3.29316 0.594529
0 -1.71342 -1.6 -0.105527 -1.48437 2.51992 -8.33716 -2.25586
0 0.663453 -0.242793 0.323223 -4.62113 1.77879 -9.21306 -0.995471
0 1.06118 -3.20565 0.136455 -4.17619 0.102736 -7.05176 -2.80337
0 1.325 -0.256179 2.17593 -4.19264 3.90317 -6.83141 -3.16423
-1.07119 -5.01357 1.16347 -0.473015 4.69568 3.53903 1.8504 2.53623
-1.46739 -0.857698 0 3.2 2.15813 4.81395 3.89618 4.91785
2.46773 -0.64553 -2.7394 2.65465 2.96636 3.34381 4.23694 3.47198
0.209971 0.00968253 -4.88577 0.949634 4.39829 4.49884 3.1048 3.75051
0 2.73063 -2.875 -3.91722 4.55755 6.4283 4.19677 2.0121
0 1.78332 -4.44352 -5.2634 6.53124 5.72294 3.15079 4.3005
0 3.425 -5.35546 -0.668245 6.49313 6.9037 5.51888 -0.449646
0 0.069151 -3.49992 -3.58565 7.50604 7.35332 5.11784 3.38459
-4.85842 -2.96113 2.49665 -0.371459 -3.81102 -3.65066 0.049916 1.46142
-5.39497 -2.84602 -0.770584 -1.86804 -4.96568 -3.68772 2.46192 0.0650886
-4.68169 2.00425 2.10956 0.960527 -3.54142 -2.49789 -0.533685 2.63625
-4.02764 0.96359 1.5989 2.00184 -2.81152 -2.07558 -2.82663 0.414764
0 4.06012 1.2537 0.793745 2.7507 -4.06249 -1.10307 1.53084
0 8.79926 -4.46654 2.28684 4.68986 -2.84633 -0.311889 5.43123
0 5.27003 -2.80411 0.70426 4.80764 -3.18988 1.23055 2.87392
0 5.44161 -4.27784 3.12372 4.75004 -3.053 -0.00525045 2.57601
0.341475 -0.457812 0.850189 1.46427 2.15412 -0.210926 -0.651431 -0.998636
-0.475322 2.29919 3.98566 0.721057 2.28085 1.21689 -2.0904 1.01694
0.643858 1.16965 -1.50928 -0.0672303 1.83063 4.02882 1.44956 0
-1.86336 1.67617 1.56211 0.644138 4.18739 2.28942 -1.23017 0.270865
0 0.883098 -0.619492 1.06146 -1.90368 0 2.49026 4.22827
0 0.498795 0.970968 -0.0982789 -0.621559 1.16667 0.369005 4.12213
0 0.331077 1.87013 0.243886 -3.14123 1.38837 0.081638 2.21867
0 -2.2277 -0.15402 -0.546881 -0.469273 -1.40912 1.01036 2.56852
-5.39601 1.30965 -2.02422 0.398578 -0.16866 -0.55 -3.78993 1.90239
-8.90079 2.4704 1.49695 2.075 -2.97396 0.00158194 1.12647 1.19079
-5.57248 -1.10591 0.5 2.00549 -1.10242 2.56204 2.20617 0.575201
-6.87839 -0.200425 0.05 3.18227 1.88815 0.0304157 0.477376 5.54394
0 1.41568 -2.53772 3.875 -6.01915 -0.127478 3.67401 5.91846
0 1.40778 -1.81838 4.1 -4.81306 0.330317 2.975 7.925
0 0.532547 -1.9 2.96075 -5.42695 2.9 4.28853 1.7
0 2.71132 0 0 -6.57915 5.3 0 0
