48 0 48 97 0 97
12.3523 0 0 0 0 0 -9.69178 -11.7791 -9.76871 0 -12.0715 -9.8673 -1.59745 -1.94868 -2.14946 -1.90892 -1.44904 -2.4 0 -1.92981 -0.8 -3.0017 -2.08857 -2.61157 -0.8 -0.8 -2.79701 -1.6 -2.78 -2.01904 -0.665716 -0.8 -0.272955 -0.998668 -1.29084 -1.22415 -1.45685 -0.321249 -1.38409 -0.975751 0.173896 -0.968714 -5.30782 -3.51175 -3.92156 -3.01444 -4.96199 -3.64354
-11.2 0 0 0 0 0 -12.7086 -14.4 -15.2 -10.0535 -15.2 -10.6549 -3.11171 -2.48864 -4.86358 -2.77309 -2.47615 -1.80533 -1.79097 -2.26025 -1.71771 -2.06971 -2.14341 -2.91645 -0.98389 -1.84923 -1.52193 -0.8 -0.8 -1.87032 -0.986404 -0.767933 -0.674276 -1.47179 -1.51389 -0.984446 -0.309136 -1.88902 -0.466528 -2.33834 -1.22605 -0.94335 -4.07301 -4.07112 -7.2 -4.3935 -5.00097 -4.18365
-4.06729 -3.07921 -2.84967 -3.12939 -3.67887 -3.54732 -5.6 -4.48467 -4.59744 -4.81786 -2.92696 -4 -3.06346 -2.62667 -2.75555 -2.61008 -1.90941 -4.48738 -1.52825 -1.46592 -2.63901 -3.18384 -3.1362 -2.4 -1.98487 -1.40162 -1.72208 -2.4 -2.83695 -2.58659 -2.05588 -2.20398 -2.26769 -3.77384 -1.98808 -1.77112 -0.8 -1.54379 -1.03332 -0.43659 -0.956949 -0.843717 -1.59997 -0.368959 -0.916421 -0.654855 -0.565002 -0.22888
-3.2 -3.95654 -3.93608 -5.06169 -4.8 -3.27163 -4.57223 -4.3104 -4.67439 -3.69748 -3.60622 -3.61252 -3.10277 -2.66711 -2.15802 -2.4 -2.83722 0 -2.68297 -3.00674 -1.6 -2.69328 -2.27326 -2.32508 -1.3913 -1.6 -2.15989 -1.25695 -2.00715 -1.75141 0.186739 -1.49996 -1.97135 -1.29716 -1.54855 -1.97504 -0.655086 -1.12655 -2.83112 -1.59046 -0.679242 -0.655359 -0.151541 -0.195869 -1.53018 -0.485431 -0.464962 -0.281573
-3.2 -3.06485 -3.05889 -3.2 -3.95527 -3.08492 -4.55131 -4.8 -3.17449 -3.51712 -4.39922 -3.2 -1.93026 -2.4 -1.91444 -3.04799 -2.75302 -3.26886 -4 -3.60815 -2.4 -3.08922 -3.07319 -1.76211 -1.53705 -2.14505 -1.56205 -1.36925 -1.78882 -1.9761 -2.34642 -2.02201 -2.02408 -2.65822 -2.32737 -2.87835 1.6 -1.6 0.804401 -2.94979 7.11856 0.876702 -4.00002 -0.722021 -1.11783 -0.665752 -0.631155 -0.791196
-3.09893 -2.77569 -3.67185 -2.81135 -3.83005 -2.97437 -4.42379 -3.05696 -3.75687 -3.71447 -3.91856 -3.15322 -2.92929 -2.57657 -2.71894 -3.18433 -2.83472 -2.9338 -2.58476 -2.26791 -2.4 -2.80017 -2.27836 -2.07609 -1.89291 -2.0328 -2.02463 -1.72519 -1.78499 -2.20748 -2.84027 -1.99236 -1.53412 -1.08572 -1.02669 -1.78759 2.46332 -0.348238 0.345409 0.192471 3.76845 1.21287 -0.344458 -1.437 -1.05727 -0.85864 -1.06224 -0.898392
-3.92073 -3.39499 -2.12541 -2.6209 -2.80941 -3.81251 -3.48625 -5.35611 -2.4 -3.10369 -1.73634 -3.02503 -1.9666 -0.8 -3.11481 -2.14255 -2.99687 -2.22095 -2.59921 -4.95808 -2.80148 -2.4 -2.4 -2.66065 -1.6 -5.06708 -2.08021 -1.8054 -2.31262 -1.98733 -3.85045 -2.33096 -2.06924 -4.89844 -2.82276 -2.22786 -0.866918 -0.670979 -0.911684 1.01975 -2.1714 -2.18482 -1.23811 -1.05145 -1.0701 -1.19934 -0.997875 -1.13377
-5.47832 -2.34016 -2.17549 -3.2 -3.72022 -1.88512 -2.94372 -2.52621 -2.63144 -2.60017 -2.78975 -2.35692 -2.4 -2.36452 -2.93915 -2.4 -1.07704 -2.27965 -3.00922 -2.83525 -3.07786 -2.99948 -2.24126 -1.7941 -1.50382 -5.62309 -1.52812 1.93816 -2.33229 -2.4 -0.2101 -2.24635 -2.32637 -5.42712 -2.33678 -2.08344 0.0534732 0.804988 1.93598 2.75599 -1.28709 -1.27599 -1.42823 -0.84848 -0.992735 -1.3791 -0.640948 -0.549292
-1.05251 -2.61027 -1.13876 -3.5394 -1.73054 -2.15961 -0.626264 -3.2 -1.69341 -2.4 -2.7539 -1.37886 -1.40421 -1.83096 -1.85873 -2.28841 -2.4 -1.14887 -1.92753 -1.771 -1.51811 -2.7667 -1.6 -2.19633 -0.680595 -1.39061 -1.37486 -0.99395 -1.79565 -1.6 -0.879063 -1.37104 -1.90092 -0.601611 -1.51207 -1.6 -0.8 -0.8 -0.95416 20.8 -0.090637 -1.29595 -1.13017 -0.365022 -0.8 -0.994635 -0.175503 -0.8
-2.08906 -2.15746 -2.4 -3.31759 -1.96907 -2.24641 -2.12142 -1.6 -2.49971 -1.07753 -0.988642 -2.99368 -1.1986 -1.3396 -1.6 -2.03283 -1.56446 -1.66877 -2.07248 -1.72554 -1.2428 -1.28746 -0.8 -1.34257 -1.22204 -0.8 -0.8 -0.77108 -2.09318 -1.84502 -1.68884 -1.38213 -1.25102 -1.53747 -1.12501 -1.94442 -0.8 -0.722459 -0.645079 -0.439314 -0.483777 -1.65387 -0.243217 -0.373522 -1.26435 -0.251781 -0.5558 -0.220296
-0.938187 -1.4947 -0.154875 -1.05024 -0.618047 -0.680636 -1.57012 -1.33949 -1.6 -1.59012 -0.920188 -0.748651 0 0 0 0 0 0 2.9044 1.36922 8.00712 7.25076 1.28512 0.129894 -0.910113 -0.767491 -0.8 -1.13232 -1.55251 -1.58803 -2.57211 -0.971066 -1.22721 -1.21368 -0.780265 20.8 -0.426708 -1.46059 -0.544887 -0.984306 -0.870466 -0.706352 -0.376333 0.414956 -0.774108 -0.704944 0.180801 -0.271525
-1.37457 -0.22819 -1.10301 -1.43162 -1.27511 -2.18198 -1.22697 -1.08389 -1.34868 -1.55124 -0.964805 -1.48622 0 0 0 0 0 0 5.91008 3.47367 12.7207 -0.171418 0.8 0.55212 -0.933717 -1.16563 -1.95567 -0.784264 -1.0265 -1.00722 -0.8 -0.492771 -1.05958 -1.93663 6.56586e-13 -1.28042 -0.788587 -0.123179 -0.296753 -0.113011 -0.497571 -0.281242 -0.235948 -0.133746 -0.36532 -0.617597 0.631828 -0.408868
-0.677023 -1.28084 -1.45448 -0.337142 -0.23744 -1.06947 -1.1338 -2.21571 -0.45557 -0.933663 -0.744592 -7.9024 9.82604 12 7.60557 8.67396 11.5945 9.61074 -6.12479 -4.574 -6.4 -4.61544 -4.70065 -6.11049 -0.700295 -0.488948 -0.8 -0.8 -0.8 -1.4812 -0.563957 -0.679272 -0.907971 -2.26549 -0.513639 -0.293658 -1.1462 -1.25617 -1.08484 -1.17293 -1.57495 -1.01696 -0.789733 -1.38263 -0.59098 -1.00838 -0.0940613 -1.56556
0.0270754 -1.34743 -0.16629 -0.588324 -0.517352 0.391691 -0.8 0.168974 -0.242496 -0.316622 -0.976091 0.0509509 15.2 13.6 10.4 9.16641 11.2247 11.2 -3.92773 -3.9967 -3.92049 -5.74301 -6.37239 -4.93982 -0.8 -0.662495 -0.258386 -0.654579 -1.33171 -0.655734 -0.532997 -1.6 0 -0.79561 -0.867488 -1.01396 5.6 -1.40814 -0.693509 -0.956717 -2.57878 -1.79768 -1.46562 -2.02525 -1.07322 -0.61609 -0.8 -0.793753
-0.98496 -1.08492 -0.762068 -5.21587 -3.2 -0.8 -1.42492 0.8 -2.02806 -0.947191 -1.08493 -0.8 -0.8 -0.319677 -0.598964 -0.449676 -1.13922 -0.8 -1.14761 -0.985816 -0.906234 -1.31757 -0.717585 -0.384068 0.128259 -0.8 0.066574 -0.505837 2.3278e-11 -0.180768 -0.862312 -0.281088 -0.744875 -0.660452 5.77738 -0.474012 -1.03481 -1.29398 -2.37324 -1.43796 -3.12039 -2.30704 -1.80727 -1.32852 -2.26511 -1.54324 -1.09539 -1.34304
-0.739169 -0.794003 -1.28705 -0.604833 -1.25903 -1.40842 -1.20639 -1.50183 -1.10726 -1.90745 -0.711417 -1.6 -0.606643 -1.21062 -0.515565 -0.558583 0 -1.35218 -3.7485 -0.899517 -0.8 -0.246066 -0.405403 -1.06952 19.0591 0.179353 2.44249e-15 -2.69847 -0.279678 -0.463903 -0.565674 -0.170821 0.0384307 -0.145996 -0.247564 -0.305707 -1.88055 -1.5231 -1.36969 -1.51438 -1.19863 -0.411183 -1.7359 -2.09374 -2.25484 -2.1435 -1.54565 -0.91568
-0.994505 -1.12775 -1.21304 0.926908 -0.984547 -1.16007 -1.87712 -1.01765 -0.738106 -1.14717 -1.0996 -0.5585 -0.389404 -0.644058 -0.715352 -1.46895 -0.10883 -0.528959 -1.70565 -1.42535 -0.701168 0.207311 -0.403077 -0.8 -1.3167 -0.988064 -0.537821 -0.593572 -1.00442 -0.394238 2.26559 -0.78326 -0.973572 -1.16692 -0.298595 -0.963723 -0.575334 -1.17541 -0.693414 -0.785457 -0.8 -1.68233 -0.69766 -1.53857 -0.400796 -0.212428 0.0482998 -0.622193
-0.775389 -0.8 -1.23992 -0.989666 -2.04629 -1.04573 -1.39279 -1.78604 -1.41342 -0.8 -0.338791 -4.01594 -0.606141 -0.674151 -1.17217 -0.553471 -0.787137 -0.775134 -0.553682 -1.05995 -0.912238 -0.473563 -0.61121 -1.11286 -0.778144 -1.04584 -1.04492 -0.573875 -0.8 -0.705245 -0.41079 -0.8 -0.317172 0.301653 1.20212 -0.380996 -0.962327 -0.282201 -0.946919 -1.14809 -1.26956 -1.34307 -0.693583 -0.743844 0.307799 -0.8 0.282428 -0.8
-0.556892 -1.07452 -0.526357 -0.406359 -0.674874 -0.081762 -1.07761 -0.266204 -1.21692 -1.21955 -1.18984 -1.6 -0.8 -1.33439 -0.294219 -1.54303 0.221893 -0.445725 -0.46627 -0.535762 -0.751035 -1.011 -1.99272 -0.359573 -0.8 -0.8 -2.25724 -0.8 0.768922 -0.541643 -0.663605 -0.566494 -0.734797 -0.949178 -0.658211 -2.25266 -0.892428 -0.764104 -0.24501 -1.01878 -1.04252 -1.09989 -0.879463 -1.20015 -0.769741 -0.652378 -0.948833 -1.699
-0.556131 -1.16703 -0.8 -0.273405 0.333713 -3.12108 -1.27472 -0.766551 -0.8 -1.6 -0.8 -1.37291 -1.6 -0.317134 -0.951772 -0.568436 -0.518489 -0.666613 -0.405031 -0.472504 -0.137768 -0.780806 -1.22971 0 -0.769982 -0.59004 -0.592061 -0.76455 -0.732837 -0.8 -0.8 -0.650098 -0.610795 -1.58033 -0.658345 1.86789 -0.959468 -0.791425 -1.43323 -1.47838 -0.468301 -1.0352 -0.543817 -0.670017 -0.565732 0 0.40977 0
-0.760851 -0.677475 -1.56061 -0.781867 -2.03692 -1.36958 -1.31713 -1.27732 -2.16419 -1.24037 -1.90612 -1.20917 -0.464321 -0.427997 -2.90244 -0.778928 -0.489237 -0.458036 -1.08059 -0.968456 -1.58029 -0.659552 -0.394096 -0.269295 0.0489965 -0.665421 -0.639271 -1.45202 -0.727931 -0.8 -0.740938 -1.26364 -1.10154 -0.756577 -0.221947 -0.261699 -0.9267 -0.399913 -0.8 -1.28064 -1.0718 -0.8 -1.34894 -1.43452 -1.58461 -1.34689 -1.25762 -0.996645
-0.778734 -0.71123 -1.03068 -1.20834 -2.56711 -1.17411 -1.17351 -2.9156 -2.3186 -1.17912 -1.19994 -1.6 -0.8 -1.23372 -0.8 -0.485894 -0.711245 7.54952e-15 -0.741173 -0.352876 -0.434216 -0.522214 -0.584432 -0.355085 -1.04924 -0.52949 -0.763623 -0.697605 -1.57954 -0.188027 -0.208983 -0.575169 -0.323792 0.623064 -0.211798 -0.512928 -0.416873 -1.0668 -0.648394 -0.167877 -1.42095 -1.39931 -0.466875 -0.948464 -0.504496 -1.19825 -0.54221 -1.19387
-0.542473 1.82077e-14 -1.46115 -0.658889 -1.24919 -0.648313 -0.974718 -0.291374 -0.643863 -1.49434 -1.21646 -1.50856 -0.467301 -0.412713 -1.59447 -2.66973 -5.33228 -0.792686 -0.587859 0 -0.954679 -1.13999 -1.11799 0.0199772 -0.58863 -0.997841 -0.94758 -0.919588 -0.382174 -0.547258 -0.281362 -0.49439 -0.607361 -0.583717 -0.36769 -0.920124 -1.11546 -0.573138 -1.31031 -0.8 -1.6 -0.43652 -1.0592 -0.791418 -1.0197 -1.11515 -0.975403 -1.18345
-1.34863 -0.513834 -0.486205 -0.614245 -0.229802 -0.698983 -0.8 -1.25011 -0.216981 -1.13998 -0.8 -0.383281 -0.8 -0.735991 -1.6 -2.21127 -1.22393 -0.8 0 -0.457078 -0.728667 -1.43119 -0.599147 -0.947239 -0.519722 -0.504335 0.329051 -0.86764 -0.545924 -0.243351 -0.45001 -3.79833 -0.181269 -0.8 -0.418421 -0.374688 -1.48341 -0.935162 -1.8187 -0.601377 -1.1893 -0.293926 -0.952389 -0.713178 -1.00427 -1.3219 -1.70978 -1.27689
-0.714219 0.526394 -0.229477 -0.574794 -1.8626 -1.38213 -1.16085 -0.954643 -1.17934 -0.465509 -1.6 -1.23532 -0.752853 -0.513201 -0.8 -0.90909 -0.78297 -0.902308 -1.0812 -0.8 -0.894775 -1.35461 -0.8 -1.43576 -0.643349 -0.383878 -0.723918 -2.4 -0.892099 -1.84494 -1.4338 -0.946069 -0.973248 -0.8 -1.54929 -1.26523 -0.8 -0.603344 -1.97523 -0.497396 -1.06166 -1.6 -0.981761 -0.552795 -0.922983 -0.688312 0.0202335 -0.45785
0.531689 -0.479421 -0.589068 -0.681485 -1.10965 -0.8 -0.393253 -0.562494 -0.473475 -0.421832 0.00853836 -0.417446 -0.654232 -0.43961 -0.649704 -2.18623 -1.12873 -0.694369 -0.896174 -0.78545 -0.692468 0.288279 0.0721772 -2.16958 -1.30675 -1.10916 -1.33271 -0.244925 -0.437162 -0.699741 -1.6 -1.25551 -0.951583 -0.557903 -0.798917 -0.664087 -0.703733 -0.614845 -0.772863 -0.763628 -1.0979 -0.546312 -1.21942 -1.7004 -0.431133 -1.15212 -0.511292 2.08484e-11
2.9754e-14 -0.704483 -0.783152 -0.503973 -0.628004 -0.567404 -0.617373 -1.5513 0.179976 0.396179 -1.17274 -1.39748 -0.560567 -0.292219 -0.757172 -0.6777 -1.01672 -0.683669 -1.49577 -0.732482 -0.8 -0.732236 -0.479946 0.0295475 -0.53596 0.179181 -0.468462 0.568237 -0.639784 -0.536268 -1.33052 -2.76624 -0.977809 -0.538444 -1.04626 -0.8 -0.694969 -0.702175 -0.8 -0.309306 -0.92568 -0.921847 -1.17725 -0.655722 -0.723504 -2.63161 -0.71819 -0.305313
-2.59139 -0.581883 -0.562077 -0.533469 -0.8 -1.07168 0.02153 -0.547756 -1.38001 -0.210846 -0.649726 -1.06287 -0.259115 -1.86925 -0.396724 -0.14053 -0.609781 -0.988317 -0.720079 -0.252926 -0.422298 -0.344465 -0.8 4.26326e-14 0.309178 0.214784 -0.726984 4.44089e-16 -1.0409 -0.139358 -1.00642 0.118384 0.928188 -1.09345 -0.434832 -0.630429 0.000315206 -0.793648 -0.252522 -1.53566 -0.686676 -1.27332 -0.977112 -0.764736 -0.601195 -0.392525 -0.510428 2.5786e-12
-0.560967 -0.765383 -0.701356 -0.975892 -0.947519 -1.42046 -2.18029 -1.36114 -0.497913 -0.8 -0.236448 -0.8 -0.645813 -0.117103 -0.587232 -1.06512 -0.407872 -0.432379 -0.627131 -0.7289 -0.557126 -0.627841 -0.281611 -0.59403 -0.550323 -0.149519 -0.781105 -0.707432 -0.909174 -0.58274 -1.03794 -0.641668 -0.8 -1.15786 -1.29675 -0.8 -0.702279 0.0380158 -0.739304 -0.896005 -0.569887 -0.926603 -1.06193 -0.978571 -0.231969 -0.67055 -0.574754 0.112258
-2.86324 -0.413106 -1.49323 -0.252781 -1.25213 -0.526528 -0.0970461 -1.06185 -0.560197 -0.330148 -0.558421 -0.719467 -0.423759 -0.791817 -0.460587 -0.527321 -0.516418 -0.611811 -1.52213 -0.324886 -0.447671 -0.728271 -0.352573 -0.304135 -0.770645 -1.10112 -1.27462 -3.12215 -0.21222 -0.107928 -0.8 -0.8 -0.8 -0.8 -0.436073 -1.42829 -0.978829 -0.684922 -0.430277 -0.486807 -1.30409 -0.69053 -0.277719 -0.726003 -0.492323 -0.446733 1.55885 -0.152476
-0.7832 -0.745176 -0.989741 -0.470174 -1.84075 -1.01828 -0.665795 -0.8 -0.417771 -1.20458 -1.58905 -1.19142 0 0 0 0 0.189755 0.563864 -0.989093 -1.07642 0.0105107 -0.507617 0.00854407 -0.607414 -0.588429 -0.500688 -1.6 -1.22847 -0.956204 -2.14601 -1.27616 -1.23984 -1.19112 -1.17711 -0.8 -0.541657 -1.50447 -2.6617 -1.40887 -1.89499 -1.32075 -1.7543 3.71657 1.92633 9.99066 7.28687 5.00643 4.81429
-0.201984 0.0539091 -0.643747 -0.722759 -0.622058 -0.617419 -0.681395 -0.647552 3.47672 -0.943028 4.8 -0.637166 0 0 0 0 -0.642057 -0.0382636 -0.574909 -1.44514 -0.511417 -0.498492 -0.356154 0.072425 -3.72945 -1.2273 -1.6 -1.31319 -0.787868 -1.25342 -0.759983 -0.602732 -0.8 -0.8 -0.269263 -0.54034 -2.37685 -2.52424 -1.58357 -1.94131 -0.505646 -1.40989 5.43551 -5.56208 8.18885 5.98194 4.87703 5.84205
-3.52205 -1.52179 -0.710253 1.33321 -0.735933 -1.14753 -0.642485 -0.503658 -1.47534 -1.06627 -0.527038 -0.531229 -0.518407 -0.768183 -1.57318 -20 -1.03504 -0.443621 -0.994273 -0.941155 -0.740405 -0.50689 -0.315639 -0.372069 -0.769841 -1.36387 -1.13107 -1.13844 -0.783383 -0.538515 -2.02158 -1.28953 -0.8 -0.769319 -0.8 -0.468789 -1.57851 -0.771713 -1.55857 -0.8 -1.48184 -0.724221 -1.26598 -0.480647 -0.6731 -0.623383 -0.772279 -0.275812
-4.58351 -0.586705 0.114811 -0.635502 -0.705824 -0.625682 -0.651483 -0.700505 -3.469 -0.519094 -1.21593 -0.749564 -0.163338 -0.585258 0.282418 -0.343736 -0.37188 -0.318991 -1.10082 -0.203453 0.774294 0.256714 -0.718664 -0.348637 -0.274201 -1.04319 -0.783948 -0.572388 -0.784876 -0.662828 -1.27993 -1.28336 -0.410998 -1.6 -0.343655 -0.617428 -0.386286 -0.8 -0.485811 -0.536883 -0.709678 -1.03351 -1.08031 -0.794192 -1.34044 -0.281759 -0.482118 -0.383931
0.964765 -1.18573 -0.778885 -2.14851 -1.6 -0.643466 -0.950176 -1.19795 -1.6 -0.744148 -1.21776 -6.70951 -0.197578 -1.26524 -0.983263 -0.719362 -0.42524 -0.725272 -2.69693 -0.619919 -1.15901 -1.23661 -0.439809 -0.506876 -0.915175 -0.336228 -1.80775 -1.01473 -0.8 -1.31855 -1.03168 -1.1414 -0.68951 -1.23246 -0.494871 -0.588346 -0.595921 -0.264319 -0.628248 -1.77928 -1.01016 -0.555829 -1.10865 -1.15617 -0.494981 -0.633474 -1.38798 -0.8
-0.8 -1.3837 -0.790559 -1.12951 -1.50766 -1.00549 -0.948248 -1.44635 -1.06618 -0.61739 0.335439 -0.347946 -0.743844 -1.05806 -0.8 -1.6 -1.6 -1.19224 -0.227865 -0.36675 -0.627213 -0.927824 -0.428284 -0.984976 -0.472715 -1.05507 -0.8 -0.72039 -1.10726 -2.18076 -0.909639 -0.8 -0.533488 -0.639518 -0.948298 -1.6 -0.231622 -0.8 -1.02038 -1.29587 -0.45046 -1.10185 -1.28877 -1.09318 -0.963392 -1.99668 -1.09216 -0.8
-0.525383 -1.19645 -0.8 -0.8 -0.638163 -1.14089 -1.04619 -0.73777 -1.6 -0.276424 -0.657327 -0.753967 -1.10767 -0.8 -0.688015 -0.588435 -0.676194 -0.929553 -1.34714 -1.70104 -0.8 -1.16272 -0.370571 -0.738592 -1.42474 -1.41672 -1.38872 -1.06341 -1.47363 -1.54009 -1.39384 -0.732787 -1.12122 -0.798649 0 -0.974991 -0.162918 -0.189017 -0.442744 -1.27004 -0.497858 -0.456534 -0.403361 -0.411597 -0.0848176 -0.200238 0.259133 0.224252
-0.790242 -0.331933 -1.2196 -1.8788 -1.08964 -1.19886 -1.28645 -1.0591 -1.55891 -0.0906075 -1.95311 -0.34207 -0.8 -0.62066 -0.8 -0.8 -0.892961 -0.603704 -0.464845 -0.8 -0.466044 -0.242631 7.10543e-15 -0.400075 -1.3044 -0.8 -2.2672 -0.880248 -1.45278 -1.03748 -0.708383 -1.98996 -0.474956 -1.17238 -0.540075 0 -0.593588 -0.273289 4.56457e-12 -0.894552 -0.455422 -0.357925 -0.396473 -0.40625 -0.216053 0.006476 -0.434963 -0.285842
-0.963911 -1.33819 -1.07503 -1.19944 0 0 -1.03632 -0.717224 -2.6809 -2.90152 -1.94906 -3.2 -1.00912 -0.401336 -0.763132 -0.47555 -0.526254 -0.8 -1.44115 -0.908958 -0.55769 -0.8 -0.8 -0.547114 -0.66776 -1.08892 -0.979319 -1.14036 0.724394 -2.43008 -1.10504 -0.0587173 -0.577253 -0.8 -0.8 -0.442187 -0.436634 -0.543504 -0.698191 -1.20116 -0.555444 -0.526667 -0.711969 -1.6 -0.243322 -1.9575 -0.536059 0.172371
-0.377027 -1.58048 -0.718893 -2.14932 0 0 0.10871 -0.595384 -2.76221 -2.49929 -3.42665 -4.8 -1.04831 -0.663113 -0.612416 0.8 0.22411 -0.744301 -0.943367 -0.8 -0.481422 -0.935906 -0.659153 -0.8 -1.00415 -2.12557 -1.43748 -0.786042 -0.8 -1.79358 -1.64872 -0.318528 -1.49404 -1.43119 -0.54073 -0.459051 -0.740526 -0.537014 -0.577328 -0.442827 -0.542712 -0.515909 -0.468683 -0.579918 -0.213418 -0.519267 -0.370546 -0.200968
-1.34723 -0.651374 -0.913861 -1.20755 -1.09356 -1.13158 -1.2324 -0.674914 -1.42604 -0.8 -2.73801 -1.59038 -0.789927 -0.644217 -0.7706 -0.586126 -1.24869 -0.727279 -1.21091 -0.7143 -0.729974 -0.8 -0.682377 -8.97086 -0.777224 -0.487915 -0.308236 -0.641551 -0.77561 -1.00052 -2.08774 1.66533e-14 -0.987614 -0.626976 -0.356949 -0.370609 -0.8 -0.356927 -0.399975 -0.341124 -0.298809 -0.567597 -0.645042 -0.588588 -0.697603 -0.362011 -0.471417 -0.0653989
-0.548544 -3.873 -1.11365 -0.646652 -0.789126 -0.976162 -1.0963 -1.01166 -0.772448 0.965259 -4.99154 -0.292732 -0.955679 -1.15221 -0.8 -0.8 -1.14983 -0.557036 -0.70269 -0.669686 -0.521494 -1.12488 -0.8 -0.747151 -1.02752 -1.29129 -0.8 -0.667335 -0.584052 -1.40286 -0.434722 -0.444639 -0.56296 -0.602068 -0.501143 1.52989e-13 -0.466336 -0.555433 -0.446266 -0.331413 -0.413812 2.07495 -0.8 -0.487746 -0.128546 -0.45371 -0.529267 0.0880575
-0.798665 -1.33643 -0.988035 -0.67738 -1.52252 -3.57431 -1.24699 -0.8 -1.5597 -0.8 -0.8 0 -0.75019 -0.511857 -0.695042 -0.481575 -0.929398 -1.46525 -0.94788 -0.566137 -0.496931 -0.784565 -0.648254 -0.389372 -0.870702 -0.778955 -1.5181 -0.8 -0.8 -0.8 -0.752191 -1.08342 -1.08094 -1.51779 -0.511213 -0.622974 -0.686248 -0.521947 -0.548427 -0.269654 -0.736123 -0.370039 -0.8 -0.778562 0.310129 0.342744 0.402689 0.235625
-0.443248 -0.8 -0.989704 -0.784886 -1.50821 -1.14278 -0.480102 -0.325363 -1.02022 -0.757438 -1.16461 -0.578147 0 -0.280121 -0.591049 -0.8 -1.88349 -1.13041 -1.24411 -0.58114 -0.220515 -0.373744 -0.320315 -0.8 -0.8 -1.12249 -0.772558 -0.761196 -0.277757 -0.8 -0.73062 -1.23402 -1.6 -0.515223 -0.8 -0.514085 -0.39619 -0.454181 -0.270074 0.0378568 -0.722312 -0.651675 -1.00171 -0.631253 0.570661 -0.0274895 0.642186 0.0997927
-0.618761 -0.8 -0.77115 -0.664735 -0.609584 -1.6 -0.499367 -0.744568 -0.254046 -1.32807 -0.599808 -1.25503 -0.458901 -0.353483 -0.266719 -0.8 -0.383559 -1.09211 -1.02092 -0.529842 -0.339286 -0.748622 -0.0959814 0.385905 2.73825e-12 -0.667005 -1.35959 -1.59234 -0.604958 -1.014 -1.0214 -0.8 -0.354152 -1.03241 -0.625901 -1.39424 -0.635746 -0.596705 -0.587063 -0.8 -1.01375 -0.66754 -0.889734 -0.492284 0.365098 0.804124 1.18741 -0.39713
-0.650062 -0.8 -1.51129 -1.49593 -0.461831 -0.627374 -0.733629 0.104036 -0.785378 -4.46317 -0.8 -0.502613 -0.950038 -0.8 -0.586045 -0.8 -0.61422 -0.8 -0.275231 -0.705722 0 -0.341075 -0.233212 -0.394563 -0.738417 -0.262206 20.8 -0.734188 -0.640012 -1.07048 -1.29014 -0.991664 -0.471714 -1.14993 -0.304732 -1.3931 -0.572619 -0.8 -0.8 -4 -0.8 -0.8 -0.7306 -0.976652 0.571845 -1.62509 0.949441 0.160685
-0.8 -0.290943 -0.747123 -0.508601 -1.01824 -0.20968 -0.541856 -0.719137 -0.543211 -1.2685 0 -0.999429 -1.45403 -1.08488 -0.8 0.408734 -0.508864 -0.420323 -0.77137 -1.27421 -0.476261 -0.954841 -0.727361 -0.12925 -0.289596 1.74527e-13 -0.760546 -1.05493 -0.59302 -0.773585 -0.8 0 -1.29235 -0.8 0.0705087 -0.625252 -0.192667 -0.59115 0.32802 -0.328177 -0.8 -0.676399 -0.8 -0.135455 1.09977 0.418168 1.85961 1.10073
-0.463064 -0.512947 -0.639714 -0.471221 -0.306634 -0.8 -0.4064 -0.117679 -0.384524 0.0259944 -1.82197 5.37126e-13 -1.22447 -0.241835 -0.734022 -0.544213 0.633864 -0.366197 -0.568295 -0.408106 -0.528866 -0.939065 -0.316125 -0.35205 -0.346486 -3.1128 -1.25348 -0.567172 -1.1039 -0.8 0.434021 -0.8 -0.8 -1.26553 -0.599165 -0.8 -0.672793 -1.21823 0.00807723 -0.758903 -0.45244 -0.8 -0.632546 -0.382383 1.50617 -0.982921 2.23241 0.773047
-0.8 -0.8 -0.786717 -0.8 -0.658716 -0.904251 -0.904835 -0.134808 -1.87305 -1.22746 -0.385376 -1.16425 -4 -2.1893 -0.963369 2.25262 -4.11063 -7.2846 5.83678 6.51171 3.66282 4.92422 7.44544 7.31401 -0.8 -0.8 -0.638253 -0.715699 -0.710011 -0.62389 -0.910648 -0.714767 -0.582276 -0.732041 -1.39325 -0.353309 -0.624796 0.54811 -1.09409 -1.17597 -1.13625 -1.38175 -0.736754 -0.631582 -1.02564 -1.28069 -0.599629 -0.260532
-0.534486 -0.587191 -0.944684 -0.424115 -1.04698 -0.8 -0.770648 -1.42504 -1.17573 0.22826 -0.670659 -0.582386 0.179357 -0.312281 -1.7442 -2.26587 -3.53951 -2.14946 3.6414 6.97389 6.14267 6.58151 8.37611 7.29969 -0.8 -2.95948 -0.578029 -0.631625 -0.999696 -1.33299 -0.359779 -0.585559 -0.723979 -0.496243 -0.243213 -0.8 -0.726003 -0.959616 -0.904817 -1.23669 -0.671605 -0.646603 -0.735606 -0.59465 -0.614961 -1.09807 -1.06064 -0.402865
8.8 -0.8 -0.372252 -0.989752 -0.965665 -2.39323 -0.95992 -0.8 -0.8 -1.6 -1.30625 -1.00268 -0.766259 -0.8 -0.372085 -1.3319 -1.82982 -0.639374 -0.482536 -0.725099 -0.61929 -0.973516 -0.340915 -0.8 -1.06459 -0.8 -0.8 -0.552046 -0.0873897 -0.585981 -0.59524 -0.544436 -0.772141 -0.0249358 -0.503143 -0.637428 -0.8 -0.781313 -0.992065 -0.911002 -0.532348 -3.2 -0.591765 1.13703 -0.498362 -0.531145 -0.628 -0.375237
-1.05009 -1.21296 -1.40131 -0.170461 -0.561254 -1.57679 -0.582555 -0.8 -1.109 -0.971348 -0.966823 -1.20881 -0.950478 -0.684395 -0.980076 -0.644608 -0.560174 -0.603623 -0.996862 -0.928147 -0.8 -0.753841 -0.606053 -0.761376 -0.596746 -0.55292 -0.769754 -0.625575 -0.774563 -0.589746 -0.0157405 0.898798 -0.539813 -0.179646 -0.8 -0.621909 -0.249555 -0.451798 -0.8 -1.24083 -0.484262 0.8 -0.71337 -0.920489 -0.671239 -0.405545 -0.548023 -0.371491
-5.48407 -6.92 -9.36087 -9.41296 -5.81847 -7.72755 -2.26243 -1.6 -1.19015 -1.84453 -1.80622 -0.46955 -1.33409 -0.8 -1.1743 -0.268209 -0.513249 -0.768421 -0.300957 -0.733261 -0.510064 -0.622957 -0.439827 -0.185372 -0.537226 -0.569938 -0.8 -1.6 -0.730853 -0.637161 -0.8 -1.6 -1.01291 -1.1441 -0.414055 -1.10357 -0.8 -1.00167 -1.21244 -1.08068 -0.934602 -1.39144 -1.49367 -0.991262 -0.905341 -1.57663 -0.247787 -0.67604
-2.33294 -6.22358 -9.75528 -6.86063 -10.4049 -6.10791 -0.531369 0.135777 -3.16237 -3.01281 -0.459279 -1.7809 -2.47666 -0.754456 -0.421853 -0.697925 -0.47281 -0.590742 -0.544061 -1.6 -0.298703 -0.416076 2.95319e-14 -0.258821 -0.658889 -0.8 -1.24263 -0.576405 -0.8 -0.8 -1.3797 -0.607402 -1.02193 -1.50976 -0.8 -1.08225 -0.736648 -1.25922 -1.18825 -0.913129 -0.436235 -1.43494 -1.14108 -1.27801 -2.77597 -1.07933 -1.86279 -0.57769
-0.665622 6.43929e-13 -0.8 -1.20702 -1.6 -2.31532 -1.09926 -2.18879 -1.96512 -1.3713 -0.75566 -0.599288 -0.540519 -2.68134 0.87993 -0.658189 -0.380779 -0.490013 -0.952944 -0.252634 -0.132332 -0.213675 -0.132461 -0.251068 -0.275846 -1.42784 -0.623415 -0.621485 -0.451862 -0.663232 -0.285158 -0.24993 -0.8 -0.91904 -0.628509 -0.468223 -1.50301 -2.45328 -0.645077 -1.00363 -1.01336 -1.37207 -0.547304 -0.903316 -1.49081 -0.320089 -0.241832 -0.241343
0.749685 -1.02384 -0.999132 -1.38706 -1.79785 -2.25389 10.1605 -0.359305 -1.47495 6.93014 -1.43519 -0.650948 0.0348316 -0.503269 -0.675688 -0.606618 -1.00818 -0.285987 -0.642798 -0.8 -0.233695 -0.243368 -0.27062 -0.250841 -0.3899 -0.8 -0.604216 -0.595476 -1.04873 -1.88065 -0.186054 -0.460056 6.35048e-14 -0.495985 -0.600337 -0.557362 -0.8 -2.3652 -2.21075 -1.03514 -0.987693 -1.00024 -0.603072 -1.00947 -0.124312 -0.679696 -0.413085 -0.431234
-1.42064 -0.343519 -1.41363 -0.929953 0.942164 -1.87711 -1.03549 -0.986971 -1.0554 -1.28978 -0.946195 -1.23981 -0.458819 -0.588881 -0.442187 -0.762554 -2.63668 -0.544427 -0.19295 -1.15175 -0.612104 -0.513196 -0.225703 -0.455464 -0.622776 -1.20947 -1.36108 -0.8 -0.729503 -0.8 -0.8 4.37428e-14 -0.8 -0.959068 -0.763184 -1.14928 -1.6 -1.38857 -4 -1.71318 -1.19694 -1.95557 -0.699234 -1.6 -0.5268 -1.08884 -1.07226 -0.225355
0.388938 -2.33923 -0.771845 -0.34626 -1.6 -1.2712 -1.6 -1.48068 -1.8312 -1.92893 -1.41379 -0.261484 -0.322051 -0.8 -1.41279 -0.426711 -1.53946 -0.661034 -0.622361 -0.646733 -0.591096 -0.736337 -0.192816 -0.391493 -0.668438 -0.599578 -0.68729 -0.631494 0.27143 -0.620516 -1.19899 -0.990417 -1.13979 -0.71644 -0.8 -1.6 -1.14875 -1.19503 -1.28954 -1.82761 -1.26141 -1.32592 -0.435266 -0.911808 -1.05287 -0.8 -1.13898 -0.484334
-0.639774 -2.24761 -1.474 -0.955598 -1.28342 0.515192 -1.16663 -1.11626 -1.17111 -1.37301 -1.95436 -0.685021 -1.38585 -0.507147 -1.06275 -0.645911 -1.31718 -0.247389 -0.355708 -0.966023 -0.272648 -0.587924 -0.8 -0.486668 -1.88868 -1.01019 2.1228 -3.64437 -1.92328 -0.961069 -0.42468 -0.266262 -0.505114 -0.752339 -1.29441 -0.356505 -0.8 -0.773757 -0.569882 -0.317269 -0.625822 -1.03079 -1.038 -1.6 -0.535814 -0.772697 -0.308035 -1.36948
-1.53731 0.127943 -0.8 -1.14066 -2.14219 -2.38651 -1.91703 -2.09678 -2.37283 -1.16741 -1.22939 -0.574854 -0.518041 -0.635483 -0.667628 -1.28292 0.353965 -1.65369 -1.09282 -0.383028 -0.709433 -0.687806 -0.789596 -0.458647 -5.49206 -2.21122 -9.10736 -0.466555 0.8 1.19124 -0.43113 -0.677625 -1.02799 -0.233473 -0.998049 0.19307 -0.616244 -0.939063 -0.908785 -0.292673 -0.796326 -1.20505 -1.26407 -1.00918 -0.686282 0.187036 -0.738744 -0.0469046
-0.52371 -0.461976 -1.6 -1.6 -2.94327 -1.41235 0.436545 -0.762837 -0.25929 -1.22998 -0.55435 0.211463 -1.50306 -0.922229 -1.6 -0.607506 -0.922429 -0.887293 -0.22091 -0.75364 -0.486609 -0.983141 -1.10746 -0.8 -0.236594 -0.629014 -3.97728 -1.21152 -1.25437 -1.00925 -0.8 -1.02813 -0.786344 -0.472881 -0.485215 -0.65386 -1.24115 -1.14139 -1.26364 -1.20065 -1.1331 -1.53854 -1.24417 -1.66052 -0.8 -1.0246 -1.6 -1.02987
-0.511791 -1.6 -2.03074 -1.07976 0.8 -1.48755 -0.955408 -1.64486 -7.8004 -0.930968 -0.8 -5.07197 -0.712787 -0.690158 -1.29158 -1.43322 -1.02189 -1.46721 -0.872247 -0.986364 -0.621446 -1.10649 -0.790401 -1.38795 -1.6 -0.514185 -0.64695 0.00220604 -0.8 -0.69409 -0.8 -0.905252 -0.60676 -0.782662 -0.712362 -0.8 -0.937053 -1.30315 -1.32827 -1.34489 -0.941638 -1.71035 -1.35746 -1.34649 -0.8 -1.38517 -1.20101 -1.54554
0.331052 -1.00479 0.698551 1.92005 -9.6 0.521714 1.14026 -0.704595 -0.583857 -0.761814 0.0748409 3.59712e-14 -1.17933 -0.792901 -1.08909 4.85523 -0.941743 -0.734972 -1.05193 -1.69906 -0.512617 -1.49195 -0.734098 -0.651415 -1.36918 -0.752089 -0.674039 -0.8 -0.762326 -0.8 -0.964818 -0.605582 -0.579829 -0.906563 -0.219041 -1.25773 -1.05957 -0.664281 -0.910689 -7.14372 -0.48948 -0.964792 -3.27598 -0.8 -0.979604 -0.418456 -1.50358 -0.324775
0.628657 0.527245 0.8 -0.693367 0.811592 -0.131594 -1.07715 -0.744402 -0.794771 -0.616791 -1.20935 -0.8 -0.790894 -1.5903 -1.8548 -1.07999 -0.901257 -0.89324 -0.930526 -0.503571 -1.03293 -0.8 -0.729287 2.16402 -0.702381 -0.778272 -0.648956 -0.745084 -0.49399 -0.671328 -0.8 -0.707717 -0.920523 -0.765358 -0.360502 -0.373645 -0.718608 -0.974801 -0.88756 -1.19712 -1.34337 -1.08442 -1.23922 -1.22862 -0.789165 -0.302888 -1.1599 0.399976
-0.62091 -0.553376 -0.578738 -0.761352 -1.38028 -0.254361 -1.38562 -1.79254 -0.618103 -0.686381 -0.29411 -0.756862 -1.35797 -0.969139 -0.684119 -1.35126 -1.02077 -1.00775 -0.755392 -1.50743 -0.517697 -0.617947 3.23811 -16 -0.67729 -0.563791 -0.8 -1.59653 -1.33892 -0.924791 -0.8 -1.06997 -2.56405 -0.8 -1.10064 -0.603042 -1.51578 -1.65351 -1.26014 -1.32655 -1.89844 -1.21631 -1.87272 -1.08879 -1.0488 -1.05044 -1.39181 -0.381249
-0.8 -1.93201 -0.612517 0.8 -1.00973 -1.15668 -1.05535 -0.585946 -0.774153 -0.924958 -0.241553 -0.8 -0.901145 -0.8 -0.8 7.80128 -0.908074 -1.37291 -1.19319 -0.723423 -0.735324 -1.01179 1.53301 -0.768437 -0.8 -1.99005 -1.20381 -0.710173 -0.701231 -1.39673 -1.13443 -0.791112 -1.81248 -1.3217 -0.791859 -1.4834 -1.1734 -1.6 -1.47599 -1.10537 -0.64404 -1.46601 -1.26629 -1.24818 -1.35608 -1.63716 -0.973077 -0.476136
-0.480612 -1.32262 -1.56028 -1.12409 -1.00383 -1.22657 -0.8 -0.905831 -0.528529 -1.12165 -0.77362 -0.66235 -0.79224 -0.878032 -0.8 -1.534 -1.42807 -2.1535 -1.16729 -0.953459 -1.10348 -1.27983 -0.932756 -0.44851 -0.47458 -0.934712 -0.245988 -0.8 -1.84796 -1.85456 -1.6 -2.10115 -1.20468 -0.8 -1.57666 -0.729635 -1.85089 -1.61303 -1.76503 -1.79972 -3.64064 -1.95785 -1.4113 -2.08044 -1.43918 -1.65708 -1.01352 -1.33649
-1.26509 -1.77422 -2.80952 -1.6 -2.0141 -1.3013 -2.84205 -0.659325 -0.264016 -0.476728 -0.419551 -0.293907 -2.34502 -0.736181 -1.20518 -0.911167 -2.37575 -0.792342 -0.88304 -1.55795 -1.17508 -0.668483 -1.35824 -0.8 -0.981751 -1.22072 -0.758568 -0.44395 -0.998777 -2.59511 -1.40971 -0.14579 -3.49934 -1.8496 -1.79731 -1.6 -1.8239 -1.70664 -1.9122 -1.9506 -1.93831 1.80256 -2.09409 -1.78553 -1.28815 -1.89594 -1.70218 -0.853571
1.33227e-15 -0.527163 -2.00449 0.444103 -0.8 -0.8 0.0106702 -1.76342 -0.995239 0.231519 -1.82022 1.55408 -0.632129 -0.676863 -1.3441 -0.663272 -2.05303 0.134153 -0.585626 -0.788078 -1.20186 -1.0644 -0.405857 -0.229912 -1.3984 -0.8 -0.693196 -0.745352 -1.22667 -1.5624 -0.701311 -1.1194 -0.552049 -0.915623 -0.628613 -1.0004 -0.761966 -0.580274 -1.23939 -1.94366 -1.52759 0 -0.888 -2.08022 -0.94266 -1.40171 -0.910602 -1.01794
-1.37933 -1.93057 -1.53104 -1.08824 -1.2806 -1.42887 -0.8 -1.43391 2.25153e-13 -0.196873 -0.128762 -0.8 -0.426809 -0.284404 -1.05163 -1.45627 -1.19839 -1.6 -1.42706 -1.0079 -0.76702 -1.10994 -0.746867 -0.701869 -0.606642 3.2 -0.921051 0.797478 -0.744449 -0.494405 -0.714886 -0.933552 -1.2451 -0.721175 0.0268953 1.64148 -0.655819 0 -1.24516 -2.10277 -1.0634 -1.83269 -1.74049 -1.46655 -1.13086 -1.42343 -1.04593 -2.08815
-1.34591 -1.17197 -2.14156 -1.37688 -1.87648 -2.88429 -2.06353 -1.02362 -1.46133 -2.55012 -1.45815 -0.8 -5.01693 -1.01537 -1.00728 -1.76922 -1.816 -1.47023 -1.51155 -0.249266 -2.47749 -1.65782 -0.711831 -1.24555 -0.789412 -1.18333 -2.20064 -0.905454 -1.2341 -1.22778 -0.922573 -1.05872 -1.07106 -0.925763 -0.665211 -0.8 -2.45051 -2.24504 -1.52078 -2.37701 -2.56912 -2.36244 -2.78224 -2.88242 -2.16034 -1.86011 -2.02483 -1.98354
-1.31664 -2.37562 -1.15252 -2.04031 -1.98806 -3.49812 -1.88815 -2.13462 -2.53777 -1.32823 -0.8 0.305156 -1.14671 -0.960615 -1.19643 -0.76499 -0.287335 -0.638218 -1.07991 -1.6 -2.92235 -1.00859 -1.55801 -1.15512 -1.27778 -0.8 -1.03147 -1.17912 -1.13138 -1.18798 -0.571828 -1.01968 -1.20489 -1.032 -1.53215 -0.79451 -2.35889 -1.33737 -1.97409 -1.35374 -1.94795 -2.18405 -3.17431 -2.83921 -1.54026 -1.94199 -2.01753 -1.47614
-0.8 -1.98929 -0.8 -0.981214 -0.967734 -1.07558 -1.18433 -0.75649 -1.43889 -0.8 -0.8 -0.466582 0 9.76935 4.67146 2.94839 4.8 3.48015 -1.4498 -1.07764 -0.91028 -1.23025 -0.705957 -1.42402 -0.772027 -1.25131 -1.08773 -1.53359 -1.01654 -0.973808 -0.723382 -1.6 -0.631106 -0.60351 -0.74909 -0.8 0 0 0 0 0 0 -0.981042 -0.58672 -0.744983 -1.00039 -0.344306 -1.86984
-1.18658 -0.8 -1.37 1.74112 -2.35411 -1.6 -0.943703 0 0.690584 -0.70219 -1.12177 -1.95471 3.2 3.8763 3.67945 3.2 20.345 3.61652 -1.29718 -1.11005 -1.90801 -0.642438 -0.487468 -0.249099 -0.551911 -1.3979 -2.19802 -0.8 -0.694535 -0.978902 -1.73926 -1.30722 0.51376 -1.21587 -1.28388 -1.17189 0 0 0 0 0 0 -0.668475 -0.8 -5.89671 -2.59962 -0.62058 -0.736328
6.49073 -0.758386 -0.549162 -0.941333 -2.15159 -1.20894 -1.20746 0.03153 -0.753749 -0.780922 -0.729791 -0.609074 -1.15343 -1.3399 -2.93978 -1.41714 -0.87645 -1.16644 -0.509709 -0.491963 -0.8 -0.8 -0.27382 -0.419163 -1.03161 -0.641492 -1.15049 -1.6 -0.969908 -2.14924 -0.939463 -1.20483 -0.792775 -1.39427 -0.620115 -0.8 -0.661842 -1.48647 -1.47389 -2.30828 -1.0158 -2.04473 -1.45365 -1.6 0.340348 -1.6 -0.913482 0.563311
-8.84024 -2.5514 0.562255 -0.467104 -1.76516 -1.6 -0.596969 -1.20358 -1.07802 -1.5063 -0.704211 0.614832 -1.54998 0.476164 -1.16441 -1.1163 -1.77109 -0.683345 -0.776419 -0.731608 -1.13224 -1.23961 -1.01956 -0.501502 -0.8 -1.12872 -0.677108 -1.53216 -1.35087 -1.26643 -1.4019 -1.03703 -1.04858 -0.878137 -0.976101 -0.741401 -1.46477 -1.04712 -1.8021 -1.48388 -1.95943 -2.23841 -1.86415 -1.6 -2.70234 -1.82414 -0.986375 -0.659123
-0.8 -0.923477 -1.51326 -2.21275 -1.77402 -1.07678 -1.42414 -1.04082 1.19681 -0.4215 -0.390858 -1.77924 -1.25796 -1.26587 -1.38553 -1.03051 -0.379983 -1.89666 -0.409434 -0.460724 0.145697 -0.437912 -0.507731 -0.778535 -1.31728 -0.8 -1.5326 -1.19086 -1.22272 -1.00064 -0.371435 -1.39856 -0.501769 -1.74812 -0.619786 -1.02792 -1.19881 0.26959 -1.98274 -1.6 -1.44306 -0.311807 -1.09462 -1.4891 -0.8 -1.24096 -0.523794 -1.86593
-1.57015 -1.11695 -1.04243 -0.725416 -3.30771 -0.699949 -1.01916 -1.20325 -1.02041 -1.19607 -0.948291 -0.53892 -1.31448 -0.649013 -1.13431 -0.449116 -0.772603 -0.807302 3.35731e-13 -1.0474 -0.419395 0.620193 -0.508201 -0.387861 -1.50624 -1.43425 -1.50135 -1.86131 -1.31394 -2.02313 -1.44296 -1.20348 -0.95648 -1.6 -1.36763 -0.94674 -1.45619 -2.03581 -1.50169 -0.469236 -1.18624 -1.29698 0 -1.27377 -1.42355 -1.45587 -0.963595 -1.6
-1.42157 0.969676 -2.81263 -1.76156 -1.41815 -1.29514 -2.2288 -0.8 -2.09175 -1.09962 -1.16718 -1.19892 -1.20721 -1.30337 -0.900789 -1.36129 -1.59319 -1.39551 -1.57304 -1.23556 -1.05042 -1.39138 -0.751274 -1.6 -16.3478 -17.8786 -14.9993 -12.8327 -15.2 -13.444 0.254683 0.884003 -3.82607 -4.46612 -2.73213 0.526107 -1.76584 -0.978402 -1.22103 -1.54479 -0.664653 -1.46517 2.60836 0.997594 2.37706 1.95437 2.77236 -2.8783
-0.743548 -1.90671 -2.33964 -2.08042 -1.35968 -2.27208 -1.90053 -0.8 -1.47833 -1.97835 -0.614377 -0.495936 -0.547481 -1.33671 -1.29187 -1.18892 -1.12068 -1.12031 -1.03737 -1.82903 -1.35706 -1.25235 -1.31551 -1.12145 -11.6877 -15.171 -15.0256 -12.8131 -16.9954 -12.5256 0.235669 0.0284978 -2.23314 -3.19276 -0.412567 -1.6 -1.08643 -3.89875 -1.59186 -1.4491 -1.9262 -1.0612 0 -0.201522 1.95998 2.23292 1.98443 2.41443
-1.38037 -3.18163 -1.25853 -1.48646 -1.09722 -1.18237 -1.2363 -1.00656 -1.6 -1.11719 -1.16458 0.389105 -1.93008 -1.88259 -1.47825 2.36595 -0.858428 -1.6 0 -0.969821 -1.43937 -1.3486 -1.28703 -1.6 -2.07 -0.952233 -1.4778 -0.659198 -1.95772 -1.29578 -2.36529 -3.41496 -1.02859 -0.910752 -0.726354 -1.6 5.28466e-14 -1.38131 -4.47655 -3.26614 -0.913851 -0.993556 -1.10895 -0.669648 -0.624091 0.40917 0.0429622 -0.709512
-1.91721 -1.37046 -3.08412 -1.31393 -0.8 -1.08504 -0.768369 0.192214 -0.0791458 -1.82447 -0.93187 -1.34222 -1.36959 -1.21319 -2.7959 -1.38099 -1.24933 -1.24598 -0.955411 -1.58147 -3.25612 -2.18264 -2.15831 -2.4 -1.46205 -1.4079 -1.14628 -1.30576 -2.09712 -1.14126 -2.00704 -0.63368 -1.3368 -1.36768 -0.776281 -1.30465 -0.8 -1.2293 -1.29341 -0.430013 -0.106297 -0.407966 -0.720313 -0.876116 -0.22525 -1.01594 -1.6 -0.727285
-1.57566 -2.37005 -2.4 -1.17736 -1.20924 -1.0379 -0.691984 -1.40231 -0.994968 -1.26613 -1.11092 -1.46004 -1.35573 -1.09347 -1.19573 -1.36991 -2.07233 -1.11234 -1.64783 -0.8 -1.72332 -1.79352 -2.56968 -3.65871 -1.35215 -0.456261 -0.155232 -0.753222 -1.6 -0.291777 -1.7764 -1.43719 -1.56845 -2.15955 -1.14097 -1.6 -1.83356 -2.04783 -0.984318 -1.6 -1.88124 -1.71126 -1.3932 -1.06813 -1.34796 -1.93304 -1.12524 -1.28215
-2.1092 -1.05208 -2.4 -1.89072 -0.8 -1.0523 -1.16821 -2.0971 -1.1634 -1.50588 -1.53886 -1.05232 -1.55065 -2.01198 -1.52391 -1.87113 -3.1956 -1.78229 -1.4993 -1.38388 -2.11996 -1.45214 -1.45032 -1.30598 -0.200923 1.51862 -0.60043 -0.744176 1.78943 -1.09016 -1.47575 -1.37813 -1.33171 -1.46889 -1.03049 -1.54724 -1.96783 -1.5745 -1.6 -1.93093 -2.14968 -1.94774 -2.76435 -1.88562 -1.49186 -1.44683 -1.86699 -1.6
-2.63947 -4.45343 -0.8 -1.09134 -3.19757 -1.14521 -7.86859 -7.52867 -10.4 -9.48675 -6.85359 -7.61978 -2.71451 -2.15864 -1.33529 -1.43504 -2.00401 -2.1296 -0.952189 -0.8 -0.61006 -2.16724 -0.659177 -1.76435 -2.65719 -1.25368 -1.6 -1.82658 -1.2277 -1.93067 -1.29653 -1.43017 -1.96618 -2.00954 -1.11628 -1.6 -1.6 -1.6 -3.01818 -1.89221 -2.63435 -1.99498 -1.36683 -1.17133 -1.23032 -1.48147 -2.02779 -1.36766
-2.4 -2.70286 -2.98883 -2.0178 -1.08594 -4.19876 -9.59084 -8.60403 -9.97773 -9.97207 -8.4912 -7.65432 -2.59913 -2.03271 -1.6 -1.96526 -1.6 -1.13364 -1.48649 -1.30882 -2.69525 -1.30455 -2.67118 -2.33107 -1.3428 -2.03747 -1.47073 -1.84261 -2.4 -2.10723 -3.03294 -2.00227 1.70974e-14 -1.09409 -0.600309 -0.741775 -1.5126 -1.6 -1.6 -1.6 -1.6 -1.91944 -2.31408 -1.18633 -1.19141 -1.53383 -1.15484 -1.39283
-1.33121 -1.39074 -1.34347 -2.77656 -1.33207 -2.09986 -2.79398 -3.07047 -3.56953 -2.10941 -1.30114 -1.87824 -1.79625 -1.23117 -1.22752 -0.954555 -1.72461 -1.5188 -3.06044 -2.01513 -2.97866 -0.909411 -0.8 -3.12782 -0.8 -1.54297 -1.90593 -1.17391 -1.39339 -1.0972 -0.471243 -0.673486 0.380982 -1.10392 -0.8 -0.789546 -1.56537 -1.54551 -1.53311 -1.84414 -1.403 -1.88183 -0.670716 -1.59506 -1.24239 -1.48148 -6.73197 2.89925
-1.6 -1.17517 -1.6 -4.41299 -3.04022 -1.46384 -1.9064 -1.6 -2.30077 -1.98113 -1.6 -2.11479 -1.4524 -1.89075 -1.6 -0.924982 -2.10659 -1.00416 -3.45232 -2.35422 -2.76552 -2.38765 -0.342462 0.98647 -0.8 -1.88552 -1.10258 -1.55973 -1.38559 -1.90254 -0.471048 -1.19248 -1.04451 -0.992171 -0.257195 -1.41488 5.6 -1.88765 -1.42649 -1.91768 -1.6 -0.703631 -1.50306 -1.01659 -1.9534 -1.90609 -1.22256 -5.54481
-1.23968 -2.31048 -2.80531 -1.23247 -0.55219 -1.96843 -1.38747 -1.28207 -1.09843 -2.19752 -1.31868 -0.551818 -0.645496 -1.35132 -2.02974 -4.78659 -2.25641 -1.08936 -1.77473 -2.26598 -1.96037 -2.09264 -2.29834 -1.82781 -1.84577 -2.14254 -2.75754 -1.6 -2.4 -1.18579 -1.97496 -1.86751 -2.0852 -2.36494 -2.17703 0.85211 -1.41763 -2.00205 -1.31853 -3.2 -1.4002 -1.00674 -1.57794 -1.8001 -1.25721 -0.358778 -1.97954 -1.6
-1.23688 -1.0892 -1.6 -1.6 -2.31657 -1.52798 -1.6 -1.53764 -2.06774 -1.77009 -1.6 -2.30476 0 -2.15032 -2.34334 -2.4 -1.80573 -1.51907 -1.33237 -1.31409 -1.34755 -1.58362 -1.89436 -4.72624 -1.6 -2.6674 -1.9884 -2.4 -2.80567 -3.34068 -1.6 -2.95235 -6.16881 -2.02776 0.805283 -1.53862 -1.32477 -1.46161 -1.33123 -2.11207 -2.14155 -1.72235 -1.90857 -2.28647 -1.58156 -2.4 -1.4842 -1.79468
-2.4 -2.13152 -1.43111 -1.38302 -1.98031 -2.82968 -1.6 -1.27449 -2.72743 -1.59428 -1.08304 -1.39575 -2.20024 -1.52112 -1.57793 -2.4 -1.45887 -1.79832 -2.49459 -1.53761 -2.71779 -2.68308 -1.54829 -1.95141 -1.9261 -2.36176 1.8848 0.0502773 0.305093 0.970111 7.28621 5.40222 6.66283 5.66588 5.2643 6.76822 -2.044 -0.980594 -1.6 -1.6 -1.6 -1.24447 -1.6 -0.0618532 -1.24904 -1.6 -1.6 -3.12108
-0.421086 -1.6 -3.38671 -1.24055 -2.33583 -3.46621 -1.47407 -2.0792 -1.45074 -1.22818 -1.2203 -1.30947 -1.52519 -1.90775 -1.59288 -2.14798 -1.95835 -2.84455 -1.42713 -1.6 -2.4 -2.17026 -2.16886 -1.32922 -1.93092 -2.53043 -3.03647 -1.41663 -0.615228 0.422244 17.8049 0 4.37311 5.1565 2.5831 4.47692 -1.4811 -1.87302 -2.18593 -1.8761 -1.49843 -3.2 -3.19264 2.0185 -1.96654 -1.83127 -1.49351 -4
-1.00953 -1.43365 -2.08142 -2.08125 -2.5733 0.41932 -1.08706 -2.69936 -1.74805 1.11654 -1.01857 -0.331203 -5.61799 -2.24319 -2.54366 0 -2.35186 -1.01351 -1.95028 -1.6 -1.6 -1.22173 -1.30042 -1.57456 -0.773212 -0.531754 -1.29083 -1.18014 -1.38059 -2.28767 -0.572565 -1.98145 -1.50501 -0.982134 -0.576563 -1.32498 -7.15908 -7.30752 -5.82555 -5.0267 -7.13854 -4.9249 -2.03434 -5.6 -4.24569 -7.689 -8.03139 -5.90625
-2.08756 -1.82835 -0.8 -5.72525 -1.11743 -1.80295 -2.15038 -1.32581 -0.998036 -0.72453 -1.83299 -0.105346 -4.43155 -1.96511 -1.26301 -2.87699 -3.7902 -1.12521 -1.3343 -1.80289 -0.238543 -2.4 -2.17889 -1.1582 -1.29509 -2.06253 -0.921926 -0.632004 -1.99905 -2.36927 -2.4 -1.52921 -1.09213 -1.57797 -0.712739 -1.78628 -6.16153 -8.04628 -3.54517 -7.19738 -8.13612 -6.39674 -5.46859 -6.46832 -5.89812 -3.03553 11.3051 -6.4
-7.1757 -0.339577 -11.3214 -4 -5.49062 -5.31774 -8.73419 -6.69045 -7.50584 -7.90935 -7.2 -4.1778 -2.17117 -0.226562 -0.749969 -1.57421 -3.06996 -2.4031 -3.22312 -1.84923 -2.92019 -1.31903 -1.83266 -1.67824 4.74309e-12 -0.461626 -1.96407 -1.29326 -9.9437 -6.02642 0 0 0 0 0 0 -11.6196 -9.02719 -6.21285 -5.14846 -8.26503 -5.92604 -3.72155 1.05364 -3.3847 -4.60162 0 -0.646683
-9.40488 -2.03298 -3.09881 -1.24972 0 -7.04835 -7.31788 0 -3.90052 0 -7.03975 -6.3071 -0.9886 0 -0.617148 -1.87823 -2.67579 -2.49595 2.18896 -1.0491 -2.48106 -1.59458 -4.94614 -1.44712 -2.14185 8.32467e-12 -1.5439 0.518095 -5.7854 -5.79165 0 0 0 0 0 0 -8.22708 -9.23633 -6.06641 0 -8.31207 -6.06064 -1.8542 0 -1.92 -1.42668 1.13602 0.375286
0 0 0 0 0 0 0 0 0 0 0 0 0 0 0 0 0 0 0 0 0 0 0 0 0 0 0 0 0 0 0 0 0 0 0 0 0 0 0 0 0 0 0 0 0 0 0 0
