36 0 36 72 0 72
4.04195 2.10378 -1.2 19.8469 8.8 15.8934 6.09024 16.3834 5.2 4.4 6.92244 4.82813 6 19.7674 10.8 6.40034 9.6 9.2 8.4 10.6242 8.4 20 20.3996 10 3.97254 -1.02013 14.5142 10 9.70947 2 0.872275 -2.8 11.3765 10.6156 15.259 3.0538
5.69111 -0.603106 -3.6 -1.35852 20.3999 -4.8 6.17537 -2 4 20.3366 0.4 -1.40219e-09 0.4 19.6269 7.2 -1.03375 18 0.8 -2.8 20.4 -1.6 3.6 2.4 -2.4 12.214 11.9151 15.6248 17.0794 11.9836 11.896 12.6653 9.46648 13.7647 13.6 15.8042 9.91947
5.06595e-13 -2 -0.8 -0.4 18 7.1889 1.75428 20.4 -6.91411e-08 1.6 3.2 2.33357 -1.2 9.6 20.1602 15.8761 -4.8 -2.11472 20.4 20.3985 15.5997 2.12741 19.7976 1.33877 -0.043194 -4 -2.32078 -1.08923 -1.2 -2.8 3.46951 4.23963 17.2 20.4 -1.28706 5.85896
20.3998 1.2 0.311172 -2.8 -3.42794 1.2 3.74911 6.92342 7.2 20.189 16 -0.963702 2.78083 -1.28637 -1.16725 20.4 -1.0788 -2.716 20.3806 20.3999 -0.260713 -0.346553 19.7535 20.4 -1.91386 17.6 -1.94532 0.0243814 -1.61064 -4 16.0941 -2 10.8 -2.4 -0.8 -1.6
-2.8 -0.4 11.0726 19.8341 -4 -1.21472 -1.2 -4.4 -2.41401 -2.09648 -2.84237 -0.8 0.958304 -0.746833 -1.6 3.86196 2.39142 12.4024 4.22641 8.51874 20.3805 18.8 4 3.54782 15.3001 -0.203872 -2.70093 12 0.399999 10 1.57295 -1.2 -1.68337 1.51331 1.14846 6.4
-1.03281 -1.06509 6.98575 19.8577 0.0359814 -0.268109 6 -0.719064 13.8997 13.2 7.60131 -3.2 2.30058 1.22906 19.168 17.6 3.48329 -1.39804 20.3971 5.73955 7.14198 13.4609 -0.490734 2.03253 17.6 6.08651 18.4 -1.13379 -1.20517 2.4 20.3974 -0.565443 0.514325 4 1.2 0.4
-2 9.6 13.7733 -3.2 -1.2 -2.8 -1.6 2.8 -1.2 -3.2 3.2 -1.60139 4.22343 3.4425 -2.89771 -3.6 14 9.6 6.9114 -0.502526 4.73863 15.2 -1.2 0.0227705 15.2 -19.5963 -9.46582 -19.7823 -9.78553 17.2 20.4 20.4 20.4 20.4 20.4 20.4
4.8 18 -3.6 -4.4 -3.9181 -3.10174 1.22846 2.88894 -0.8 -0.8 18 0.777844 -0.27821 5.38371 12.7991 0.411566 10.0837 8.55796 4.86842 19.4685 12 7.6 8 20.369 -18.3227 -9.22969 -17.6 14.8 -18.7996 18.8065 0.884681 -10.45 20.4 20.4 20.3991 20.4
17.6 -2 3.6 -3.3524 4.8 -0.4 -1.6 20 0.4 6 0.8 18 -2.32274 19.7894 1.21723 0.218049 0.423358 4.38976 19.9999 20.4 0.327535 14.6396 1.63763 0.516025 -1.89645 0.799999 -2.20277 -3.09782 1.21433 20.4 -1.7201 1.64974 1.54653 3.95614 0.563744 4.13001
-0.4 20.1036 -2.31423 -2.8 15.1113 7.6 2.8 20.4 20.4 -2.4 1.84842 -1.2 -3.72394 -4.36731 -0.98113 -2.23149 2.8 -0.405384 9.98244 -0.763019 8.44185 0.895401 6.36288 3.92333 20.4 -0.69852 -1.07599 -2.8 2.8 0.961913 0.696887 -1.45055 7.6 2.83566 1.11316 -0.782885
7.2 2.42292 -4 11.8043 -1.2338 -2.58966 1.70874 19.8925 4.8 11.2281 16.4 3.2 -2.92582 20.4 4.80781 7.98494 8.04298 15.9698 -7.6 -7.84329 -6.59764 20.4 3.4735 -12.075 4.08227 20.2894 -0.808236 -3.2 3.6 4.80891 2.94567 20.3997 0.365621 9.62951 4.99039 0.4
-0.8 19.0825 19.2139 -2 -4.26116 -2 6.36143 4.8 2.4 19.4412 4.9383 2.4 3.38328 1.59229 5.74765 11.2 13.2 7.72685 -5.86994 -13.1962 -5.2 18.4 6.31922 -1.89396 0.88829 9.72134 2.4 8.53897 17.2 2.40498 19.6506 7.2856 5.75366 4.44728 5.87619 -1.2
-0.888793 2.00967 1.65461 20.3999 -0.818176 -2.56546 11.6 3.11818 -1.96231 20.4 0.821236 2.57247 4.75572 18.8 12.5897 18 9.6 -1.09122 8.4 0.507242 1.20998 4.04596 3.2837 6.8 0 0 0 0 0 0 6.94063 10.5188 10.5883 8.71449 11.2895 8.95881
-2.68177 -1.38783 20.4 9.59921 -3.49057 7.2 20.4 17.6 1.37804 0.0337149 2.09295 0.8 20.4 4.4 -3.95234e-11 -2.23498 20.4 20.4 20.3016 2.18453 7.10741 0.0875022 2.47768 -0.382035 0 0 0 0 0 0 10.4517 20.4 6.4 12.488 13.2803 10.7353
20.3999 -2.8 -2.47144 -3.50186 0.800001 -1.66567 0.430443 -1.58452 2.52932 6.73425 5.44022 7.43514 -0.198643 20.4 20.4 20.4 3.60792 -1.2 5.50174 19.6 -0.543805 20.4 20.4 20.4 0.782468 6.7112 6.97036 -3.2 -3.10049 -0.522088 1.53443 7.76481 -1.71787 2.1669 1.79538 -0.4
-0.8 -1.89753 -2.76145 -2.99363 20.4 2.4 0.519446 3.48281 20.4 20.4 0.681261 20.4 -1.99652 -0.989495 19.2 4.29954 6.04733 6.45698 8.55888 13.3564 12.3271 20.4 5.98165 3.49518 -0.165631 0.538334 20.2064 1.14501 -1.17942 0.360813 -1.19476 -0.960129 -0.146924 20.4 0.995066 9.19995
17.2 -2.77679 -4.37102 -2.66977 20.4 -0.723911 1.71363 15.5818 0.538324 9.84669 -0.202828 0.879379 -4.55464 -5.27363 20.4 -1.40211 -0.877343 3.6 3.38174 14.7988 -1.2 0.202842 6.40948 2.4 1.90933 0.851817 2.15051 -1.95277 -3.46031 -0.688781 3.76621 -0.291865 8.399 8.57803 -2.55314 -14.1208
10.8 2 1.22995 -0.688581 11.097 0.391134 3.53513 3.30456 1.444 2.26532 -0.462149 3.11651 2.29976 -4.17008 -3.12064 -2.4 -3.05883 -3.93123 14.7 1.2 -3.76071 0.134747 20.4 0.966606 1.62925 -2.67463 -2.79706 20.1021 3.49114 -0.680677 5.03344 -2.29883 19.0501 18.7498 -2.1093 -2.69959
4.4 -3.20322 -3.2 -5.19076 3.77597 0.400063 12.1437 2.25472 0.344967 1.64815 0.400001 0.561325 5.5065 -1.89693 10.4 20.4 20.4 -2.04847 19.6 19.9375 14.9349 20.3886 12.1868 0.193597 -0.781886 19.8155 3.78297 9.62299 -1.70329 -3.05452 20.3726 1.2 -2.29667 -3.27162 20.4 20.4
6.39987 0.515368 -4.7685 -3.39816 1.52637 20.2097 20.3998 1.75641 18.8 2.15429 20.2752 20.0096 0.724224 6.24575 20.4 20.4 -3.12231 19.7753 7.6 20.0119 20.4 1.09756 7.56284 -0.262831 0.455931 7.2 11.1843 -2.1998 -1.55536 -3.01694 1.2 14.4 -1.8484 -1.125 0.529806 20.4
20.3995 5.6 1.28366 20.4 -0.232492 0.0196999 15.2 0.64929 -2.32752 4.4 2.5929 2.8 11.2 20.4 19.2 -0.88344 20.1667 3.2 3.92852 7.13517 -0.77324 9.35334 5.50319 2.4 -2.89414 -2.03791 20.4 -1.23352 0.4 -3.48793 -0.930681 12.3649 -1.51151 3.1073 -0.875463 1.6
-2.36884 -1.06966 -1.30495 -2 2.69155 4.66075 20.4 -0.4 2.45736 2.16963 20.4 20.4 0.45909 -6.88069e-07 1.92527 7.10536 20.4 20.4 20.4 2 4.33151 12 20.4 20.4 -3.18056 -2.36315 -1.6 1.44748 10.167 20.3984 -1.78878 -3.94493 20.3887 -1.29471 14 18.4
20.3318 1.99993 -0.775455 3.28748 1.29608 -2.0051 13.1258 0.618657 1.9123 16.6091 0.957848 19.3802 -2.8 20.3996 -4 13.2001 16.4 -2.4 2.23107 16.8 20.4 20.377 3.59489 8.79999 -3.83076 1.9018 -4.31137 5.93764 -1.44808 -3.08255 -0.205053 -1.03602 1.66777 0.147092 2.7052 4.23042
20.4 5.46096 3.62988 1.4151 -0.441947 -1.4474 5.13365 14.8072 0.777181 3.6 0.46031 11.9924 -0.0698658 -1.22921e-07 20.3999 20.4 -2.75666 20.4 1.9742 2.46239 10.4 20.4 1.93656 -0.8 -2.63465 -4.21948 1.80217 -2.79781 20.4 1.23943 1.24517 3.58578 -0.298879 20.4 4.66507 3.28027
20.3999 4 13.2 20.4 -2.24228 -1.36207 2.8 -3.84671e-10 20.399 20.4 3.53093 1.6 -3.84474 -2.74255 -4 0.501661 9.74576 20.4 1.73817 6 2.06575 20.3998 9.79339 8 4.43769 16.8416 20.4 -0.86751 -3.46578 20.3999 3.01582 20.4 -0.960726 20.4 0.621794 3.11834
-17.9126 -1.2 20.4 1.6 20.4 -3.67274 7.2 -3.20001 20.3995 20.4 3.85626 5.64784 -3.46492 20.4 -3.63821 3.86044 16.4 20.4 6.00091 -3.11313 20.3898 -2.52518 9.83605 3.81032 12.1265 18.8 -2.4 -0.697149 1.48666 -1.51047 19.3334 6.4 20.4 -1.12676 1.21575 -1.2
2.8 -4.4 9.15144 -1.94591 -2.4 -0.8 20.4 2.40268 -2.58573e-11 5.2 4.16501 2.97802 4.74596 20.4 -0.182732 1.2 14.4 -1.2 -1.72897e-09 20.4 -1.50415e-08 1.11945 4.43637 8.75404 0.223192 0.337234 1.2 -1.88434 -3.43972 -2.4 20.3998 4.4 1.80716 20.3998 2.64818 2.82661
-2 0.445618 19.2503 0.838949 -2.31076 -0.444658 20.4 20.4 6.35668 4.13809 5.6845 4.4 -1.0945 5.23196 4.4 9.40631 2.69422 12.3807 20.4 4 8.99211 7.19737 7.78991 10.4 20.4 20.4 -0.177377 16 1.55637 -0.843538 20.2418 3.65805 -2.17401 19.9797 1.81902 1.16377
-0.82174 -3.53206 4.09467 3.6 4.05354 20.4 -0.8 18.4 0.4 0.4 -1.80375e-06 -8.75137e-08 -2.23164 12.4213 0.727458 -1.37998 0.423183 7.06926 0.395401 3.76718 4.82049 13.4609 19.9109 1.2615 -3.5575 -1.50765 -2 -3.53653 16.8 -1.46963 -4.04565 -2.4 8.01685 3.40519 0.511577 -0.5825
-0.4 -0.493049 -0.400001 -2.4 20.4 20.3985 19.7568 -0.872021 2.20497 2.74552 0.373564 -2.8 20.4 -1.11131 2.93619 -0.147492 -0.4 17.6 3.69536 7.8595 -0.000907587 5.46171 1.2221 1.7791 7.22896 -3.15677 -0.295135 -0.567543 4.33823 1.96238 20.4 -0.82405 6.03677 4.61754 -1.86382 -0.56907
-0.849559 -3.67638 -2.94242 -3.19334 -1.2 -1.26908 1.36058 4.4 4.68045 20.4 2.21662 2.29299 20.4 20.4 20.4 17.0814 7.48293 20.3991 7.52441 0.174049 3.10907 3.52859 10.8237 11.3815 20.0785 17.7876 0.808607 2.06934 -5.57808 0.723681 -0.454832 -1.42413 20.4 20.4 -4.50617e-13 -1.73611
5.98336 1.18039 -1.95375 3.94771 -0.4 -2.8 3.92608 4.22029 1.06813 1.27381 3.72945 2.1884 20.4 20.3914 20.4 20.4 19.7331 19.3045 4.8 2.63123 7.07951 4.90303 6.33511 8.14852 -2.54412 -2.03893 -3.6 13.6 20.4 -0.375141 20.3573 -6 14.1529 0.888504 20.4 3.2
-1.36268 20.4 -1.70521 -3.2 -1.11874 0.049619 1.75002 15.5975 0.872265 5.6 1.79782 2.82029 -1.9821 -2.47302 3.17114 -1.54003 15.3179 -0.8 8.4 4 -0.53288 16.9459 -12.869 6.08354 0.753623 -1.80313 1.68237 -2.67015 -3.97947 9.12048 20.3158 -1.81853 -2 10.4 -0.219662 2
0.8 -0.871581 -0.344595 3.56035 2.81665 2.85425 2.69845 1.59144 18.8618 4.54324 0.167013 0.614076 -1.6 -3.03766 1.86123 -1.6 19.7313 0.8 1.32601 1.02425 7.2 18.8 20.396 1.6 -5.07566 -3.5158 -1.59653 2.58242 0.286568 -1.2 2.5043 -1.91765 -0.0100501 -1.77193 -1.11725 3.2
20.3806 1.59361 -1.60789 -0.909267 10.7267 -2.21548 -1.56829 7.30264 20.3644 20.4 1.62567 8 -3.0488 -3.2 -3.71468 6.78482 4.18957 3.82121 0.4 10.6086 2.8 20.4 1.44995 4.13695 -2.58358 15.2921 2.8 0.635806 0.0881394 0.799702 -1.28064 20.2087 0.438145 4.39951 -0.529953 6.22723
5.51851 3.43939 2.43455 -0.0587042 20.4 18 4.78731 20.2475 5.63399 4.4 3.56874 4.8 -0.8 2.5731 5.6 18 0.8 19.8348 14 12.4 18.4 20.4 1.1764 4.39157 -1.13148 6.22523 -1.36467 -1.33106 17.0276 20.4 20.3698 5.17835 0.0902258 6.56723 -0.550917 5.42986
20.3999 20.1518 -0.751506 5.8809 20.2554 8.3037 0.14215 8.97893 0.784642 6.36796 3.11263 5.2 2.9592 1.77091 13.1511 -4.19656 20.4 3.00522 8.26116 9.25366 5.20434 -0.242263 0.943295 2.37583 20.4 -10.669 -3.59427 2.87607 12.1183 2.19573 1.45368 4.80522 -0.403288 -1.2 2.63424 1.29362
16.6239 16.2453 6.25411 -6.28466 7.42521 11.7043 0.554701 15.5398 2.78944 3.05239 8.40192 4.06281 6.40646 2.07074 -4.10771 -4.6032 4.32698 -1.40389 -1.6531 -1.30093 7.02112 4.01663 20.4 1.63845 1.32893 -2.58672 3.69457 -2.33315 -3.35004 -1.28506 0.238634 -2.13587 2.43949 20.4 -0.4 1.2
16.3746 -3.6 0.747333 -0.8 1.78463 15.3822 20.4 7.71545 2.7311 -2.66942 18.3871 14.1921 13.3836 2.59739 -3.58947 -2.82044 1.58338 -2.85738 20.4 8.80601 20.3106 1.30964 2.12064 6.04136 0.819141 3.01906 -4.93178 3.31516 20.4 7.85038 0.0802116 -1.51775 3.02542 0.181415 2.72934 20.4
20.3981 9.92073 1.03546 -0.389807 -1.93615e-10 7.03923 2.81437 6.17338 3.2 4.99767 1.56526 5.45213 16.4 11.3548 2.63436 1.44363 -4.67505 -2.26425 -0.522795 -3.0014 -0.274183 20.4 0.735612 10.8 3.83573 -0.339187 13.364 -3.85956 19.0726 20.4 5.31069 -0.740029 0.480859 3.2929 0.130176 -0.186171
-3.60504 -4.4 -1.43442 0.324894 10.798 -1.69411 7.398 -0.632436 -0.159468 1.77847 6.27562 2.71907 -4.61287 -4.50814 0.172715 -6.25881 10.4021 -4.79417 -2.4 3.6841 13.6 4.00612 0.0660345 5.66213 6.34268 19.6946 -4.60483 -5.60092 7.32093 3.26123 7.83554 -0.293277 -1.5511 9.70413 19.7659 2.24895
2.7602 -5.34 -2 -2.4 0.0272252 -0.305647 11.5878 8.79286 3.4531 2.06462 6 5.2885 9.58665 -0.708075 3.76786 -6.07221 13.6 -0.752064 17.9713 -0.186364 11.6616 2 -0.0828871 0.990298 7.6 20.3999 -1.76108 -3.89609 20.4 0.386452 6.10303 2 10.8 1.64992 20.3999 0.0303209
-11.5985 -17.8898 2 0.4 2.09069 1.40083 1.23738 2.553 7.07372 20.4 1.25435 8.2707 20.4 -2.28697 -2.27716 2.89776 -2.75769 -2 -0.509363 1.97596 2.36749 1.90223 20.4 2.88303 2.12917 9.29448 -0.11647 -2.13904 16.8 5.09127 3.97056 7.61999 -0.0798421 3.7335 0.0811298 17.2
-2.37164 -5.37551 -1.04543 1.33752 2.61676 1.11602 6.79232 -0.896906 1.2 5.2 4.74825 6.08571 -1.74894 -0.249175 -5.34095 0.171336 -0.930281 -2.60391 20.3019 6.32439 8.99309 12.5438 17.2 4.65893 4.11925 20.4 1.6 20.3997 20.4 -0.798152 4.70661 0.388785 2.28281 2.85914 3.83482 5.14374
2 4.8 0.156115 10.7644 -0.762718 1.00349 8.54811 4 -0.731624 7.65828 -0.239786 2.03545 -1.62868 -3.6567 -2.44944 -2.92841 -0.0757287 3.86429 -1.6 -0.365609 0.244591 6.09803 0.309462 0.164167 20.3366 -0.715952 11.0764 0.759608 20.3992 18.4 0.311366 20.4 4.39535 20.1219 -0.282726 20.1886
6.46476 -7.56158 -1.2 4.23469 -1.60002 1.13228 14.5461 1.19907 10.9523 3.9098 0.399998 -1.07087 -4.4 -4.02977 -3.29216 -3.25878 20.3985 11.5584 0.928779 -1.69563 0.406621 10.8 4.21632 1.95324 20.4 0.49302 6.44367 20.2382 5.21008 18.7396 20.3998 1.81522 7.15651 1.4839 19.0223 2.4
8.01207 20.4 3.32743 0.164715 2.15533 6.07416 2.27105 12.3024 13.693 7.66009 11.8226 6.90614 5.47195 2.44 8.14311 -0.4 1.37883 0.161383 10.8676 18.889 7.6 5.85034 4.32424 3.36303 -3.2 8.84972 -2.89636 -1.52991 1.46459 19.6 7.16355 -0.658927 19.6 1.78811 20.3997 20.4
5.29043 18.598 17.2 8.60047 5.22319 16 15.6 5.32626 -3.60001 8.9008 10.9201 16 1.75841 5.3547 19.9209 -0.823674 17.2762 2.47136 20.2136 9.59275 7.2 6.97315 20.1408 19.2 -1.28633 -2.40419 -0.768055 20.4 20.4 17.9124 7.16735 20.4 1.0174 10 20.4 12
-1.6 -2.8 -0.4 2 20.4 -1.2 2.8 20.4 5.83067 5.07716 1.26043 -3.48411 2.16381 8.4 7.2 0.195004 -1.6 0.499221 -0.8 2.55872 2.46439 4.80881 4 5.61651 2.8 6 -0.712025 15.6946 -3.6 8.0555 19.2 10.8 2.91404 20.4 -3.17441 6.8
-4.01972 -0.815249 0.638785 -2.8 20.082 1.26714 1.09063 12.8 6.80586 5.24296 16.903 -3.86625 5.33405 3.5291 1.4155 0.215566 -0.594848 20.0856 2.9102 -0.4 1.62485 0.68362 3.6 13.8852 4.07122 -0.767061 20.3945 20.3005 5.372 -2.18376 6.86641 0.66535 18.8 19.6693 0.4 -1.93458
3.6 -1.55957 18 1.77149 5.01794 -0.0893389 2 20.4 14.695 -3.86327 19.3508 0.652562 1.2 -0.4 1.2 0.547133 -3.29314 17.7838 3.37979 1.13702 11.919 3.49831 10.8513 5.34516 -3.44806 1.11819 -1.42525 20.4 -4.97337 -2.78632 -3.3137 1.92068 -0.715332 2.81874 0.274476 19.0614
-1.6 0.698163 20.4 19.7738 -4.31385 -2.32884 6.8 0.384028 -2.67499 -1.80969 17.198 0.0895199 11.2 4.8 2 -2 0.362461 1.2 9.2 0.8 7.6 5.94157 3.6 2.12533 -3.50043 -4.42362 1.33036 4.31335 7.30322 0.752673 9.65547 2.54413 1.10191 -3.29187 -1.2 5.06531
-0.8 -3.20432 -1.33248 -3.37262 -2.25772 20.4 4.17431 -0.303562 13.2 20.3988 -1.48182 -1.08116 0.0386956 11.936 -1.26664 -2.30233 0.975156 1.2 1.57043 3.11072 1.41335 0.4 2 8.10826 -4.0143 -4.65094 -2.8 -1.6 20.2133 20.4 -0.971466 -1.96311 2.36437 -4.63543 5.41636 -3.04506
-3.1743 -1.83709 -1.20025 -3.2 20.3997 12.4359 1.4966 -3.2 2.59753 11.2 -0.978103 8.4 0.183085 10.8742 -1.13679 3.80729 -5.42114e-07 20.1659 0.0292781 4.52261 4.26831 2.87611 8.4 9.17829 13.1911 -4.4 -1.28131 -3.8383 6.4 17.2 14.6352 -1.497 -0.962587 5.80208 -2.45532 -2.8
1.78776 -1.63602 -0.414701 3.50979 0.4 0.639952 9.0898 0.4 3.12908 4.8 3.16183 1.84421 -4.8 5.6 19.9533 5.51757 3.82683 11.4518 2.93076 4.80972 1.98923 2.12373 2.4596 2.4411 20.152 -3.41253 -1.89874 5.91401 0.816955 20.2903 -2.0838 -4.73563 -0.814817 1.77383 14.7547 19.6
10.7234 -1.2 2.12451 3.38036 0.999255 20.3998 10.3044 -0.596286 -5.49649 2.30125 7.2 2 0.931124 7.90391 2.78092 0.378914 6.23906 -1.04278 13.3215 4.4 1.33163 2.8 3.6 5.6 19.821 -0.429377 0.616008 -0.460166 -1.30444 -3.2 3.3637 -1.11624e-07 -0.54425 2.12078 14.073 20.4
-1.35746 -2.45575 -2.8 -2.15179 -2 0.749165 -0.4 0.167105 -19.1218 19.1762 2.59004 4.58505 2 1.08904 1.57871 -1.22902 6.08398 20.3999 19.6 1.78682 4.69941 7.89983 3.06383 2.05864 3.61304 18.8 20.4 -4.7684 -5.76706 -3.07595 8.4 1.20766 18.4 11.2 6.4 5.2
2.20735 -2.43583 -1.76895 -1.71047 5.43804 -1.76537 1.11508 -2.22273 4.14984 2.76049 0.482858 -1.51105 7.47739 1.19011 6.4 0.4 -11.6 20.1696 17.1138 20.4 7.84388 4.76736 5.51855 2.37087 3.86981 -1.15708 9.19765 -2.2074 20.4 -3.59285 20.3391 -5.29052 5.26244 19.8322 10.7654 20.1252
11.2788 2.4 -17.6 -0.4 1.2 -1.87062 7.51588 9.10829 -7.25733 -4.17767 -0.240671 6.7125 -3.24219 -1.81144 0.622607 -2.49571 -2.06352 -2.46039 12.5082 3.63395 4.71679 8.40619 1.80545 7.12103 -1.6 16.4 -5.6 18.0621 12.4087 2.79999 20.3322 -4.92337 0.889095 3.19023 -0.743893 3.86777
0.4 5.62595 -18.996 0 11.7041 2.8 9.08223 1.73821 -0.999147 -3.02891 20.4 20.3996 -2 -0.225299 1.39394 0.254121 1.24053 1.92869 14.6166 4.03182 7.2508 4.29281 11.2 19.7694 -2.8 11.2752 -4.4 -2.8 -13.501 17.6 12.2138 0.4 0.378477 2.8 9.6315 3.76283
5.01269 0.8 6.49201 17.8097 11.2924 6.82324 1.30298 13.6267 0.584517 2.58832 9.33946 8.27493 -3.34112 -3.04907 -4.318 -3.47773 -5.5871 -4.06128 -2.8 9.53527 2.89764 0.305801 -0.413715 -0.544641 18.7133 16.5401 15.4715 14.2316 11.4366 13.8889 0 0 0 0 0 0
5.51179 -1.08968 12.0997 -0.563135 20.3999 2.95642 14.1818 2.83629 20.1045 -0.503271 0.122057 8.8 18 -1.44908 -1.73347 -5.09713 -0.900497 -3.81391 4.72052 7.70016 15.9109 18.8697 11.2563 0.64384 18.1913 15.1806 14.4582 14.061 16.5561 17.6291 0 0 0 0 0 0
-0.722128 4 0.653273 8.8 -1.38514 -2.16116 1.46582 20.3999 6.65604 -1.6 5.49168 9.22865 20.4 20.4 -1.04675 8.8 -3.72257 11.3284 -0.789992 15.9885 2.41098 1.80868 18.4 11.5369 0.8 -4.15352 -7.2 6.01965 -6.45444 -0.396189 14.2856 17.7836 14.3862 -6.54628 15.6513 19.3435
1.36645 14 -3.2 -2.8 -1.59682 2.73153 1.6 3.29971 1.21187 19.6 3.63045 20.4 -0.801554 20.4 0 -1.84672 3.68188 -3.2 20.4 -2.56942 -0.4 19.6062 0.196703 19.9498 2.13959 -3.90266 -10.8 -20 0.71926 -6.16164 17.6936 17.8483 20.4 20.4 17.2591 15.9633
-13.879 -12.4 -14.55 -15.3739 -13.2 3.6938 -5.20151 -7.5283 0.353782 -3.37189 -8.12829 0.517199 -6.08836 8.74889 13.0348 -4.66827 -5.61067 -5.6 -3.17255 20.4 -2.8 0 3.62117 1.57911 20.4 19.484 20.4 20.4 20.4 20.4 2.11707 11.1521 3.05807 6.6829 7.75607 12.4894
-12.7209 -9.58229 -15.1666 -11.0145 -12.3215 -16.7592 -8.02655 -6.25219 -3.78223 -4.80003 -8.8 -6.35757 -0.235894 -4.80449 2.11231e-12 -2.8 6.73587 9.16606 0.99392 -3.66536 6.95146 19.9803 -1.52548 -2.81385 20.4 20.4 20.4 20.4 20.4 20.3998 13.144 4.07212 3.38544 3.1061 8.85628 7.06318
20.4 20.4 -6.40956e-11 -0.881651 -2.4 -3.91686 -0.0607538 -2.25657 -0.00752875 -1.3564 -1.2 1.05107 0.693509 -0.608248 -3.5204 -4.71807 -1.89018 -4.78492 0.4 7.54791 -1.86917 -1.13843 -1.81442 -0.512329 18.135 10 13.6 14.3987 11.7361 12.8 6 5.58282 5.04083 9.6 4.44033 -1.18795
1.12915 17.6 20.4 -1.34071 -1.60564 -1.93756 2.0692 2.76469 10.0398 6.41294 -1.2 -1.6 19.2 10.4 -3.6 -3.48543 0.252295 -1.23262 8.52201 11.6177 -0.671645 -0.446236 -1.59307 6.05574 13.4339 12 14.4 9.6 10.38 18.2114 8.8 10.4 6.8 8.8 7.31873 7.6
-1.6 -3.2 -2.04847 -1.50043 -0.4 -2.05822e-12 20.4 2.8 2 20.3996 -1.01727 3.6 -3.31009 6.43738 10.875 17.7541 1.61152 11.7734 5.98289 -5.92124 -3.58629 9.5499 9.4213 1.99573 -0.4 -2.8 4 -0.8 8.23634 2.8 4.67218 -2.4 -0.8 -0.8 -0.802808 7.2
2.5521 -4 2.16036 -2.8 20.4 5.4396 13.6 1.2 12.4 9.6 9.41193 5.92036 10.4 -0.134859 9.91417 -4.38446 11.5355 8.31683 5.2 0.907552 -2.07037 0.592092 -1.56439 -0.851328 -1.34709 -2.4 -0.0270954 2.36926 6.06068 -0.4 3.15704 5.99726 -2.4 0.829443 0.0419832 14.0866
-2.56804e-08 -4.4 0.4 -2.8 6.90095 -3.2 -0.4 0.40171 12.4 2.51722 6 1.2 -6.4 -3.9315 14 18.4 -5.2 4.33946 18.5799 2 10.0305 0.0317035 7.99896 2.42987 -0.400002 2.09781 -5.2 0.84001 -3.70547 19.2 7.6 -2 0.8 5.75275 1.2 20.3994
13.8042 1.712 8.8 8.8 7.6 5.2 10.4514 2 1.2 2.33753 11.3617 12.4 4 6.00103 -3.56258 5.22142 14.0991 19.8594 19.4591 19.6 20.4 19.4499 19.9236 13.4287 20.4 6.8 2.67026 9.2 12.3864 20 17.6 15.2882 6.4 17.2 20.1349 14.3022
