10 0 10 96 0 96
0 0.0120617 0.00115904 -0.00064368 0.00427335 -0.0127296 0.0477262 0.00474847 0.00554149 0.621084
0 -0.227683 0.00114559 -0.0116134 0.000222705 -0.00974961 3.31368 0.00247109 0.0161989 -0.00037752
0 0.275 -0.00169606 -0.00408638 -0.000485142 0.00461999 0.000267643 0.0221296 0.0139562 -0.00645373
0.125 0.275 -0.00144938 -0.00249884 -0.000394644 -0.000635571 0.0041519 -0.00887484 0.00396317 -0.00593245
-0.00901984 0.136666 0.00266908 0 -0.00735053 -0.00719214 -0.00610167 0.00353846 0.0195036 0.0127266
-0.00706605 0.0417913 0.0523972 -0.00284123 -0.0060264 -0.0123404 -0.000732016 0.00247283 0.019652 0.0119503
0.00459718 1.475 -0.00443753 6.46885e-05 -0.0217112 -0.00762979 0.00278053 0.00179921 0.016325 0.0126959
0.0040056 0.909511 0.000672213 -0.000244835 0.000310028 0.95 0.000832046 -0.000148201 0.0129414 0.00394803
-2.12583e-06 0.0027902 0.00223332 -0.00276647 -0.00484144 -0.00354126 0.000946816 0 -0.0235979 0.0107718
0.00898983 0.000738545 -0.00758592 0.00184444 0.000486461 0.00968986 -0.00788972 0 -0.00443596 0.0278918
0.0156895 0.00284379 -0.00770534 -0.00264676 -0.00168746 -0.0101774 0.00238386 0 0.00906575 4.85
-0.000476221 0.000874089 -0.00808666 -0.00449184 -0.000669622 0.0198702 0.00290876 0 0.0291545 0.020065
0.000745782 -0.00140939 -0.00582955 -0.00342499 -0.00473201 0.022332 -0.0101669 0 0.153281 0.0101509
0.00731781 0.00793677 -0.00315637 -0.00546768 0.00602311 0.0145748 -0.0110216 0 0.000507697 0.147042
0.0118498 0.0113047 -0.00671275 0.0162569 0.00174169 0.050267 -0.0183002 0 1.925 0.00457196
0.00876105 0.00634308 -0.00312587 0.00597132 -0.00188311 0.0107221 0.0124124 0 1.85 0.00594421
0 -0.00781406 0.00288101 0.485812 0.120808 0.0101572 0.0188082 -0.0187902 0.0121517 0.976443
0 0.0159195 -0.00565613 0.25758 0 -0.00318339 -0.00103142 0.0114029 0.000313407 0.0210826
0 -0.0156503 -0.00881558 0.274997 -0.000845172 0.0190931 -0.0192679 -0.00638716 0.0224522 -0.000186176
0.275 -0.0136965 -0.00784507 0.000873309 -0.0147818 0.00216795 0 -0.0141608 -0.00616133 0.0134633
0.00371829 0.0417136 -0.000434281 -0.0168189 -0.00296859 -0.00309196 -0.0157272 -0.00995545 0 0.0231996
0.00806146 -0.0111924 -0.000473018 0.0539045 0.0100998 0 -0.0163929 -0.0130598 0.00933197 -0.00170995
0.00884781 -0.0155095 0 1.17502 -0.0127996 0.0389499 0.0282517 -0.00178863 0.0517289 0.00300345
-0.000337092 -0.00392522 -0.0133127 1.09988 0.0703923 -0.00241849 -0.015309 -2.125 0.141143 0.0106003
-0.00508465 -0.00438944 -0.0054947 0.00012628 -0.006083 0.000803219 -0.0230692 0 0.0264406 0.00704391
0.00420987 0.00160548 -0.00762199 -0.00590622 0.0198955 -0.00265927 0.866255 0 0.0277809 0.0130503
0.0115211 -0.0068993 -0.0169168 -0.0115838 0.0074678 -0.00616453 0 0 -0.00460546 0.0195093
-0.0041275 -0.00717235 -0.0148074 -0.00236534 -0.00467138 -0.00830413 -0.0224452 0 0.0238171 -0.0132161
0.0152499 -0.00102849 -0.00631052 -0.00587333 -0.0220291 0.00529632 -0.0574146 0 -0.0649948 0.00455801
-0.00228043 0 -0.00794195 -0.00381365 -0.010172 0.0137672 -0.025 0 -0.0154363 0.0210328
-0.00126156 -0.00655621 -0.00961794 0.00261688 -0.00890893 -0.00108079 -0.0428248 0 0.05 0.00568948
-0.00490543 -0.000677228 -0.00460714 0.0133579 -0.013838 0.00981428 -0.0114986 0 1.78255 0.00236
0 0.0121075 -0.0176971 -0.0199896 -0.0822435 -0.00702557 0.00575942 0.0711383 0.499163 0.0802658
0 0.00783428 -0.0156007 -0.0249999 -0.00447243 -0.0358964 0.0562875 0.0577576 0.0588816 0.00559085
1.7 0.00189918 -0.0117467 -0.0190217 -0.00761151 -0.019578 0.0644948 0.0862813 0.419678 0.00864696
-0.0308653 0.0143337 -0.012868 -0.0237001 0.00628194 -0.0249998 0.0624945 0.0593796 0.05239 0.00663547
0 0.0230897 -0.00250642 -0.0145444 0.00821423 -0.00778889 0.0750302 0.064797 0.0615611 0.00505143
0.00345155 0.0155588 -0.0135636 -0.0129272 -0.00117335 -0.00498307 0.0679715 0.0142184 0.0534742 0.00636701
-0.00235047 0.00572437 -0.015823 -0.0213546 0.00478408 -0.0112705 0.0680756 0.0219181 0.0201429 -0.025
0.0115896 -0.00292969 -0.0199935 -0.0219196 0.00358228 -0.0144378 0.0520244 0.00939727 -0.0114349 0.0136132
-0.047638 0.00817773 -0.00741956 -0.025 -0.0098212 -0.0117401 0.05 -0.00526751 0.016069 0.349978
0.00307812 0.0207772 -0.000422266 -0.0192605 -0.0180272 -0.00103701 -0.00373827 -0.00741306 0.00539568 0.269469
0.0231824 0.0259851 -0.00976691 -0.0186292 0.00584102 0.00731103 -0.0103127 -0.00369431 -0.0129513 0.275
-0.0103442 0.0221185 -0.0103986 -0.025 0.00161817 0.00856459 0.0500001 0.0663316 0.000506358 0.349819
-0.0179306 0.0223567 -0.00124648 -0.0196327 -0.00923386 0.0169557 0.0608699 0 -0.0131408 0
-0.00821487 0.0153126 -0.0178042 -0.025 -0.0247245 -0.00698601 0.00276006 0 0.187213 0.274829
-0.0248179 0 -0.00954282 -0.00913751 -0.025 -0.00194828 0.0828276 0 0.0305193 0.274999
0.0208713 0.0107422 -0.0146216 1.325 -0.00778124 0.00243303 0.0838197 0 1.64517 0.0216675
0 0.00444802 -0.0249999 -0.0205984 0.0314497 0.0110823 -0.00165349 0.0452536 0.0267249 0.085343
0 -0.00746634 -0.0249999 -0.025 0.00502093 0.0102007 -0.00337375 0.055822 -0.013844 0.00205338
0 0.00568338 -0.00830164 -0.025 -0.00267941 0.0134272 0.034959 0.0136256 0.0280431 -0.00991479
-0.025 -0.00216146 -0.00622676 0 0.00745042 0.00250295 0.0262551 0.0069785 -0.0197169 -0.00480896
-0.0204896 -0.00224219 -0.00881191 0.0084303 0.0140998 0.00160382 0 -0.00554658 0 -0.00168606
-0.011642 -0.00548977 -0.0012901 -0.0233088 -0.0148788 0.0465623 0.0379381 0.0181795 0.000652808 -0.00700807
-0.00850913 0.00790362 -0.00253739 -0.0195978 0.000593105 0.0119095 0.0269255 0.00870071 0.0310714 -0.01292
0.00111565 0 -0.0166067 -0.00557555 0.00442467 0.0300311 0.0706388 -0.000319786 0.00761347 0
0.00100652 0.0108572 0.275 -0.0098725 -0.00547223 -0.00783787 0.0268923 0.0866378 -0.00685335 -0.00714876
0.00042619 0.0102563 0.00573835 -0.00960273 -0.00045187 -0.00480997 -0.0233284 0.125 -0.0104356 -0.00388101
-0.01496 0.0125067 0.0215019 -0.0123538 -0.0102848 0.00511945 -0.0124432 0.110502 -0.00928966 -0.025
0.00415226 0.0196446 0.425 -0.00626355 -0.00489145 0.17858 -0.0226103 0.0321778 -0.0102753 0.0228363
0.00562509 0.0153549 -0.0178214 -0.00328256 0.00850117 -0.00443049 -0.02038 0.95 -0.00272401 -0.0112587
-0.012502 -0.00115242 0.05 -0.00516092 -0.0114517 -0.00325204 -0.025 0 -0.00789275 -0.0175943
-0.014763 -0.00439199 -0.0178031 -0.0152658 -0.00513509 -0.00603938 0.00968357 0 0.0236371 -0.0194799
0.00361949 -0.00521054 -0.00506967 0.00348385 0.00438824 -0.00572196 0 0 0.05 -0.0126627
0 0.00861726 0.00460533 -0.00161935 -0.00140012 -0.00540402 0.00272077 0.00238839 0.0378998 -0.917419
0 -0.00348142 0.0133768 -0.00786147 -0.0110414 0.00170697 0.0139378 0.0128428 0.0206795 0.0306869
1.03792 0.00381493 0.00368075 0 -0.0140401 0.00524671 -0.00506614 0.00979685 0.0180394 0.0141523
0.2 -0.00394383 -0.00763852 0.000623635 -0.0162868 -0.00128293 -0.002844 0 0 0.0250891
0.0107868 0.00779419 -0.00415744 0.00462617 -0.023946 -0.0126762 -0.0120901 -0.00667776 0.0195302 0.0163142
-0.00483459 -0.0122412 -0.00875313 0.00440709 -0.00614841 -0.00513026 -0.00176504 0.00537642 0.00588554 -0.000552412
0.0124196 0.00280832 -0.0133451 0.00534256 0.00034192 -0.00792588 -0.00592989 0 0.0173033 -0.000504321
0.0194929 -0.00941857 -0.0105726 -0.00205592 -0.0212272 -0.000716745 -0.000670156 -0.000774003 -0.0038802 -0.00977647
0.0136238 0.00201993 -0.0110138 0.00587652 0.0409007 2.375 0.0749653 0 0.019721 -0.00147178
0.0573476 -0.00163969 -0.0115685 0.000411201 -0.0203121 4.46316 -0.1 0 0.0130106 -0.00935546
0.000705304 0.00278524 -0.00691056 0 -0.00155432 0.35 0.0500002 0 0.021599 -0.025
0.00287643 -0.0127051 -0.00476067 -0.00398719 -0.00943839 0.875118 0.0679391 0 -0.000524668 -0.0110402
-0.0145937 0.000394645 -0.000867216 -0.00268005 0.00239761 0 0.013228 0 0.0171699 -0.0146013
-0.013456 0.000355499 -0.012116 -0.00418111 -0.017553 0 0.05 0 0.034912 -0.025
-0.00982174 0.00282504 -0.0131373 0.0179461 -0.0188503 0 0.0412632 0 0.0302701 0.0226026
-0.0136 0.0109717 -0.0102379 1.85 -0.00382878 0 0.0274039 0 1.85 0.039463
0 0.00681142 -5.66887e-05 -0.00453207 0.0239127 0.0179897 0.000514983 0.0187929 -0.0394876 -0.00372272
0 0.00255187 -0.0013237 -0.0102575 0 -0.0113168 0.000644124 0.0113008 0.00880366 0.00927948
0 0.00619875 -0.00355766 -0.00670055 0.00343937 -0.00951121 0.119922 0.000374135 0.0100369 0.00236041
0.575 0 0.005817 -0.0107562 0.0161566 0.00289426 0.0112365 0.0374241 0.0194357 0.00269897
0.013536 0.0214444 0.000878025 -0.0100931 0.000151423 -0.00802349 0.0139246 0.00515979 0.0162782 0.00927837
0 0.0126711 0.00053069 -0.0112686 0.000846287 0.00211771 0.00653944 0.0124922 0.00243143 0.00541781
0.00390577 0.0147376 0.00269796 -0.00117607 0.0106869 -0.000655561 -0.000143127 0.00414737 0.019699 0.00643046
0.0102498 0.0142277 0.00759407 -0.00175431 0.00139477 -0.00136109 0.00889597 0.00754594 0.0126129 0.00643759
0.00387724 0.0145971 -0.00213534 -0.25 0.0180006 -0.000547345 0.00657043 0 -0.000934192 -0.00864222
0.00383709 0.0140431 0.0265737 -0.325 0.00946661 0.00418483 0.0341941 0 0.00471726 0.0005287
0.0242818 0.00749213 -0.00601547 -0.4 0.00394648 0.00583026 0.0129656 0 0.0144695 0.0137173
0.00544477 0.0117276 -0.00652672 -0.4 0.00733298 0.00515114 0.0114877 0 0.0047824 0.00827222
0.019068 -0.000427437 -0.00850965 -0.000977056 -0.00478484 0.0039686 0.0356715 0 0.0055526 3.68837
0.00383064 -8.31124e-05 -0.00352433 0.00358916 0.0134748 0.00511273 0.0149824 0 0.0149196 0.0158619
-0.00161063 0.00622312 -0.00784853 0.0062124 0.00485141 0.00214909 0.05 0 0.0252076 0
0.0304784 0.00926958 -0.00655111 0.0167037 0.0116816 0.00482712 0.0297762 0 1.9228 0.0103383
