36 0 36 72 0 72
-0.4 -3.20001 8.39099 3.59978 18.8 6 0.4 7.2 0.4 11.0018 13.4643 19.7716 3.6 -0.173541 6.23947 -1.11015 7.2 -0.399817 7.6 4.09207 14.4 16.4 0.10133 12.4 -1.75132 -2.4116 0.4 -1.45544 5.70882 17.642 5.50413 1.24342 6.4 -0.350214 11.0551 7.6
10.8 -0.400046 -0.4 -2 -3.52724 6.8 2.4 -0.472619 3.83412 12.8 4.80608 4.11998 2.40635 1.2 -2.4 -2 -2.97051 1.17823 2.54834 -0.211163 0.800673 -2.4 12 11.1472 -0.757034 -1.64956 -3.83459 7.6 -1.6 7.99045 3.82091 -0.221077 2.87416 3.54645 6.80388 13.553
-1.07147 13.2894 13.9977 4.15073 11.8643 -0.827559 4.6319 18 15.6 2.23993 6.46735 10.0349 0.755919 -4.90084 -2.80125 -0.646661 7.16584 2.21282 -0.4 4.8 -1.6 -3.2 4 -0.8 -0.800001 -3.2 10.4 0.582586 12.8 5.21664 1.165 0.10055 5.49804 8.80016 11.5578 2
-0.567957 -0.257008 -1.89362 4.68526 -0.8 0.972951 16.4 0.280136 4.17703 11.089 11.8862 3.85344 -1.6 -4.69327 -3.6 -2.88113 -3.1842 9.35416 19.5995 5.60005 -5.2 -0.8 14 -1.2 9.49305 2.73463 -1.17175 -0.4 5.21077 9.79946 7.22818 0.853631 11.3965 3.6532 4.4 5.63791
1.90191 -1.63898 -2.9772 -3.24484 15.6679 0.00522427 2.49689 0.81391 0.729277 6.7765 2.23234 15.795 0.4 -2.4 -3.68723 2.02518 -3.52142 6.42562 -3.4803 -2 -3.05606 -1.6777 -1.11823 6.99738 -2 -0.74799 1.2 8.39998 2.8 10.6237 11.9557 17.0772 12.3137 15.6 19.1037 20.4
0.198433 7.58175 -0.532525 -3.02837 -0.620943 -0.710451 -0.755918 -0.492193 0.415142 1.7567 4.32075 3.45549 -3.99947 -5.07233 -3.62746 -5.44949 0.194792 -1.52589 -2.71329 -3.6 10.6745 -2.77387 -0.173147 1.2162 -0.4 -1.0733 14.4188 5.2 -1.6002 1.6 13.7355 11.6 18 15.2 18.7961 16.7201
-4 -1.2 -1.2 -4 0.8 2 -0.8 5.78625 1.67889 5.6 2.31983 9.49925 6.86405 -1.6 -3.2 2.11028 0.80321 -3.82035 0.396819 1.95054 -2.01398 -0.969929 0.975808 2.29203 -2.65475 0.651586 2.18858 3.7359e-12 1.20989 7.2 4.6369 0.718363 2.87788 4.64962 2.49408 5.74066
12.4 0.690467 1.2 1.96888 0.350909 2.93346 3.2 6.4 7.17757 1.2 7.03032 4.02733 0.446251 0.660193 -3.86115 5.96185 0.542438 -1.099 4.01302 3.95467 -1.33839 3.92586 3.07339 14.3299 0.267484 4.64788 -1.63778 16.7755 8 15.5659 16.4019 -0.929954 4.00553 12.5227 5.9978 9.57224
7.8416 -1.62102 -2.89258 -5.00219 -3.33847 -2.4 2.71735 2.99748 1.8454 1.35033 6.34952 4.14785 20.4 -8.00211 20.4 20.4 20.3333 20.4 20.2168 20.4 13.5951 20.4 20.3874 14.09 -1.2 -1.78024 3.16788 -2.91866 -0.478536 0.8 1.6 0.719728 9.5327 5.6 7.20682 4.50136
-0.938215 -1.22588 -2.12043 -3.16881 -2 4.08746 0.384884 -0.0491327 1.53782 0.354856 4.4 3.35376 1.6 -11.2 20.3933 20.4 20.3973 20.4 20.4 20.4 20.2636 20.4 -7.53432 6.4 14.8 10 -2.56525 -2.39641 -0.206218 -1.2 4.47287 2.99846 5.71654 2.5685 8.33545 2.4
-0.4 6.3775 -1.3651 0.376342 5.89685 2.8 8.52214 4.27714 13.1419 2.74155 4.97125 4.12735 -2.33372 -2.4 -6.8 -5.3596 1.6 -0.41613 9.83379 -0.322962 -0.0909487 3.67108 12.5785 9.05745 9.64967 -1.03474 -0.0340291 8.8 0.144252 5.19081 1.91881 3.6 2.79026 18.7987 5.9959 17.0283
-0.959493 -2.4 2.8 -0.482554 15.4885 6.8 4.72482 -3.3485 11.6248 5.15067 7.95034 5.6 -0.8 -2.8 5.57134 0.8 -1.2 20.4 1.36476 1.93177 4.0312 12.7713 6.4 5.65804 14.8907 2.40049 4.38589 18.7043 1.73273 5.79266 12.5842 0.583812 1.49389 9.62866 8.4 20.4
0.799999 2.44986 -7.57385e-12 -5.6 -1.40359 -2.4 3.6 5.10542 15.6 7.01989 1.6 3.6 -2.19148 -2.65893 8.59341 -2.09433 -1.2 2.00585 0.134676 15.2 -0.109752 -1.2 13.7837 1.31425 -2.30174 -1.7696 5.39197 2.45934 -3.87828 -2.4 -3.44895 2.4 -0.449261 0.477011 1.43988 3.38605
8.10572 3.59868 -1.81929 -3.73256 4.41152 4.8 2.1832 6.4 0.8 3.11847 8.38806 2 -4 0.475377 -0.796153 -4.19133 0.458845 0.419587 0.250215 14.3771 1.6 0.844008 1.16981 6.09133 3.41108 4.01896 1.07756 5.34105 -2.07716 -1.35256 -1.06803 -2.9861 2.30379 2.38945 5.54507 4.45083
6 0.212548 -1.39596 -1.99069 -0.0247568 -1.34738 1.13302 3.15699 12.7667 4.83552 3.10612 17.061 -2.4 -3.2 -3.13598 -0.4 -0.132735 -0.657516 1.6 1.1178 -2.60737 -0.117751 1.19503 5.2 -7.02359 -7.60012 -5.6 -4.8 -5.69135 -4.62661 9.5955 5.24549 12 -1.58601 -0.220859 3.90016
-1.32155 0.509128 -1.20053 1.22657 -2.23139 -1.56955 0.0275219 -1.71544 8.3797 9.26339 6.14941 1.2 -4.92728 -3.12281 -1.44421 -1.54614 -0.700812 -2.80001 2.40255 4 -0.4 -2.51532e-13 15.2811 8.4 -3.44752 -4.17059 -4 -1.69935 -4.53452 -1.31969 -2.30653 -2.8186 -1.51349 2.23755 4.04267 0.955926
-0.8 1.14138 8.4 0.663452 -0.8 -1.64176 14 18.8638 10.8 1.86573 20.4 9.73988 -1.2 3.05946 2 -0.951025 0.572035 -2.10325 0.223748 -0.968537 0.702496 0.0189482 6.80335 9.66155 -4.37485 -3.80842 -4.74517 -4.0071 -2.06401 1.2 6.34337 1.15889 12.0079 -0.248652 7.42098 1.79716
11.4175 12.9821 14 3.09856 1.32043 2.28988 3.0702 16.1124 18.8515 20.3994 7.56535 4.96575 7.94095 5.32545 1.13108 -1.24908 4.52004 -1.2 4.33056 15.6 -0.811243 2.67442 4.8 17.1545 3.85861 -4.4 -2.66024 4.78265 5.94714 -0.8 5.6 13.3381 1.88066 20.4 15.0054 -0.256918
5.82328 -1.23482 1.16405 4.4 -1.6 -4 5.16107 20.3995 8.29348 1.6 7.81442 3.93107 -3.1421e-07 20.4 5.83844 1.14372 -2.52839 10.5516 14.4 0.518026 1.57513 1.57058 5.35414 9.2 -3.81302 -5.78299 -6.01479 -3.83736 -1.79606 -1.67431 8.37239 1.30694 -2.5449 -1.94573 1.93535 8.18349
-1.97997 0.8 -1.2 11.4558 1.39056 -6.1406 1.57919 2.15945 11.7389 2.8 9.6 5.86252 1.17511 10.9928 8.05532 -1.13981 -0.8 2.40059 0.156722 1.31205 0.661241 6.47738 8.691 -0.793033 6.09114 3.82942 -2.9578 -0.696847 -0.628626 -1.6 2.2363 0.453204 -4.17949 -0.91504 0.914062 0.7534
-1.62103 1.90022 3.86272 -1.57193 -0.4 -1.23542 9.78008 2.43992 1.50903 -0.245366 8.40702 3.30175 3.6 -1.37253 8.18481 20.4 -0.788532 0.42713 -2.4 3.3403 3.95733 3.06813 4.24099 10.6947 13.6504 -2.05709 -5.50752 -4.8 -5.78154 -5.01139 0.984707 -0.979732 2.23407 1.20687 2.09847 0.178918
8.4 3.6 -0.635189 -2.93012 -0.63422 -0.106837 13.7684 -0.574522 1.2 0.758722 9.2 4.37969 -1.43667 -1.78759 5.82667 -1.79531 1.2 -2.8 11.1974 2.20038 6.03564 12.3706 7.83252 10.8 0.464873 1.41096 -3.93954 -4.00988 -1.83272 2.27797 1.03638 7.01852 1.75703 0.56514 -1.40086 4.8
1.24322 -2.44042 6.78709 17.6198 13.4266 1.2 1.81347 1.97068 -0.44625 1.58156 8.12063 3.6 2.4 2.69784e-14 -1.44125 -2.4 1.45672 20.0622 2.54761 -0.467764 1.6 -3.6 11.5634 6.4 -2.86789 -1.81434 -2.2289 -3.02844 -0.0903861 13.9999 1.44844 4.72171 1.33353 -0.479274 1.6 6.39734
2.71536 4.42982 -2.10918 1.84243 9.56033 1.6 -1.68727 -2.48394 1.82953 1.89938 15.7809 2.90234 -2 7.25151 -2.3973 0.500194 13.6586 0.8 10 1.48828 -1.45191 0.763238 5.06865 10.1472 -1.2 -0.587724 0.199196 -2.17874 -0.917981 2.85702 1.38961 0.589543 4.44411 0.205747 6.44349 -1.02014
-4 3.6 -4.48867 -4 -2.33889 5.54874 1.6 19.6626 2.51711 -1.68442 -0.371603 19.6982 3.6588 2.89773 16.7953 -3.03254 -2.87999 -3.19845 2.43817 2.58841 -1.2 0.239819 5.57813 2.30696 2.8 8 4.44658 -3.1185 0.39071 -4.00962 20.294 2.1092 -2.6485e-08 2.34529 8.12073 14.0997
-1.97516 -3.21978 -1.99347 -4.49759 -2.49695 -2.8 4.86335 -2.24801 0.913814 -2.4 12.8 12.8921 20.4 4.01955 -1.49696 -2.4 5.49856 -2.44497 8.19916 0.4 5.46634 2 3.90527 0.933967 -1.6 -3.25347 13.309 2.21986 2.14564 -2.38677 1.68908 19.7765 6 11.7222 5.51595 12.1469
13.2 6.4 -0.4 -2.3335 20.4 -0.00411133 2.19005 0.889618 -2.54617 4.7999 19.6 20.1119 -0.0682478 6.8 -3.6 -0.4 -2.4 -1.20121 -0.703184 -0.8 1.35971 -0.962075 0.309721 4.93646 -0.0327927 -2.74122 6.49803 1.72782 -0.0825823 -1.87247 20.4 9.47215 7.03874 5.18373 1.05436 12.3402
10.7999 12.7999 -2 -2.34921 -2.69976 2.46152 -0.0820874 -6 1.73191 8.44362 12.6961 2.65893 4.21984 12.8 20.3993 -1.70397 3.75955 -2.4 0.139909 -0.0663799 -0.110617 -2.16939 2.14074 4 -2.2018 -4.27416 -4.08791 -2.33944 -2.43626 2.49403 0.988627 4.237 16.7508 1.22545 4.1568 2.4
-2.07939 -1.62412 -5.48151 -3.6543 -2.8 3.6 12.1978 -1.2 -1.62496 1.67304 13.3622 0 -2.8 2.14915 -2.8 -0.312778 2.49929 -2 11.9999 11.2 13.6 -1.53169 -0.236394 9.46626 -2.52709 -4.4 -0.4 0.499901 -1.2 -2.8 0.915301 -0.4 -2.8 0.929412 5.59582 5.60665
-3.23003 -3.6 -4.4 0.86116 9.38651 3.98695 3.7889 -2.8 1.71191 -1.2 -0.869216 4.37592 2.10116 19.0306 -0.573716 12.4 -1.32564 11.2 6.39999 1.11693 9.35676 5.84737 3.95695 1.2 -2.21692 -3.6 -8 6.41672 -2.06907 1.6 -0.4 3.77356 3.5292 20.292 8.98698 3.50499
1.14491 -2.4 -3.2 -4 8.4 11.594 -2.50972 3.2 9.04835 1.74351 1.41316 9.66218 -1.10096 1.11354 10.1513 -2.14274 3.06593 -3.2 3.13046 0.370361 -1.18536 9.03819 4.94135 9.29371 -2 -4.4 20.271 -1.969 11.8364 11.6 18.7999 4.74187 -0.0209372 -1.43108 1.66965 -3.6
-3.2 -2.45437 -3.6 -6.8 -0.79303 -1.20564 -0.660412 -2.8 0.60523 2.64004 1.6 13.5481 -1.21172 0.177082 -0.398907 -2.06704 3.2 4.6428 1.88336 0.501959 2.80049 -1.43257 5.94643 11.0664 4.58639 -1.19525 -0.0135834 6.8 -4.37234 -0.738802 6.77709 8.4 0.401192 2.65921 1.98278 10.8
3.31791 -2.00664 -0.315747 0.300978 -2.31993 -2.59039 0.514151 2.81585 19.4337 19.0937 1.00209 0.744362 5.74861 6.30472 -2.15678 -2.42474 2.36235 -2.21551 1.99469 4.61164 0.771845 3.8667 2.03592 2.5616 -1.61304 -4.35207 18.4 2.8 -3.01019 5.43157 -2.84501 -0.72112 -0.155236 -0.4 2.19061 11.5367
4 -3.39169 -2.11085 3.81035 1.44728 7.66357 14.4 1.21351 1.64736 2.84928 1.29369 1.6 2.52422 0.83679 -3.98789 2.88253 8 1.78636 -0.612856 2.95518 13.0202 4.07715 3.4244 1.50183 0.817998 1.2 5.02344 6.08493 -3.05521 -0.493052 -2.8 2.13703 1.72793 1.34088 5.53062 7.74351
10.9353 -3.94452 7.58428 -3.6364 8.23855 -3.49339 0.0496714 10.5316 2.01129 -2.40372 -0.141834 5.59658 -1.08711 -2.86336 -3.7726 2.16976 1.96744 4.85871 14.2139 19.6 8.77622 2.14652 15.2 5.6 13.0968 -1.88583 -3.98929 -3.37967 7.33923 -1.732 1.20396 1.21714 -3.39729 6.05196 3.11633 -0.456097
0.262089 5.20716 3.19932 5.76563 3.90349 -1.24951 1.39387 3.6 4.96178 5.00259 2 -0.792274 3.23049 -2.4 6.77898 -1.43847 1.93901 7.057 4.47112 3.40957 0.599044 17.6 3.69517 4.8 1.6 -2.49173 -3.18021 3.91976 2.28191 0.607798 0.418943 8.51842 1.17407 -11.1549 1.2 8.66731
-0.166549 -1.94023 -2.8 -0.78019 -2 6.27347 5.89861 -0.559637 8.88972 7.03625 2.49395 5.31864 -12.5824 0.8 1.00542e-12 -2.23862 4.77378 -1.80979 8.73594 1.61268 0.4 20.4 4.40869 0.0632907 6.00992 -3.46796 2.31992 -3.32825 -0.1768 6.78984 3.44824 11.7248 0.878419 -0.352571 5.83375 4.8
4.9814 1.47469 -1.68302 -4 -2.3593 -2.52393 1.54077 -2.37751 0.654784 1.62757 3.93299 3.10313 5.86529 8.48649 11.534 3.058 -2.00009 -0.935001 1.6 0.964469 -1.52093 0.8 12.6548 2.5858 -4.51894 5.10535 6.43929e-15 8.20806 -3.31104 1.16918 3.55463 -0.460922 -1.03598 2.51593 8.52699 -0.8
-0.419765 -0.504611 -1.65021 -0.575618 -0.724344 -0.646308 3.06835 3.35529 0.251322 2.94186 6.5327 17.6 -7.44035 -7.56317 1.19943 -6.33649 0.642906 -8.2681 -3.82918 -1.43401 5.77367 -6.0507 -3.21326 2.72826 1.43877 2.35762 -3.68771 -3.70696 6.63756 -2.16618 -1.658 1.57577 -1.46402 9.93724 2.4 15.6257
2.06699 12.084 -2.24077 2.4 -1.6 1.1286 4.5073 1.94629 2.41213 2.13105 7.47813 6 -4 -5.85021 -6.01656 -5.72958 -4.37034 -3.48361 -1.15713 -2.3597 0.873106 -3.56361 -0.0471904 -3.96485 6.19667 20.112 -3.94286 -3.55329 -2.4 8.25157 6.57417 3.80487 0.879161 0.852616 4.98078 8.63192
0.0272176 -0.669658 -2.16136 -1.67257 6.4 2.44152 4.53722 5.69767 17.6 10.3345 2.56329 2.5062 0.635923 -4 -1.85021 -4 3.6 -2.4 1.10355 -1.6 0.4 3.62517 16.3548 4.11562 -1.81461 -2.57326 -3.62475 -0.4 1.84337 9.2 -3.2 0.4 -0.84362 -0.371445 3.41429 8.81281
8.84833 20.3829 1.6 -3.2 20.4 8.38106 2 3.6 10.1235 8.61042 5.82398 4 -1.65329 -2.44097e-09 -4.4 -4.4 4.4569 -2.4 -0.105654 -2.4 -0.4 -1.86319 3.6 -1.51825 -4.19067 -5.6 -4.58194 -2.7895 0.367774 1.98663 13.8843 0.8 1.4887 -0.8 2.63614 4.78875
5.41973 0.4 -2.86026 -2.34849 -1.35652 0.802388 1.54186 0.174652 5.35604 4.33236 -0.0595 1.31781 -0.566503 -0.0241646 -1.71029 -0.921267 -3.72384 -2.4 -1.72524 2.28427 4.27633 6.36813 2.90666 3.08175 3.12962 0.62475 -0.965996 -1.42476 2.37424 -0.377114 1.35628 10.4406 -0.433073 2.91825 16.806 4.8
-1.96598 -0.4 0.78548 -0.153377 7.95278 1.1949 2.42399 -0.980948 4.68201 3.13919 1.2 4.62013 -0.277091 -0.474421 1.04813 7.06827 2.68809 -1.89433 -1.58842 -1.38239 0.714205 12 2.07955 2.17352 8.93938 4.48709 -4 -2.54243 -4.70284 -0.613029 1.84133 -2.1521 -0.51925 11.9009 1.96724 4.97235
2 7.89762 -0.181353 -1.66122 2.43534 -1.90092 5.19544 3.98461 10.9817 6.96724 6.89924 14.5899 10.3468 3.6 10.5329 5.41329 3.6 -2.3964 2.63575 -4.58017 -5.27162 7.25392 -2.76406 0.411217 -4.0557 -1.61099 -2.76627 -4.69138 -0.00598288 0.119445 11.2785 -0.944135 20.4 -2.00472 1.83333 4.62432
2 3.72703 1.68393 -0.256669 0.150049 3.67637 8.27652 5.1177 10.8376 11.6 6.08372 15.9138 -3.09216 -3.73443 3.64082 15.0386 10.3392 -2.3767 -3.36372 -6.15521 -2.7719 10.5701 5.6 9.77953 9.6 0 -1.95943 20.4 -1.73533 6.04764 11.6855 -1.66152 -0.171425 -1.36334 16.6141 11.8282
11.0309 1.06832 1.26061 -1.9556 2.35241 5.70688 20.4 20.4 3.35514 12.9217 18.3703 4.62973 0.8 6.91736 18.3899 10.496 -0.997109 -2.8 0.4 4 0.4 1.1512 0.4 -2.06717 -0.353014 -0.351608 1.1811 -2.07591 -3.05114 -3.35234 0.891636 3.57892 1.4199 4.46207 2.19617 3.04198
0.326133 7.05407 15.016 0.459409 10.9849 4.94536 12.8738 0.261005 11.7845 10.8107 1.707 3.6 5.96395 2 10.8 1.2 2.78892 16.544 -1.2 -0.8 9.59978 6.48379 4.33465 2.45561 1.49483 -1.58863 -3.31059 -3.81509 -4.15811 -1.52063 10.9663 13.0462 -0.8 8.79304 5.59264 14.094
-1.19049 -2.49802 -1.96286 -2.69045 -1.87262 -1.23063 -0.21571 -1.33197 14.6922 -0.996187 2.94774 8.26414 -1.71023 2.31953 6.38913 3.10368 -3.14468 -3.37473 1.6 8.36611 2.30678 1.90464 -0.022937 0.931107 18.3424 16.8 14 18.3522 11.6954 14.8822 2.39527 1.49206 20.4 -0.942894 2.02728 0.403672
5.39238 0.758615 6.15917 0.714157 5.48225 0.0395196 0.636019 -3.71986 3.81878 1.36536 12.4 3.42226 -3.04173 5.60498 -2.90657 -1.58703 11.2 -1.9993 -0.554617 0.4 -0.0641726 0.707716 1.5678 3.30894 12.4 15.1999 17.8199 -17.2 20.4 12.5806 1.6 1.94087 0.298017 -2.39751 0.087217 -2.3311
0.210817 -4.67612 20.4 -4.90355 -2.58374 18.4 6.07856 0.239912 1.60318 0.96779 0.207167 3.25196 2.5571 4.07761 -4.48408 -5.2 3.63996 -4.11451 0.764702 -2.59864 2.00573 -2.73696 3.6 8.47161 9.73142 -2.7634 4.98615 0.8 1.99103 -4.4 -1.99615e-07 20.4 4.23863 -0.501262 5.6 8.00696
1.32792 -3.92904 -6.81961 -7.5183 -15.0481 -6.75412 10.9905 3.55008 19.3521 15.0957 2.86007 6.57068 -1.16065 -2.37963 -2 -2.64165 -2.66729 -4.4 1.29108 8.62378 6.59228 1.66144 3.50481 13.0962 -2.8 -2.8 0.411975 6.87877 -2.38378 4.70034 16.6214 5.35681 -2.4 6.74796 9.23122 -0.8
0.4 -0.400001 -3.64781 -3.11069 3.08244 -4 0.8 0.456486 -1.2 -0.623603 2.83116 2.8782 14 -1.41412 -0.4552 -1.95728 -0.466803 -1.2 -0.902374 10.4 2.58288 -4 -0.616824 1.49309 -0.302622 6.98886 -3.79536 5.97481 -0.440204 -1.66781 -0.654698 7.622 11.4772 12.2795 5.83948 7.38896
4.26589 1.17078 -1.6 -1.15331 -0.668752 -2.8 0.133679 4.93163 7.33531 -0.476171 1.53559 1.6 16 1.4905 10.997 1.02343 -2.2485 -1.96886 17.6 13.2 2.62289 2.2806 1.98871 8.8 -0.4 -1.2 -3.7664 6.21253 0.700781 3.17884 11.8407 8.14997 16.4218 2.10744 8.8 5.2
-2.32824 5.64186 -2.8 -3.37667 1.2 -1.67345 -1.85573 0.810338 7.11286 5.24784 4.55511 8.7809 6.89367 -1.61416 -3.58467 -3.36647 -3.06565 11.9042 -1.64439 13.2483 -0.891079 16.3052 -1.6 13.8159 1.76342 13.2 1.87784 -4.24019 15.3786 -2.22539 -0.218286 0.192027 2.58569 -0.270171 1.29788 2.8
-1.05533 -0.8 9.08332 -1.17271 0.420814 1.78731 -0.632939 4.97076 20.4 11.6025 7.69383 3.93887 2.67585 0.438429 -0.367896 -2.87047 11.1566 8.96589 1.97894 0.42057 2.59081 20.3594 4.99405 3.07056 3.33549 -3.39875 6.80781 -2.17209 -1.01177 0.29943 -2.09708 0.795973 0.976464 3.56355 6 0.909447
7.13658 1.12974 -2 -0.849749 4 -2 2.00197 7.48765 4.38829 15.5199 3.80797 2.40808 -3.78978 -3.53013 -6.93383 -3.12735 -2.4 -4.38175 -0.251149 -0.667547 3.37339 2.30191 1.72463 1.18773 10.4 9.58369 7.6 13.985 -0.862258 3.9999 0.4 8.4 13.3239 0.706045 6 20.4
1.78322 3.68713 -0.44528 -0.975598 2.19213 1.94488 4.0986 5.06301 4.29191 4.95729 12.4 5.33805 1.85056 -2 7.7782 -4.95341 2.8 -3.85843 -1.83545e-09 -0.304901 0.568252 6.57815 4.0615 13.9283 3.58009 -4.8 -2.27299 -3.53171 0.8 13.2 1.80683 2 16.8 0.503923 14.8 2.26053
3.6 4.23725 -2.9354 0.190205 -1.2 -1.04808 -0.220362 2.42135 -1.08806e-08 2.54546 9.29833 6.4 -2.86585 -1.17829 -4.24097 -2.95776 -4.36997 4.24124 4.29583 12.2055 18.8 4.47139 2 9.41988 17.2 6.97716 2.18071 -3.2 1.14441 12.1124 13.0828 -0.833468 -2.4 0.513485 4.53811 10.8
4.8 11.2 11.4454 -1.46839 1.76364 1.6344 1.89961 -2.8 4.8916 4.72315 4.53764 2.19943 7.12845 -0.0793984 3.82216 5.28022 14.4 14.3784 12.4 -1.22899 3.2 20.3987 3.19073 4 -0.929981 1.06124 19.9767 18.626 6.90045 7.07012 -1.06965 11.826 8.26582 1.60378 5.18067 4.4747
6.8 2.70489 2 -2.48445 -1.24485e-11 0.80513 4.4 10.6568 -2.2219 7.2 3.41707 3.42936 -5.20001 -9.77966 -2.5469 -4.7631 1.1855 -8.21897e-08 -12.8 -14.8 20.3997 20.3999 1.91227 20.3981 -3.6 -0.0968803 5.2 -4 4.4 1.2 5.6 4.40263 3.9351 -0.435059 15.2 8.74112
17.2 16.4 8.79998 -1.30797 4.43919 0.947111 4.72135 8 2.89137 8 8.14078 4 -5.6 -4.55603 -2.94827 -6.82622 0.146146 -7.2 -19.4992 -15.0833 20.4 -1.20468 20.4 20.4 4.62225 2.67906 14.2738 -5.2 1.56184 -2.8 1.6 20.4 11.2 2.77922 15.2938 2.52293
2.8 0.4 -0.50165 -5.35513 -1.15855 2.06331 2.8 0.4 -0.303709 -0.405864 2.46277 12.6736 -2.05477 -1.01623 -1.86936 2.88658e-15 -2.43097 2.96219 -2.17894 0.424971 3.59035e-12 19.2 1.69335 2.70912 0.381997 -4.4 20.4 -1.1687 -0.838321 -2.72754 13.6 17.2 4 5.50412 3.20478 14.6248
-0.133163 0.765713 -3.59106 0.26375 1.11194 0.8 10.0693 1.89645 9.99793 19.2 10.3844 9.6486 -2.60298 -2.14234 -2.56077 -2.03137 -3.70998 1.57062 0.814732 2.51895 -1.2 3.22455 14.0558 5.20126 0.882543 4.94908 2.59059 -2.89296 -2.3325 0.966703 6.42897 0.689708 -0.136497 1.8964 14.6162 11.6
-0.141428 1.53561 4.63425 1.56383 -0.388747 7.83306 2.9175 9.6 11.2449 -0.108987 15.3868 1.12593 -2.21709 -2.66405 5.2 3.2 2 -2 0.221984 14.5417 -1.08167 -0.904775 1.10492 2.61887 0.12303 -2.58279 7.14915 1.09749 7.81973 -1.8895 1.01628 6.01044 3.4404 15.4703 3.428 2
17.9122 -1.73844 -2.90228 2.62019 7.402 0.778194 2.78936 2.63698 13.8197 1.91625 1.6 2.93646 7.2 1.45955 0.538313 -1.48215 -1.74724 -0.4 1.2 -0.762667 2.10476 9.91791 6 3.10571 15.9056 6.9482 5.20939 1.29775 0.310426 17.6 3.54295 3.8322 18.5459 15.0018 3.97492 18.3579
4.97444 -2 -1.51132 -4.54495 0.896246 7.45873 2.53388 -0.140622 1.35347 11.5123 14.4444 5.30474 -1.6 -0.396538 -2.81243 -1.44369 1.61871 -2.27465 3.47688 2.24159 1.17566 0.0728521 2 9.16651 14.3667 -4.8 -1.20054 -1.85521 -3.2 1.2 0.4 3.58206 17.2 5.92846 5.72456 14.4
10.9329 4.15704 -2.50412 -1.6 -2 4.33879 1.35087 7.51867 1.8966 10.0761 2.75902 5.13381 -1.76095 -2.07774 -0.749686 -0.182845 -2.4 1.53929 1.74522 9.73541 0.4 3.30167 7.68903 18.8 -2.4 -4 -4.04236 -0.8 0.183804 -0.8 1.35452 7.59869 1.30968 -1.40217e-10 10.9314 20
8.4 6.19715 5.2 0.248475 -2.4 -1.36127 4.47752 5.96804 7.59672 -3.4701e-06 2.37557 3.93776 -1.44535 -3.01382 -1.13205 -1.70525 5.76416 10.5971 0.4 2.16541 4.4 2.4 7.2 1.2 9.57597 4.72358 -0.534844 -0.656227 -4.20937 -1.09243 -0.0630715 0.928255 0.914328 0.991838 10.4186 5.70782
-3.2 4.79997 -5.18351 -2.8 -0.12095 4.27282 2.18009 5.2 10.4 3.42323 5.28267 14.4 -1.31834 -1.6 1.2 -0.845936 12.8 0.332305 3.34345 4 1.6 2.15036 4.32444 11.2914 0.998306 5.6 -0.4 -3.13668 -1.18974e-11 2.4 3.10658 0.338098 0.8 3.73256 5.15603 9.2
-3.6 -8.63985 4.39911 -14.2716 -6 0.4 7.50905 11.1408 7.10649 7.6 18 19.7373 0.0414207 2.30338 -2.67235 -2.23873 -1.23351 -2.22668 4.73196 7.77775 12.3775 2.01775 4.74636 3.2 -0.148418 5.3834 3.74915 11.896 0.8 -1.7926 7.70157 10.219 5.62566 1.96393 8.23124 12.5702
-4.43123 -7.2 -3.20001 4 3.6 -1.85003 20.4 10.2433 10.5436 14.4 20.3178 17.2 -0.794191 -0.0887099 -1.36917 -1.60439 4.4 9.93398 10.531 2.56879 4.95345 18.5159 19.6 7.04301 0.807105 0.518312 13.2692 2.8 4.8 16.2585 15.5465 3.05373 8.8 11.9317 18.9494 17.2
