36 0 36 72 0 72
-1.2 7.6 7.2 2.18482 2.4 -0.937495 6.12376 6.38729 -1.44387 -0.0133464 -0.8 10.4 -1.2 1.89555 4.29459 2.22776 5.57114 -2.27142 3.934 7.00007 4.228 -4.53447e-09 -0.355549 20.4 16.9771 0.8 -1.11213 8.07389 3.60077 20.0692 1.38138 6.25725 -3.2 -0.995388 4.0172 -2.74888
6.18002 -3.6 -2.19464 -1.07653 3.40318 11.2 8.79712 16.8 2.60296 1.47041 0.8 -3.2 -4.55834 -2.43565 0.0873747 2.20076 -0.0970006 -2.77502 -3.2 -1.2 11.7804 5.68775 2.37661 -0.969252 -3.6 -2.53695 2.4 7.0012 7.6 6.46555 2.8 2.8 -3.41507 -1.26038 -2.8 -3.2
-3.93757 -3.2 5.74577 -2.3554 0.834242 -4.4 11.4954 7.2 -1.1442 -0.8 3.2 11.4887 -5.307 -2.52947 -2.57566 -3.14794 7.31449 -4.76632 -0.489442 -9.23385 1.54585 1.2 0.390229 2.07944 -2.4 4.8801 7.2 0.738446 -8.55969e-12 9.47385 -6.80001 -2.23267 -3.61991 -0.8 -3.2 -1.90179
2.01617e-13 -4.4 -5.25444 -4.38973 -3.99996 -5.03614 -2.4 -0.26824 -2.4 -1.15291 2.30884 16.106 6.85583 10.634 1.53992 -1.78776 -1.45618 13.728 -11.2 -0.132591 20.3997 -0.636448 -3.53483 -2.96568 -3.2 7.6 -2.4 0.8 -1.36797 1.30144 2.62127 3.16336 -3.6 -3.59965 -2.04043 -1.83007
4 -4.27638 4 17.6 -6.28674 -0.8 -1.93499 2.79887 7.2 -1.76669 -0.8 4.37573 -3.6 -4.75384 -2.31647 -2 -1.6 5.58868 1.81689 0.8 -0.587584 -2.38452 0.8 5.2 8.51625 -0.823699 7.6 -0.801984 -1.60007 3.42305 1.56909 2.60315 -1.31464 -0.657966 -1.98573 2.52357
-0.854807 9.16236 1.19411 -0.488455 -4.29641 -3.2 1.2 -2.20203 8.6294 2.39996 0.4 -3.06631 -4.8 -0.57 -2.84605 -2.64055 -1.8498 -4 -0.4 -4.8 -0.672834 3.72826 5.61542 -1.02076 -2.26498 1.87953 -2.79557 7.55561 -3.578 -0.769347 14.4 3.31914 -0.0859557 -3.13842 1.2565 -0.103483
4.82539 2 -3.80753 -5.52649 -3.26452e-07 -2.74181e-13 2.72807 4.4 0.399869 -0.761507 15.1188 1.2 -2.4 -2.90097 18.7055 7.15233 -5.19517 -3.12424 -0.514481 -3.1042e-08 13.0664 2.71023 0.750973 2.95077 0.759284 -3.6 8.88163 3.90252 7.99875 0.4 15.0893 19.9559 -4.96887 -3.6164 -5.34283 -3.14735
-5.47981e-11 5.51823 -6.1105 -4.4 -0.4 -4.43307 5.60201 2.8 -1.63743 4.51587 2 -0.898074 -1.87564 -2.48864 -2.562 0.4 -4.35804 -2 -2.58833 -3.24456 3.79546 -0.777923 9.41881 -0.197987 6.48867 3.2 0.4 3.10573 9.78879 5.0132 1.6 -0.4 -5.54745 -4.90678 -4.55416 5.2
10.5691 -2.76902 0.614921 1.19352 -3.07254 -1.81921 -3.33414 2.8071 -2.91334 20.4 1.77328 13.4917 -3.75517 -3.69753 0.85983 -1.41153 15.6 -1.55377 0.614318 -0.18855 7.08075 19.4897 -0.548521 1.95599 -0.400001 7.95094 -1.6 -0.932488 -1.26468 3.43764 2.38896 0 19.1218 2.8 19.2936 19.4504
12.6181 0.235297 -1.12803 20.4 7.5782 -3.2 -0.40028 -1.25294 2.4 -0.4 11.6 3.2 -2.44552 0.254493 -0.708277 -3.7452 2.95689 -1.25794 1.10521 3.6 2.59754 11.9834 -0.47556 -0.17394 11.5647 5.99985 4.15768 17.2 1.41191 2.1502 -0.4 19.6 20.3997 20.3997 17.2876 19.8073
10.8526 -0.432183 1.22521 10.7842 2.15945 5.77916 2.74724 9.19206 8.19868 7.16393 -1.76232 -0.630285 -0.833814 -1.31785 -1.89762 5.6 0.384602 3.6 8.8 2.31593 2.15803 6.4 1.3533 2.89623 3.60876 8.52753 4.8157 4.97051 20.3898 2.87127 -0.180604 -17.9128 -19.2 -5.2 16.9424 17.6
2.76873 6.99408 -1.47732 1.82093 1.42222 4.36286 -0.573633 1.08119 3.6 11.1617 6.77804 -1.94965 -0.0493151 5.17963 1.14398 -1.6 -1.4824 3.54296 6.4 1.13419 5.3746 3.587 4.8 1.89014 2.36431 19.5455 2.1173 9.2 3.95297 1.53743 5.43816 3.54785 -1.37684 -1.51215 -3.73218 -4
-4.11079 0.209535 1.2 -4.01438 0.820471 3.29961 -3.46969e-07 -2.4 -2 -0.8 -1.2 -3.05686 -0.0808705 -15.0689 -13.6726 -0.123967 -3.93729 15.6 11.1347 12.8 0.107509 -2 -1.33368 -18.2462 -2.46847 -4.36039 -2.03667 -1.17175 -2.81221 -2.0296 2.08942 8.39998 11.8296 20.3009 7.44166 1.6
-18.1103 6.8 7.2 -2.93498 -0.275842 6.4 -2.30194 -1.18172 -2.8 -2.31475 -1.2 -2.8 20.4 1.63646 0.514934 -17.4337 20.4 20.3984 10.399 1.70974 11.4335 -1.61323 -19.9997 -12.5988 -2.59092 -1.87382 -1.43546 1.2574 -3.91211 -1.746 -0.308058 2.4 18.4 20.3869 -3.66352 6.22448
-5.2 -6 -2.11289 -4.4 11.122 -0.214091 -3.75181 -2.8 -4.4 -1.36961 -0.104567 -0.910354 -1.62959 -2.8 16.4 13.3777 8.10013 -10.722 -0.552091 0.37269 12.6608 10.8 -14.8925 -18.5344 -3.97585 3.05257 1.41984 1.00326 2.75152 2.53716 0.59767 5.41246 -5.32765 -6.62418 3.09784 1.48957
-6 4 -8.4 -6.08286 -2.8 2 2.49975 -4.59535 -3.6 -1.6078 1.2 -4.20363 14.6641 11.2 -2.65891 1.19996 11.5118 10.9875 0.402334 4.54007 3.76486 20.4 -19.4 -18.8 0.775921 -5.09543 1.0786 -0.201313 -3.70679 4 2.15214 2.74112 -1.37247 3.55417 0.65004 0.952536
-5.81285 -7.2 -8.40001 -6.44679 -0.989947 -0.980189 -5.6 -6.4 -5.76076 -4.64318 -5.03503 -2.8 -12.6818 0.4 6.8 1.56187 5.30755 0.433306 -9.2 3.43315 -7.2 5.2 -14.8 1.63739 3.71466 3.77287 -3.52068 -1.2 -4 -1.70169 -0.672561 1.81286 -4.13563e-11 2.04129 1.01567 1.2
-6.4 1.95909 -7.2 -8.85536 -2.00821 -1.2 -5.2947 -6.8 -4.4 -4.42612 -3.63493 -5.63822 -0.453202 -2.41173 6.68992 17.6 20.4 13.1952 -9.56946 20.4 11.2 4.46641 -20 3.01079 -1.2 -0.542444 -1.6 -4.2925 -3.33031 -1.98611 -0.359885 0.225103 -0.837083 0.664627 1.2 7.8473
-1.42319 -3.60001 -4.40072 -3.31253 0.235416 -3.81741 -0.4 -2.8 -3.04382 -3.54231 -2.4 4 -4.90547 20.4 -2.92818 14.8 -1.75233 -1.72264 20.3995 5.40841 0.742851 -1.09745 -3.30872 2.63925 0.0496717 -2.1488 -2.53861 -0.414335 -2.8753 -2.07197 -0.370503 -0.8 0.319543 -0.350266 -1.72265 1.18069
-3.6 -3.73388 -2.36334 -5.6 -2.4 -3.6 -2.4 -4.42634 -1.2 -2.82326 2.95134 -3.2 -5.40935 -4.19062 -4.22602 -1.43507 20.4 -5.66741 0.903061 20.3999 19.2 8.74547 0.0488505 0.476983 -0.700896 20.4 -2 0.596066 -1.41008e-11 -1.47233 -0.198092 -1.99422 -3.32942 0.8 3.6 -0.429597
-0.347708 3.92763 0.26796 0.107203 5.01003 3.63667 1.13156 0.122589 2.20583 7.09441 0.464515 8.01823 0.4 7.09119 2.8 0.929259 12.0101 -3.06927 0.290282 1.3522 1.86417 1.9987 -1.33209 0.271272 0.0650185 3.03175 -2.45567 0.293952 4.08682 -1.49159 4.18359 2.30874 0.0248629 3.86373 1.53372 3.70326
2.45202 4.69257 3.15329 -1.77382 3.93386 1.57078 3.70365 1.23871 3.66097 16.3855 3.15393 2.56319 4.8 4.84953 -3.55271e-16 -1.79808 13.4286 2.35951 3.40573 5.56779 14.2425 12.8254 14.4 0.755299 3.4206 2.85281 4.16754 3.53036 1.174 1.08407 3.58066 3.72542 1.50012 3.55522 0.8 3.60291
-5.2 -3.41335 -5.36599 -0.915557 -0.442425 -3.10233 7.98956 -0.524541 1.64171 7.11057 -3.19656 -0.4 20.4 17.987 0.786188 -0.167506 15.0706 1.29905 3.49525 4.05044 7.4577 2.43649 0.31934 -4.98032 2.4 5.58022 6.22493 5.35829 2 -1.02065 5.81899 3.37249 1.2 0.8 -1.19616e-07 1.76807
3.64934 6 7.47362 3.88377 -6.05381 -1.03574 5.7217 2.68513 7.6 5.3754 5.68152 -0.730773 20.3995 0 0 1.42516 20.4 9.19999 -15.4091 9.70728 7.26736 -17.0595 -15.777 17.2 1.46089 1.30053 2.4 -0.4 2.94912 1.77636e-14 6.8 -1.2 -0.530042 4.21876 0.910431 2.15453
-0.475144 12 -6.39833 -4.01266 0.664108 -4.16743 20.4 -2.49442 20.3999 6.0063 10.009 20.4 0.4 -3.6 -0.915434 2 6.858 -2.89243 -1.50067 9.1504 3.2 17.2 -0.292094 13.6801 -2.17165 -5.63606 -1.65618 -1.07594 -2.20226 -0.76018 10 7.96643 -6.38321e-11 -0.329478 -2.08033 8.79846
-2.55515 -2.11099 -5.2232 -6.29463 1.34998 -3.2 -1.12443 -3.49881 -4.61319 0.716168 1.8393 1.16425 5.6 4.4 18.931 5.2 -2.86496 -1.65338 6.3364 -4.15331 4.74814 6 -3.05709 0.548432 -4.26134 -3.54664 -3.61401 3.40596 -1.20036 4.96805 -0.560053 4.44643 -0.8 3.11207 2.2289 2.45879
-7.90045 -2.4 -6.26216 -5.45193 -5.2084 -7.03565 10.8056 -3.57682 -5.75832 1.02444 -7.55832 17.2 20.4 -0.613026 7.6 2.55721 -2.4 0.233206 7.6119 5.6 -2.4 7.38033 1.77081 2.8 -0.971998 1.58401 -5.3968 6 9.89325 6.4 -2.4 0.799986 5.99999 1.6 -2.65455 8
-7.31695 -7.6 -2.11267 -6.32185 -5.61172 -5.6 0.399999 14.6935 -5.27207 -6.04067 -4.22098 -7.09002 0.285106 8 0.399999 -9.2 -1.41128 0.4 -0.4 -1.2 7.20015 0.8 10.7742 -1.85879 -5.96856 -3.67154 -6.20279 0.654589 4.84584 -6.21845 -0.69811 -1.2 1.74194 2.71713 -4.42443 0.4
-5.2 0.711816 -2.30443 -4.8 -0.241399 1.44658 -2.5862 20.3998 -1.82966 11.6 7.6 5.2 -3.079 -1.04609 0.4 2.65096 6.33844 -2.4902 14.5499 -2 -0.31758 2 -1.65373 6.71341 4.56145 7.6 4.39983 -0.4 -1.2 -0.4 -0.592332 1.15851 0.609198 -0.4 0.348759 5.99984
0.399944 -3.55034 -1.72006 19.5073 0.0980832 -1.51268 2.33358 -1.96953 -1.12286 3.17882 5.99999 20.4 -3.90132 -0.557836 -3.5178 2.9402 19.6702 19.6592 4.8 1.2 -0.744166 1.00271 -0.564989 1.63736 7.2 -5.04051 -2.8628 2 -4.13562 6.8 3.13027 0.8 0.4 0.97889 -2.08434 2
0.286664 3.56263 -2 0.00371078 0.290745 -4.02414 -0.587507 -0.8 -3.35008 2.80112 3.16819 1.02212 -3.20169 -1.40737 -2.69321 17.2 -3.1642 -5.46084 -1.35758 2.5612 -2.72459 -1.64049 -1.2 -1.05223 -0.939743 -0.0551502 5.07093 4.22988 -3.63489 20.4 0.496018 -0.425448 -0.144643 2.88353 -1.36752 -1.31011
20.3947 -1.4876 -2.67417 -2.59779 -3.5072 -2.4 -2.39013 -1.2 -2.7516 -1.6 9.6 5.55534 -3.8277e-08 -2.4 2.8 -3.6 -7.43458 0.4 6.34331 0.0233348 -3.62708 -2.27553 10.3601 -4.29385 -5.26103 2.15191 -1.79238 -0.538528 8.16121 5.16021 2.90077 0.277709 0.277757 5.6 -5.35354 -2.8
-1.87429 -5.06032 -2.50218 2 -2.14289 1.99991 1.2 0.687152 -2 10.0143 0.14533 2.15344 -2.24347 -3.957 4.62432 -0.214883 3.74357 0.495598 20.4 -7.08965 0.911055 -0.565907 -0.48545 -0.621426 -3.08241 -0.379062 -1.87384 -1.1077 -1.95247 6.8 -1.61958 -1.78045 -0.120482 -0.130231 -2.63492 8.4
-2.40854 -4.8 -0.4 16.8 6.33635 6.78495 -0.60612 4.32154 10.6483 -2 16.4 -0.387651 20.4 2.63107 -2.76199 20.4 -2.52677 4.57315 9.1545 -2.24224 1.2 7.23884 1.58068 -2.4 -1.09145 0.510541 -0.0607228 8.29188 2.4 4.0946 -0.490895 -3.92621 0.407378 -2.79603 8.4 3.87171
3.6059 20.4 -2.09437 20.4 1.2881 -1.85814 2.78342 0.648556 12.4 2.22703 -2.99037 0.673565 -0.599786 20.4 5.72649 2.39817 3.73951 0.178089 -0.269739 5.36544 2.4 11.2511 2.68999 9.71586 -0.616956 -3.87787 -3.50797 -1.27888 -0.95985 -5.49202 8.8 3.04268 -0.926594 3.99996 1.2 -0.8
4.986 3.44125 -0.74098 -1.6 20.4 14.4 5.6 2.71901 5.76933 4.4 -1.37202 -0.543691 -1.04817 6.87046 -2.35177 -0.753904 0.737441 20.4 4.60148 -1.13331 6.00739 4.39559 2.53806 2.32184 -1.9663 0.641126 16.2689 -1.82843 6 16.8 -4.4 5.69074 0.163965 6.67317 7.2 15.4424
-3.41205 4.4 2.47261 -0.000319002 0.8 2 -0.4 -0.4 2.8 -1.49909 2 -0.4 -2.27395 14.9579 -6.47552 -5.12072 -2 2.8 -3.3028 -1.07199 1.48843 -0.261116 20.4 0.626426 -8.93755 -10.4 7.1216 -15.2 -7.57216 -6.26382 -10.4221 -6.80895 -2.76024 -5.72624 -8.8 18.7543
3.6 -1.08007 -1.2 5.2 -0.0483752 5.6 0.8 0.8 3.52392 -0.8 -0.8 3.32479 8 -9.45994 18.9642 -4.09254 0.506148 12.6135 -0.716346 -3.43455 20.3978 4.81813 20.4 3.84966 -6.07991 -4.15875 2.8 10.305 -8.81513 3.04421 11.2 -9.70105 -8 5.71967 -7.13716 3.15409
-2.4 -2.8 8.7418 5.98703 3.91086 -2.8 2 4 5.2 -0.4 -2.04218 4 -6.89589 4.74031 -7.97939e-08 -3.0432 -2.05191 17.8374 2.61631 -2.69565 2.53507 20.4 -1.89251 2.27714 0 -4.75072e-10 -16 -15.7565 -19.6 -18.6575 20.4 13.6 -2.4 2.4 -2.3022 8.8
-0.4 -0.8 6.03014 8.89881 0.416292 -0.395228 1.6 0.8 2.24866 -0.328673 1.26215 -0.232828 -4.18072 2.311 -8.08818 -2.0913 1.51761 -2.43201 10.8981 -1.6 11.432 0.8 -1.85645 -0.950496 20.1421 -10.4007 -18.1676 0.757909 -6.89169 -9.6 3.2 0.771048 -2.8 7.6 18.4 -0.8
-0.108386 0.458745 -2 -1.73173 7.34058 5.55136 9.83759 5.97902 4.25173 5.50324 9.51006 6.51017 -1.55925 20.4 -2.91895 19.4268 5.52253 4.00516 0.340891 -0.55638 3.2 -0.612416 0.543375 20.4 -6.16144 -5.8157 -1.51924 -7.19999 -5.42677e-14 11.6 -6.00807 -4.21989 -5.24609 -2.00444 -2.8 13.5998
10.3373 -0.4 -0.590911 0.136898 8.17956 5.86443 5.77757 7.70683 4.15081 -2.20079e-08 7.90499 1.23192 20.4 -2.78658 -1.69863 17.2 11.8628 0.316447 0 -4.15543 20.4 -0.201404 -1.52518 0.945913 -4 0.4 4 -4.61681 11.1016 5.61591 -0.974138 -1.95677 16.4 1.4333 -2 -2
0.284859 5.41256 0.283902 -1.11868 -1.80688 -1.6823 17.8484 1.25777 15.0216 5.02807 0.810079 11.8451 19.5999 19.1448 -7.91364 -1.03932 -3.01979 3.94237 0.574487 3.96455 -1.11694 16.8 -2.30314 3.2 -2.4 8 5.74115 -9.12881 -2.69886 -0.285638 -4.40001 4.79046 14.2396 -0.744553 -4.08278 -5.20528
-1.11499 -3.31053 1.16655 -4.59264e-10 -0.72783 5.74356 2.61155 3.1328 3.58299 2.97606 6.06583 2.04873 19.1067 -1.2201 -3.02349 13.6 8.78427 17.6 -0.8 -1.95033 1.01711 -0.259836 9.62563e-14 3.29677 -3.73556 -6.41698 -1.62818 2.99295 -4.08242 -2.39807 -2.23642 -3.96482 -2.92763 0.380527 -3.2 -3.60023
0 0 0 0 -6.00001 0 -4.4 0 -19.9116 -18.4057 0 0 -0.8 -3.00857 -0.8 -0.836757 3.20289 1.84231 20.4 2 -3.35627 13.6403 -3.79841 -4.92829 1.2 9.47025 -5.47749 -4.32054 0.975624 3.6 19.7031 -0.159619 4.78844 11.6 14.3805 3.2
-19.5087 0 0 0 -17.718 -19.9013 -20 0 -19.6549 -19.3535 0 0 0.167223 9.64635 20.4 -2.8 8.76021 1.6 -1.47004 -4.58383e-11 -2.23419 -1.7935 6.30277 -2.89913 -5.91482 -2.55849 -3.2 -3.04868 -4.67035 -1.82657 6.42884 -2.24341e-11 14.7954 3.19913 -0.32724 -0.676502
1.46773 0.8 -0.54986 -0.0355385 6.74158 2.8 1.02326 11.4762 12.2909 3.6 3.74256 0.462689 -2.4 -2.95652 0.161127 20.3697 -0.286761 -0.71803 6.97088 -0.571123 5.17333 0.4 -1.57424 4.6737 1.6 3.07547 -4.53061 -11.0385 -3.75188 -7.70979 20.4 20.4 20.4 0.633185 0 -19.2002
2.78089 4.8 7.33407 0.0663585 12.1687 1.46656 4.68227 8.89909 2.06691 7.66705 -0.4 0.44537 -2.8 -3.6 -0.800037 1.49538 0.539598 3.46486 3.66369 1.20005 18.4 20.4 1.48143 -1.30221 2.76811 -0.8 -11.7869 -0.401972 -6.00906 -2.83282 20.4 1.59996 20.4 9.6 -10.7271 -13.8054
-3.2 -5.71366 -5.4157 -4.82347 3.18445 0.607368 0.990949 0.431592 2.54944 6.29271 -2.2008 4.07495 -1.18466 -5.45021 -5.11775 20.4 20.4 20.0638 15.2 3.2 6.64065 2.8 1.27223 20.0172 7.98116 1.6 19.6282 2.1989 5.59999 20.1065 20.3943 20.1265 18.8786 20.4 -5.97051e-07 -19.3094
5.74305 -2.17831 -2.38708 -5.48444 -0.654302 -2.79953 2.51268 5.10395 -0.698888 -1.48588 14.3073 17.405 6.43055 -5.13781 0.0169778 20.0704 4.03969 20.3853 17.2 14.4 -9.50414 -4.71713 -4.71117 3.49522 -16.7747 20.4 2.812 3.74235 19.9031 20.4 19.6273 20.4 20.3978 20.3437 -6.62922 19.967
10.5165 -6.8 -3.81074 -5.50156 -6.22726 -3.48233 1.80542 -0.563067 9.6 0.267987 5.2 17.2 -7.16488 12.6938 -2.86153 -1.41879 -2.03734 7.62682 2.19002 -0.542891 11.9678 20.4 12.7085 10.4 20.4 -10.9575 -12.4 20.4 20.3836 20.4 19.9718 0 4.10803 13.6 -4.80023 0.317056
-5.34019 -4.33466 -6.10934 -4.05959 -3.62548 -4.60617 6.33513 0.614137 -1.14393 -1.19822 -0.0750025 4.43354 -1.83135 -5.60122 -4.47879 6.98589 12.7403 19.2 -2 19.2 2.41799 -1.21164 9.66699 9.29248 20.4 20.4 -2.00001 20.4 0.8 -6.41706 2.21349 6.04597 -9.6 20.3959 10.2401 1.2
1.42121 -3.69329 4.44537 -1.07889 20.4 6.23891 0.166786 0.316866 -2.20552 2.8 4 8.05462 2.29716 -5.11584 4.923 -4.70835 -4.59109 0.850729 -3.11506 -4.8 -6.88643 6.18623 -6.11365 -4.46372 -3.08521 15.2 18.5752 -9.50849 -13.0068 -14.1713 20.3994 20.4 -4.40007 -13.7402 -2.4 18.4
18.995 -3.40176 1.6 -0.34939 19.0907 19.7657 16 -2.05665 0.4 -0.809104 8.85984 1.02439 20.4 13.2717 1.27811 18.5781 -7.19775 19.9449 -1.21356 4.64344 -4.83795 6.58106 -4.53894 11.3 2.84918 18.6775 20.4 -10.7683 20.4 -7.76478 19.805 20.4 -15.0113 -8.66242 -17.7681 -7.6
3.2 13.1827 -0.606694 -2.34511 -0.283199 6.47182 2.4 17.2 5.04315 -1.2 2.7741 3.97505 -3.50153 -1.2 0.651323 8.29962 4 6 -3.6 4.80342 -5.15288 1.6 -0.40001 2.4 19.5238 -18.8955 -1.96491 19.7393 20.4 -3.49895 16.8 19.1548 20.4 20.4 20.4 20.4
19.8349 17.0282 1.78398 -6 3.09653 5.6 0.402606 1.71148 -5.29043e-13 -2 -2.12678 3.10582 -2.58321 -3.87973 -1.6 13.5345 -2.10165 0.4 0.575595 -5.84607 4.39643 2.8 9.14247 14.971 20.4 20.4 20.4 -12.8 20.4 -1.55434 20.3906 20.4 13.9373 20.4 20.4 19.3963
-0.8 -4.80336 0.539793 1.47378 -0.0501902 2.5262 -0.613105 4.4 -0.0434538 19.9448 1.34554 3.6 -0.625976 4.39552 -2.62299 -2.54556 -1.59397 -1.6 -2.4 -0.954219 -1.6 3.2 3.55914 -9.8862 20.4 20.4 20.4 -2.74947 4.9578 -16.2347 3.98092 10.0067 11.6 9.0456 12.2889 11.1656
4.17627 -3.54749 20.3989 -3.04521 -1.26946 2.8262 1.99999 0.567636 2.41824 7.99468 3.91727 0.915407 -5.02299 2.34099 -5.00208 -3.69254 -4.29147 -3.06608 -0.391789 -1.2 0.121791 -0.391341 9.29925 -1.57727 20.4 -0.849319 20.4 20.4 -19.4743 4.04441 6.16759 4 8.58175 14.7321 11.2988 12.4884
3.53779 9.6 -0.772449 -1.36503 -3.41055 -2.55394 -0.191039 16.5582 1.5322 6.4 2.56453 1.80649 1.13763 5.1349 7.32079 14.2644 0.726356 4.22291 2.80001 15.9308 1.93691 12.4 9.99986 0.296096 14.1337 7.6 15.2 1.7191 8.46364 13.7319 19.7205 19.3923 -1.23375 -2 -0.64916 20.1805
-8 -2.66163 -2.51579 -5.29642 2.81125 -0.068914 9.6 1.80558 4.91339 0.343695 -1.12517 3.11518 20.4 12.5816 1.96861 2.18633 2.51832 4.4973 14.9551 -7.56292 2.39227 6.39994 9.46862 6.79896 16.973 17.2 11.0498 8.62333 9.06767 14.382 4.89689 20.3995 -0.00814019 -2.4877 20.4 -2
-1.99593 -3.0761 -2 6.35974 -3.78665 -0.8 4.16404 -3.17779 3.54667 3.47738 -0.82179 1.12232 -4.4 -4.70464 -5.2014 9.54718 -5.69281 -6.4 -2.5223 10.8 3.6 3.1146 20.3999 -2.52922 20.4 -5.6 -4.4 -8.71064 6.39999 -4 13.6 19.6156 14.4 -19.3543 16.3999 -6.4
-2.40959 6.07022 0.580152 10.2066 13.6479 3.84367 -0.186111 -3.6 -3.95233 0.353466 -2.2518 13.1668 -1.97473 -5.20492 0 12.6534 -4.26911 -3.6 -4 2.29719 1.03801 6.8 -1.6911 -1.50341 10.9103 20.4 -8 -2 20.4 1.2 10.3998 3.6 19.3694 3.99998 -0.699389 -4.8
-7.82604 -2.35775 -0.776085 -4 -1.44375 -3.10334 8.02542 -4 -0.127277 -0.8 -6.66857 19.6 -4.9171 -2.4 -4.42181 -19.7731 -1.2 -4.71678 -6.60979 -1.04246 0.263934 -2.02255 -2.90632 13.1998 20.4 12.177 5.03116 -12.4 12 20.4 0.799986 17.3282 17.0016 14.0109 17.4593 18.2864
-6.56931 -6.6595 1.6 -1.2 -1.20008 -0.728969 15.0854 2.77499 -4.4 -2.68572 -3.04452 -1.59271 -3.14011 -4.50253 -11.9825 -4.03745 -2.49491 -3.69904 -3.2 -6.83321 2.34974 0.211268 -6.87581 1.2 20.3993 20.3999 20.4 20.4 9.18255 20.3348 -4.59333 17.2 15.9191 17.5939 11.2312 19.0596
-2.73998 -2.16691 -1.6 17.2 -0.4 -7.51032e-08 6.28623 1.23643 -2.8 -0.4 -2.05241 4.06144 -1.74273 -4.39359 1.59969 4 4.8 7.9918 -4.34223 20.4 2.21236 11.2 -0.4 -3.22315 -5.99547 -8.60825 -5.65642 -8.93761 -9.6 17.6 18.5971 17.9701 20.4 20.4 20.1947 20.4
-3.30925 3.28995 -2.4 -2.4 -1.66189 1.31447 1.77321 4.11192 2.28689 -0.8 3.37527 0.570752 -0.233597 -5.89845 -7.2 -1.57266 -2.4435 -0.400004 -7.2 -1.77141 19.1338 1.19659 0.0194376 6.67224 -5.70932 18.4 20.4 -11.3072 20.1342 -4.48043 20.4 18.5028 18.8 20.4 20.4 20.4
8.3634 0.399712 0.344164 2.7813 10.5638 0.8 2.29756 5.08089 8.43228 11.0284 2.3898 5.65096 -4.8 -4.4 -6.42848 -0.779038 -2.4 -0.763436 -1.6 -3.6 -2.29142 2.22613 10 0.970526 0.171282 2.56109 0.895154 -0.612304 7.74839 3.97603 20.4 0 14.8 20.0806 20.4 20.4
0.512399 2.037 -1.51871 7.91445 2.29602 11.8362 13.8755 1.84068 5.6 13.6 6.14348 7.2 -5.6 -4.04552 -5.6 6.99383 2.09296 -2.75112 -4.89406 -0.4 15.0714 0.4 19.8883 7.30052 -2.36333 -1.073 3.60226 8.25082 -4.40001 20.4 -9.6 20.4 19.965 20.4 20.4 20.4
2.68086 -1.12661 0.688161 4.71985 1.6949 -2.27936 0.249044 5.41803 1.61895 -3.2 4.00344 -0.621426 -3.19997 -2.3809 -4.8 10.7908 -4.15798 -2.8 1.6 2.8 -3.6 11.216 -4.80637 -3.98284 2.70556 2.11166 3.90939 19.9745 4.4 -3.3588 11.2113 1.6 20.4 20.2928 19.6173 1.6
8.04898 0.8 -1.35745 -0.216921 -0.635493 0.556739 11.156 -0.94454 5.2 20.056 -2.45718 -1.36034 2 -4 5.2 -4.55602 17.0449 11.0081 12.4 -0.0112382 2.69833 -3.93887 -3.2 -3.6 17.2 20.4 11.8207 19.0121 9.52611 12.7976 13.2 16.7027 -3.6 5.20176 16.2529 11.9981
7.74171 11.2573 8 6.26521 8.3137 1.6 2.25951 5.39929 12.8 8.31567 -1.6 10.4 -4.78249e-07 -1.13884 -4.4 4.41929 -2.28276 -2 13.1982 1.0146 1.6 0.8 18.2508 4 -7.47309 -3.6 -0.979892 -0.0889294 20.3912 0.666607 6.4 5.58564 8.8 12.3367 9.10491 4.31678
9.69803 6.16457 5.6 6.91703 13.2 20.4 7.85869 12.8395 4.18192 10.3012 0.11425 6.92128 11.5402 12 -3.02187 -4 17.409 8.95336 1.03639e-06 6.8 5.2 11.5914 16.4645 6.4 1.13762 4.33773 3.6 13.2001 -6 5.18384 5.2 4 2.39999 11.9738 9.6 -0.947614
