36 0 36 72 0 72
15.2 -6.4 14.4065 20 -3.2 13.6152 14 12.736 -2.4 20.0585 8.79885 0.640715 -7.23453 6.56228 -1.2 5.48099 4.61927 14.206 -0.800016 15.2669 -1.83168 0.199476 9.2 13.6 5.52706 -0.817813 18.9787 20.3809 -2.4 -0.692063 18.4 7.46548 5.26724 3.64401 11.2035 15.2
12 -4.37591 -4.45105 -5.23426 -4.45166 -4.80007 -6.8 -4.4 -2.54799 -2.4 2.14835 2.12457 -2.17527 0.8 8.17591 -4 1.88179 -1.6 3.6 -0.704953 4.8 15.1875 12 -0.361477 -2.4 1.98914 -1.05764 0.970869 0.129714 -4.00792 -1.06606 19.4963 -1.85435 1.2 2 0.570033
-4.4449 12.4 -2.4 -4.44274 9.93284 8.07297 18.8 0.49642 4.82764 -3.00234 11.2682 3.92861 -1.20724 8.97541 20.318 0.8 -4.34881 -0.94215 5.40193 8 10.6396 20.3371 4.46194 5.41148 -3.21956 3.33683 -4.94508 -1.35591 -5.076 -4.76059 -1.6989 1.74698 -1.32942 3.19951 4.47653 2.85499
0.211686 -4.82214 -4.91123 -4.24454 1.2 -1.6 15.9303 13.4209 0.735054 -9.1783 0.8 10.7807 -1.7087 -2.15091 -1.57587 0.133113 -3.64577 -0.4 12.8 2.60533 2.08027 -0.741091 6 2.23944 20.3306 -4.25785 -3.46915 -4.29121 6.31902 -2.74684 4.93248 -3.07887 0.271717 -1.84111 3.82805 1.35353
-3.40819 -4.46759 -4.61833 -0.761447 -1.38694 -7.54866 -2.61347 17.2 -4.37538 7.69453 4 19.6215 4.92682 0.710089 3.37135 0.476802 0.0776043 -4.4 2.93623 4.23922 3.79097 4.05892 4.25909 2.20752 -3.2 -6 -6.38741 -4.8 -4 16.4 19.7717 2.31366 -1.2 -0.679111 3.24029 0.572283
-2.59112 -4.08903 19.3143 -5.6907 -7.37728 -3.37573 1.38699 9.3841 6.2361 6.65257 5.6 17.6014 3.20155 -3.17563 8.76319 15.6 -2.12607 -0.0116246 -1.6 -0.939099 1.38296 -1.01499 0.4 2.11896 -1.2 -1.2 -0.0964068 -5.2 20.1658 5.53733 -2.63687 1.70571 2.03475 -0.966852 8.98772 -0.62765
-1.32474 5.96733 5.55998 -4.37361 -1.94314 7.6 20.1707 0.972269 0.44853 1.5221 3.68925 0.376601 12.3979 -0.430697 2.57193 -1.6 0.246678 2.05729 -2 11.478 6.05793 -0.155935 1.58708 8.54257 -1.69087 8.71049 -5.2 2.73008 -0.83576 -4.4 -1.3119 1.13955 -3.2 10.1526 20.4 9.00066
-4.00986 1.56123 -5.6 -5.18005 4.8 -3.87102 -0.223513 -3.91261 19.1999 -2.09741 1.2 -2.13112 -0.689531 2.51802 2.84797 -3.2 6.71447 11.2857 4 -0.110561 -1.07014 -1.49038 5.81291 0.625188 -3.18396 15.8812 -4 -2.65573 1.95035 -1.2 -1.02738 2.17375 -2.79912 -2.43803 -8.00085 -0.4
12.9446 -6.4 -5.1728 -4.51494 -3.43909 19.3308 -0.806478 0.346739 -3.66723 -3.17066 0.0681193 0.0833902 -0.594983 -0.0344988 -2.97366 8.4 -3.16839 1.56103 3.48302 1.81909 10.7207 0.0669942 2.42004 0.8 -1.10721 14.3904 -4.86995 -2.4 -2.8 -4.42235 1.6 1.2112 2 6 1.02723 7.45534
7.50264 14.058 -4.90837 -0.911096 -3.27898 -2.85407 10.5389 -4.4 2.19039 -2 1.6 20.4 -0.739025 9.6543 7.32572 -2.21077 -0.356855 -3.97446 -3.04052 12.4262 2.31755 1.09924 4.37096 2.31577 -1.2 20.3994 -4.60868 -3.2 15.8639 -1.14466 1.51607 -4.90684 -1.44585 20.4 5.92715 18.4
-4.6713 10.8 -6.8 1.99996 -5.6 -4.8 -2.91573 0.4 11.8025 4.6122 -1.27064 -4 -2.8 4.17503 -2 -3.553 -1.44144 3.79266 5.94577 3.71432 16.1602 -0.273049 0.806547 5.18945 19.9035 1.23499 8.4 0.603062 -3.6 20.4 20.3994 -6.49343e-10 20.4 -3.6 4.4 9.99994
18.5715 -2.4 2.65618 -5.2 -6.33957 10 -1.01918 2.8 15.2 -0.4 2 -0.311802 -3.2 -2.8 -2.24026 -2.4 1.23199 3.8381 9.6276 -2.25029 15.7322 9.28879 5.2 11.2402 8.13555 0.799999 20.4 20.2426 1.14738 1.13514 2.8 -1.6 5.6 -1.6 3.33307 20.3455
11.2 7.20193 1.95917 6.89069 12.3435 9.43267 13.3222 11.7887 15.2724 18.2554 12.4691 15.3734 -1.2 -3.2 -1.6 -1.26186 -4 -0.4 3.48954 1.24508 3.31064 4.94467 10.4336 3.22049 1.70113 -0.709135 5.49436 3.47722e-11 -4.8 -2.4 -0.0524735 10.3448 -2.4 -0.8 -7.47963e-09 3.13619
16.0915 8.09453 5.6 5.10777 3.94089 12.9527 12.7144 14.0715 12.5636 15.5636 13.8105 18.9083 5.08195 1.98853 -3.2 17.6 -2.39778 -0.438446 4.23069 -1.2 0.613229 3.77948 6.50282 1.26678 -1.40577 20.4 14 1.2916 -3.04805 0.4 8.58925 -1.37846 -2.4 1.25119 9.36551 -0.495659
5.2 8.30599 0.488852 -1.6 -0.190657 -2.29988 1.19348 1.4232 -0.26813 3.15347 2.35413 4 -3.76549 -1.66365 -4.4008 -3.24313 20.4 -1.67688 0.659796 -0.166239 1.39893 4.45408 1.2 2.40463 -1.63455 -2.80197 -4.84371 -3.35325 -1.6 -0.493656 -0.8 1.21374 0.431065 0.123934 3.01011 5.84111
9.46834 2.8 3.21703 -1.33675 1.6896 1.27206e-05 4.18761 -1.49656 0.4 13.5996 2.80316 17.2 3.0346 -3.50614 20.4 0.996221 7.30435 5.88748 20.4 -1.49306 -0.4 4.66671 4.71442 4.22269 -1.39921 -2.78635 -4.08653 -3.28951 -1.5886 -2.28743 19.4112 -0.763397 0.800802 10.0132 2.34975 2.8
3.60663 -3.05787 1.2 -3.2 -0.405576 -1.90045 -1.53355 -1.00764 5.09036 1.4293 0.619489 1.34902 -3.99382 -3.46699 -2.81174 -4.32372 -3.91045 20.1335 1.88489 20.4 -2.79029 -1.46246 0.0732723 0.523638 -4.06775 -4.1857 -0.928821 -5.04263 -3.30684 -19.5462 -0.475436 -0.680485 -2 -1.25352 0.64509 6.51681
1.79069 -0.961826 0.8 -3.6 -1.68598 -4 2.14383 -1.9652 1.51138 3.56765 5.4373 1.74351 -1.89095 2.94232 2.28512 9.6 -3.17768 20.4 0.609864 -2.26702 -0.319483 5.3754 6.00034 -0.133711 -4.62118 -1.27016 -3.18651 -4.84304 12.8 -4.43109 1.90995 -4.17252 -1.13625 1.05641 1.20623 -2
-1.65868 -1.0848 -2.8 -1.31841 -2.69162 -2 0.784618 9.8665 0.696771 0.567085 10.6305 2.89924 -2.42832 3.16067 -4 -6.21009 -1.70868 -1.2 4.17983 -1.6 17.8594 8.40429 0.65478 2.74651 -1.83035 -0.687116 4.55135 -2.04148 -1.14215 17.0585 12.4458 15.5782 6.42638 2.90298 2.48714 9.4803
9.47299 0.4 -2 6.8 -4.4 4.24919 16.4 -2.97224 13.2 4.14676 7.2 2.38274 1.48229 -1.19393 11.6755 -4.66873 0.0929313 -1.90399 18.8 4.4 10.4982 19.2629 1.17506 3.20804 3.66343 -0.422447 -2.0795 12.7043 4.8 -2.82653 1.29923 -0.782439 2.72604 11.1037 9.29291 10.769
8.65297 20.4 20.4 20.3943 17.998 20.4 9.57014 13.6 5.59824 20.4 15.9956 20 -1.35379 -1.6245 19.455 2.27469 -3.2 -5.29521 -2.4 -1.46282 3.09393 0.8 3.54221 3.26751 -0.8 -1.67598 9.99712 -4.0301 -1.2 -3.18928 2.4 3.67737 3.19994 9.6 1.6 2.4
2.38371 -4.94426 9.6 5.10853 17.6 0.794118 6.53925 6 20.2715 20.3992 20.3921 -13.6123 6.81926 -2.8 -2.4 20.4 -4.88682 -3.39321 -1.2 -3.66779 2.30329 1.2 8.73125 20.4 19.886 18.7112 8.20854 -1.90611 3.25328 -1.16988 -1.07157 4.16439 4.8 0.8 1.57435 3.96815
-2 -1.2 -2.8 -5.2 1.6 -2 2.79855 0.8 -1.31178 -1.40208 11.2 1.85619 0.218139 -1.6 -0.8 20.0752 13.9969 8.79811 20.4 -4.11378 2.40081 7.38558 10.6872 7.28027 20.4 -0.4 3.07229 3.58666 -0.392436 1.08114 -2 2.642 6.39272 7.61567 2.10723 3.6
-1.2 -2.4 -1.10294e-12 -4.8 -2 -2 6.8 -0.648757 3.25774 6.4 2.8 3.6 18 -1.2 20.4 15.9998 5.77252 0.8 9.06574 13.4581 20.3778 20.4 1.85059 5.10387 20.1776 -0.8 11.2832 -3.66674 2.99247 0.532066 -0.106672 13.8798 5.23695 1.60255 3.24295 2.4
12.9763 -3.10376 -2.8 6.13453 4.45863 -2.49303 -3.91264 -3.88647 2.24743 4.71075 4.75515 3.77364 2.02575 -3.15788 -3.16563 -2.68455 -0.334589 -0.60524 2.24825 3.39711 -0.494717 -0.692223 9.27574 10.3534 -2.89204 -2.8 -1.98156 -1.00546 -1.09416 -0.82434 2.37735 2.10326 1.08303 -0.289785 2.11638 -0.132839
7.77255 -2.60856 20.1523 -0.805318 17.2525 0.479656 5.61749 -1.96979 7.10293 18.4034 8.14993 9.16476 1.59606 8.33806 -0.921947 -2.16897 -2.37407 0.932124 7.97885 -6.43488 3.70764 6 6.36297 5.39187 -3.03323 -1.6 -1.53379 5.17585 -4 -1.18961 19.2971 0.382472 1.72234 0.338163 6.4 3.34298
5.38756 -0.41057 0.8 -1.6 7.4857 -2.4 1.47408 1.59943 3.99999 17.6863 3.40329 3.57141 -3.18075 -0.987175 -1.87534 -3.35348 1.49934 -4.364 -0.126594 0.180187 1.02082 8.80026 2.59197 4.22158 -3.2 12.4193 0.569359 -4 -0.730233 -3.74076 5.02638 6.57816 6.43838 -3.49582e-10 3.04309 4.03084
2.65059 -2 5.08361 20.3998 -3.41274 -0.168375 2.8 3.6 17.3227 4.7621 6.00944 2.33843 10.8 -2.79593 -1.40898 -2.68837 5.2 -5.65232 9.49644 13.052 0.5434 3.16154 4.1698 1.18131 13.5207 2.77846 4.59436 -1.6 -1.74084 -1.59034 7.0517 2 4.45822 1.48947 18.6244 2.98935
1.01456 -1.06559 -3.62184 -1.41673 -0.39428 -1.11419 1.987 -3.30647 5.47455 1.31657 2.1982 13.5605 0.214762 -2.8 -4.75609 -3.09614 -1.99605 -5.15463 3.87121 -0.678179 10.1602 14.7006 5.69215 3.21862 -3.2 3.99998 11.6 -0.4 -1.73358 -1.85329 8.72181 14.8 1.97756 -1.3427 2.60616 13.2
-0.707169 -3.10789 10.1061 -3.93317 5.2 -2.78861 4.35665 -2.08993 10.4454 2.57442 9.91637 3.30223 -1.2 -1.43615 -2.08761 -4.06464 -4.5318e-09 -2.34327 0.821641 -0.925203 3.9283 3.02296 3.6 -0.051105 -1.6 -2 4.8 13.4521 -3.41738 2.12112 -1.2 0.232573 3.6 10.5965 3.14808 1.6
10.5095 5.09293 -0.0753168 -2.4 -1.2 -2.58516 2.67993 9.2 4.21184 2.78995 2.18661 8.0067 1.29275 -3.6 -2.93325 4.43839 1.00161 -3.77166 -0.4 -0.486058 0.543199 0.281009 2.29721 4.32265 19.9742 -17.5192 17.8604 16.6468 16.4965 -13.3974 20.4 0.850052 20.4 20.4 6.46172 6.03415
20 -0.857171 8.73645 8.8 -1.57469 0.8 1.2 0.563749 6 3.6 5.07049 2.4 1.18683 -1.70223 10.8 7.39174 4.37024 1.44809 0.0550187 3.16544 2.28268 1.69713 4.46976 1.51666 -13.2596 19.9115 -11.3149 16.4 20.4 16.8 2.4 20.4 20.4 20.4 4.0958 5.64532
10.4 -2 1.04925 -2 1.2 18.8 -4 4.48276 19.2 20.4 4.41968 12 -1.70109 0.110819 -3.44977 -0.68129 3.71515 3.17901 -2.26857 -0.8 -0.265179 6.39941 18.4 9.2 -0.217025 -4.8 3.13259 -4.44532e-08 6.96967 -2 3.38548 -0.0887339 -2 -2.19551 1.97935 -0.0751056
20.2896 2.05148 2.38719 1.59348 -0.8 -2.4 11.0181 6.3644 8.8 2.04215 2.22683 3.59153 2.2195 -0.810402 16 -1.03427 0.175753 -1.32478 13.5635 0.953204 1.2 0.636983 16.5525 2.8591 0.4 -1.99184 -2.47397 -1.67125 -3.32582 -3.6 -1.6 16.4 0.399999 -0.0933913 10.5052 6.43921
1.64526 3.06063 1.31347 0.211588 11.7936 1.91118 1.04426 -0.324211 3.2379 2.4 5.757 7.58625 9.94053 -1.37504 -0.345028 10.4 0.557346 -2.5019 -0.574691 -0.358587 -0.23431 -0.699362 2.3587 11.5442 0.492576 -3.2 -3.53461 -1.2 2.21178 -0.8 -2.35336 3.44166 1.2 4.64727 7.83081 13.3076
2.04246 6.02942 2.01829 -1.19523 5.03559 2.73941 1.71362 -1.65126 5.48578 14.8665 5.22792 10.3686 0.073891 19.033 -0.581159 1.32658 -0.8 3.53259 10.5725 -2.15035 10.0363 -1.19887 10.078 15.6679 5.6 -2 -0.237263 -3.75845 4 0.4 9.71738 1.78658 9.2 7.59375 8.49138 15.7735
10 -1.6 -2.89192 8.48217 0.227341 -0.66257 -2.41825 13.2528 -1.3559 -1.75707 2.74251 1.38746 3.6 -2 2 3.70001 -2 -4 0.4 3.99321 0.488576 12.0846 4 4.4 15.9859 20.4 3.72544 5.05192 4.32798 20.4 -6.46763 -3.44214 -0.0969772 -9.34826 -9.68572 16.8
1.39926 -0.595161 -1.56715 -3.30713 -3.02777 -1.89396 -3.84292 -3.25219 1.13726 1.77445 5.44781 0.834751 1.6 5.05769 1.25851 -0.182231 -1.23407 -2.65194e-09 13.996 2.73846 1.55877 3.89452 11.9507 5.2 4.10265 20.4 5.44466 3.59714 10.2573 3.6 20.0157 17.2 -11.0593 -10.072 -10.7904 -0.000543601
20.3608 18 20.4 20.4 6.8 19.8835 20.2963 -18.6626 20.4 1.6 20.3999 20.4 6.41568 2.08303 -0.746611 -4.2551 -1.18393 -1.15837 -0.0330339 0.882527 1.2 0.4 6.44175 6.37701 -3.63753 -4.17284 0.475815 -4.9841 -2.45668 15.5996 -2.43436 12.3442 -1.61322 3.42128 1.33016 17.6939
14.8 20.4 15.2 5.6 20.4 20.4 20.4 -3.7646 20.1863 20.3881 20.4 1.64994 -3.63471 -0.753248 0.0888551 -2.67857 -0.563863 -0.935534 -0.24971 0.0779445 4.4 16 1.21662 5.76742 7.07081 1.90042 0.562031 -4.03318 15.6881 -4.95521 -1.9227 20.4 7.86486 20.3999 15.1372 11.8875
-3.2 -1.85245 0.0573863 -3.2 5.2 -5.2 -1.97767 0.918917 1.33257 -0.8 11.6 5.75449 8.34883 1.44596 17.0298 -2.7426 0.073691 5.6085 1.73405 -0.374154 13.7377 1.83129 15.4005 4.17685 -2.18588 -2.32502 -2.94872 6.22894 11.4279 4.0013 -0.234434 20.4 13.1867 3.34025 -0.562832 13.4159
-0.424519 4.4 -4.4 -1.8977 0.4 -2 -2.4 -5.6 4 -0.4 8.95356 -7.75115e-09 -0.775535 8.4 8.48465 1.50262 10.5187 7.25727 -0.836146 -2.63886 9.77167 2.93105 9.6 1.42869 2.72357 -4.63035 -1.57324 4.80959 -5.34589 -3.27199 -3.02668 -0.962346 14.9359 0.619514 -0.247402 9.53248
-1.513 -1.59978 0.144465 -1.25716 5.2 -6 -3.6 -4 -1.6 -1.2 -0.4 10.8 -2.4 -4 -6 1.4868 -3.6 11.97 -3.6 0.3532 3.55847 -1.02251 20.4 9.2 18.4 1.2 -0.129258 10.2713 2.72209 -2.4 -1.2 5.61743 0.265094 0 -3.55925 20.3998
1.01827 -2.17921 11.6 3.44426 0.0234204 2.52573 -1.6 4.4 -0.8 2.4 -3.94757e-09 2.4 7.80241 0.797037 -2.35353 -2.4 -1.33138 -2.8 -2.53429 -1.2 1.99943 2.44511 5.59999 1.95808 20.4 -3.2 -2.4 17.6 -2.83186 -0.147866 10.4407 0.4 2.4 3.2 18.7416 3.01091
1.5673 -0.0222108 -3.43055 -2.87966 11.9965 5.55897 0.114929 3.93871 0.331427 6.37965 6.57955 4.93207 -3.2 -1.72748 -4 -3.2 -3.74217 0.514739 6.95263 -2.00595 -0.99618 1.2 3.00968 2 -0.29138 -2.19935 -4.02066 12.6372 20.4 -0.65459 -2.65664 11.9219 0.0130402 2.64062 0.678145 11.4428
14.6904 -1.32697 -0.8 7.22488 13.962 5.01647 6.97184 9.75302 0.846074 4.19797 4.8 12.5671 2 -0.83162 -3.6 -2.44577 -4.4 5.88791 14.4 -1.6 5.03994 -1.6 11.5999 13.6 9.14906 2.08176 -3.05592 -5.52971 -1.45674 -0.697984 1.38651 -2.51871 2.39535 0.232222 -0.390307 1.31394
8.39993 5.58712 -1.59009 -3.6 2.174 6.8 20.4 -1.2 11.2 8 5.19838 10.8 0.278029 -1.49249 -1.81347 17.6 1.45687 10.8572 11.9134 11.9595 5.49024 1.08114 6.25209 3.30339 -2.90832 13.25 16.8 17.8514 20.4 -6.81929 -1.90882 -0.742234 9.95577 9.96612 -4.79919 16.2414
-0.4 10.8 0.8 0.8 2.4 -1.6 2 -8.95728e-14 16.8 9.59998 16.3433 16.3999 3.17941 7.29464 2.30741 2.4 9.38409 0.712621 12.5915 13.8465 2.50197 1.3021 10.6015 16.6269 -3.48767 -4.28169 -4.58545 20.0646 16 -6.08074 20.4 10.994 7.46859 6.28258 3.6 6.66903
0.663763 -3.40541 -3.6 -2.4 -0.8 2 4.69425 16.7433 3.2 -3.2 19.9046 20.4 18.8 0.581729 9.6 -0.108659 -3.69618 -3.71522 -7.2 -1.83665 -1.2 7.36278 0.0901005 16 -10.1455 -5.76065 -11.2342 -12.3688 -20 -13.0143 20.4 10.4 19.8043 9.6 -14 14.4
6 3.21732 -5.46775 -4.69104 19.3987 20.3968 2.4 -2.55845 -0.800001 5.43301 9.21561 -0.497773 3.54368 -1.82843 -0.390688 -2.30959 -4.30542 0.179743 14 -1.2 9.93055 6.45242 3.30961 3.78037 -5.3187 -7.10343 -12.502 -10.9143 -20 14.2291 9.6 10.8 16.8 10.311 19.4395 10.4
5.08989 14.1267 -4.76018 -0.800662 5.95632 -3.28162 -2.1863 -2.4 18.7107 -2.4 -2.00031 0.972638 -3.07026 6 9.59444 -2.41417 1.17068 20.37 0.8 1.61454 0.8 2.21257 3.2 3.52123 7.76293 0.599414 -4.06639 -4 -5.6 -4.54913 3.2 12 -0.4 -3.2 -2.15641 0.377744
2.40767 -1.80471 -5.04366 3.08875 6.80671 -4 -3.2 -4 -2.29688 -0.663138 -2.55835 2.47776 -2.85662 -0.280082 -3.91147 1.18754 -0.805652 9.2 -1.2 -3.2 1.2 2.19252 11.8948 13.0954 7.93454 13.6087 -4.48758 -4.8 -6.59619 -3.6 14.8 20.4 19.6016 -3.2 3.2 -0.815718
17.2621 17.941 -5.06449 -2.95373 -5.62783 -2.14992 15.8314 19.1999 -3.6 -2.14085 6 17.6 -1.79661 -2.45337 -4.42936 -1.66433 -2.27456 -2.79215 5.00742 14.8 3.40588 4.8 2.82844 4.7497 -4.84219 -5.13768 -4.51374 2.58126 -0.676918 -1.13514 20.4 -3.53279 -2.20164 -0.397945 7.24774 0.0572553
3.73866 -5.4279 -2.04069 10.9926 0.306933 -4.55605 1.50356 4.72795 7.48714 0.342659 1.12294 3.76293 11.6685 7.43685 -4.81505 -4.41236 -3.18156 0.362811 -0.263648 0.786625 12.0721 20.0885 7.73711 1.10929 -0.786329 7.88593 20.4 -4.79207 -1.34001 -1.67519 -2.92164 7.93216 0.0299605 0.63731 2.76154 -1.38274
20.4 18 -3.02492 19.0988 -1.24476 -2.51056 5.16808 14.7886 2.55158 20.152 1.66908 -0.933443 3.13468 2.98074 -4.8 -0.884482 11.1231 2.17304 0.8 5.1682 3.94614 3.70796 5.24091 3.2 -2.8238 -4.4 -5.6 -4.40187 -4 14.4 0.603143 -1.62456 15.2733 11.8971 19.8889 0.190299
20.4 -3.66909 9.89752 -4.42522 -1.9526 -0.074668 -0.964599 8.33762 -0.0404705 1.2658 -3.67016 -1.52832 13.8882 0.951087 -0.157266 10.4279 12.4001 4.43484 4.26531 18.8 4.06904 5.26059 8.02669 5.65022 11.2 -3.2 -4 -3.6 -0.298283 4.39751 17.6 20.4 0.8 6.83916 8.63245 -1.6
-0.412432 -1.28196 17.2 -3.0402 -3.09663 -1.09292 3.13338 -2.07473 -0.772217 -0.138475 0.207619 0.25304 3.21212 -1.31121 15.6187 0.110929 13.6 -10.877 11.6 20.0329 20.4 18.8788 20.1342 10.8 -2.4 -5.39685 12.998 -6.23919 -5.19732 -7.5179 17.2 3.88381 -3.6 -1.6 6.65136 2.15632
9.6 1.15254 -2.29829 -3.69407 -3.2 1.20409 14.6748 -1.19251 17.2 5.38891 3.15282 4.61743 1.48346 1.85306 4.71859 1.4125 -0.347848 8.97952 20.4 20.3998 20.4 19.6194 -5.6 20.0038 -4.16727 -3.54675 -8.08207 3.22575 -6.15345 7.5314 20.4 -5.02577 -3.96261 -1.32913 20.4 19.6333
1.15799 -2.98746 0.0790764 -3.61904 -2.99346 -1.24089 3.91533 10.3905 1.2 1.6 -0.956177 0.401007 -2 -2.33112 -3.04676 -3.6 0.799642 -3.6 0.684816 1.2 9.6 5.33006 2 1.80984 -5.29769 -3.96664 -1.20001 -6.14474 16.8 -4.28014 20.4 -4.0749 10.636 9.93478 18 20.4
18.4 2.26308 -1.86828 13.4437 -2.94917 11.2 5.79111 0.462709 1.35275 20.3998 0.787976 2.49417 0.4 -0.966029 3.89461 -4 -1.3197 0.399992 -1.2 -2.8 10.8 1.2 16.8 1.2 18.8 20.3951 18 -6.00001 -3.6 -3.2 7.25542 -1.07408 -3.33789 20.3996 -1.10937 6.99165
-2 -3.31421 20.4 -6.4 -1.14953 -0.125889 20.4 7.6 -1.6 -4.0615 -1.89498 0.189273 -0.549762 -2.12441 9.53638 -0.11619 -1.58067 12 -0.174846 3.52718 11.8505 4.4 5.91116 4.04228 11.9704 -0.567581 -1.12324 -2.4 0.768432 -2.4 1.96948 0.670102 0.4 13.5595 4.8 6.32087
1.37389 4.18354 -1.84607 -3.6 -3.75348 -1.00563 -0.693185 -6.98805e-09 -1.2 -2.5843 1.58339 1.07773 9.2 0.562381 1.69588 1.11602 0.10482 1.91949 15.91 -0.0630362 3.23662 8.94732 12.3817 5.78483 1.14269 2.05966 2.78958 2.0452 -0.468563 0.804681 4.77518 14.4 4.63674 19.8568 11.9078 3.78904
6.15497 14.668 14.7933 9.5711 11.9367 -13.2749 1.8731 20.3999 7.1495 19.8882 2.26195 2.51877 -0.89788 -2.4 1.6 2.2554 -2.4 0.612535 0.890854 10 0.228039 18 4.17472 3.2 -2.25294 0.397386 -3.0367 -1.59002 -1.45596 -1.19305 -0.349043 4.89199 0.704968 4.4 10.8453 19.9865
-15.2 16.5897 15.3951 15.8165 18.153 15.9799 4.82158 20.1397 20.392 20.4 5.48435 5.72716 1.6 -3.2 2.8 4.78295 -2.12511 -2 1.2 -1.2 2.55808 2 2.21288 1.36269 5.7193 3.59993 0.750848 2.53897 1.16284 10.6326 4.98446 -9.24586 2.16571 2.37171 10.3991 15.2
-10.4922 -3.31855 -2.37169 13.2 -1.33383 0.15985 -1.2 -0.860592 19.6898 4.996e-15 0.256742 3.6 -2.48739 -4.42831 -0.79322 9.01876 3.13696 -6 6.04851 0.8 -1.12731 12.3675 4.26877 6.13143 -1.4388 0.2588 -1.29435 3.3057 -0.300042 -1.20331 3.6 1.63702 3.9994 6.79966 10.7995 12.4
-2.58278 -2.4 -2.8823 -5.82315 18.2337 -2 -0.8 4 3.40834 -0.4 -0.401434 17.9621 -1.2 -1.0353 -3.2 -3.2 0.708616 -3.01282 1.67662 15.1941 8.01383 1.77437 -12.8216 3.75382 5.07503 3.2 3.72802 0.399633 1.05781 10.3869 11.8795 4 4 5.84814 8.33166 5.1849
20.4 -5.2 17.6 -5.6 -2.62468 -5.2 -0.774239 3.2 2.29869 -2.7967 -0.4 1.2 8.87135 -2.32234 -1.2283 16.3137 -0.4 -0.742554 10.7327 4 1.2 0.916488 5.11885 1.47666 3.59134 2.64274 3.55613 -0.375038 5.6 0.656992 4.8 3.17128 5.58353 4.21289 6 9.2
8 -3.83526 -2 -5.6 -2.85391 -2.28894 -1.6 -0.0495075 1.6 20.391 7.51168 4.8 -4.4244 -2.8 1.2 -3.15598 12.3412 -3.6 -1.6 13.4838 7.82114 2.8 8.58603 1.8278 8.33925 3.6 4.92475 2.4 -0.558426 2 2.39997 3.5393 5.00251 4.64156 9.07136 4.5855
-10.0006 -0.8 -3.34579 -0.525303 6.21996 -1.2 1.62732 -3.6 -0.793584 0.864227 2.54669 10.7987 -2.62978 -2.12038 1.46026 -0.217876 1.28533 -1.6 5.22342 1.07602 -1.2 0.4 0.8 2 3.6 0.799988 2.75105 0.4 1.19999 2.60634 3.76605 3.59925 3.00875 6.72669 6.79995 14.4
6.48567 2.41029e-13 7.80703 -3.4526 -3.70785 -3.25374 14.6368 20.1329 0.538829 3.6 8.40673 -0.8 -3.21552 2.96245 0.632228 -1.07199 0.816118 1.1961 4.91623 2.95507 -0.326299 -0.8 0.774484 2.99503 4.36218 2.18988 3.75072 -1.27553 1.30157 4.78839 14.3983 11.599 6.39996 8.39982 19.6932 15.6
-4.07522 -6.67116 -18.0086 19.5769 -2.6354 19.6 0.447955 5.08398 7.34004 7.60451 14.4942 20.3735 6.4 -3.5544 6.60387 3.63356 17.2 2.54009 4.12676 15.5982 12.8 15.2 11.6 4.63416 4.54896 4 19.5658 14.8 1.9909 1.19997 8.4 12.8502 19.6 3.2 11.2 16.4
-1.54723 13.1995 6.46005 2.15952 5.6 5.44981 -0.762599 20.4 18.06 1.80984 19.6033 18 11.8422 3.2 3.68742 -2.88969 0.368527 6.70674 15.9456 2.80463 8.39216 12.4 6.4 10 10.8001 2.71068 4.9739 14.7999 7.30305 5.2 4.78606 1.6 13.6 8.8 14.2751 14.3989
