48 0 48 97 0 97
-3.52611 1.3992 -3.2 -4.43468 -1.15375 -1.04272 -10.3247 -7.67826 -10.4198 -8.57086 0 -14.0803 -2.53339 -0.561738 -2.98513 0.904434 -0.480279 1.42301 -0.438153 -7.62443 -0.383646 -0.358692 3.52271 -0.451487 -0.760729 0.105668 -1.12957 0 -4.18863 -7.56052 -1.11256 -2.72153 -0.30143 -2.06123 0.267358 -0.513184 -2.73416 -1.57324 -0.383274 -1.41356 0 -1.5324 -1.05125 -2.4 -0.454576 -1.13817 0.866465 0.844008
-0.0176906 0.287168 -2.98883 -3.66973 1.30332 -8.70511 -9.08138 -10.4 -10.2759 -13.1561 -15.097 -17.1014 -0.928411 -1.40075 -0.251885 -0.5388 -2.25955 -0.978258 -0.114133 0.223922 -0.361556 -0.894492 0.317406 1.18475 -0.790897 -1.13316 -2.4 0 -6.76678 -5.60732 -1.92794 -2.23904 -1.76465 -1.77832 -1.4278 -1.25251 -0.34293 -2.79437 -0.0866554 20.7997 -1.41544 -5.35279 -0.713852 -3.05965 -1.79517 -2.26 -1.73336 -1.09881
-2.76392 -0.31216 -0.160471 -0.793756 -1.75799 -1.22212 -2.10833 -2.81534 -1.18189 -0.607302 -1.0114 -1.12199 -0.994319 -1.71631 -0.72731 -1.41377 -1.37347 -0.572776 -1.32159 -1.9386 0.471536 -0.668768 0.361933 -0.767537 -0.233752 -0.503642 -0.8 -0.176898 0.231929 -0.839399 -1.85851 -1.11278 -0.326199 -0.99359 -1.13823 -0.63449 -1.47998 -0.814136 -3.59046 -1.562 -0.362917 0.707197 -1.6 -4.83671 -0.738894 -1.76858 -1.59073 -2.8089
-0.537631 -0.541307 -1.42934 -1.20793 -0.443129 -1.3167 -1.6 -0.873092 -1.09565 -1.14147 -1.97369 -0.626586 -1.55416 -0.459364 -0.689102 -2.54581 -0.158104 -1.27812 -1.6 -1.06352 -0.895484 -1.47141 -0.361051 0.336753 -1.05037 -0.792563 -1.10541 -0.99641 4.8638 -0.900284 -1.4064 -1.91777 -1.4666 -1.43785 -0.725649 -1.32151 -1.26048 -1.15763 -0.516376 -1.20974 -1.7407 -2.51226 -3.37581 -1.57185 -0.77103 -1.51451 -1.52314 -2.82132
-0.75998 -0.929485 -1.84704 -1.2153 -1.05335 -1.58281 -0.641971 -1.55186 -0.987786 -0.671119 -0.715461 -0.995625 -0.931837 -0.707177 -0.963456 -1.39428 -1.00119 -0.264661 -0.8 -0.560158 -0.681247 -1.02218 -1.1669 -0.589814 0 -1.34678 -0.767218 -0.972803 -0.222674 -1.6 -1.26201 -0.395004 -1.44268 -1.1766 -0.795672 -0.723988 -2.14716 -1.02566 -1.81758 -1.89641 0.845173 -1.58197 -1.49078 -2.21883 -2.12545 -2.4 -0.290235 -0.734341
-0.854483 -0.465835 -1.22002 -1.52675 -2.05383 -1.00717 -1.32828 -1.29757 -0.460264 -1.17038 -1.0878 -1.23884 -1.37784 -1.16931 0.167038 -0.938034 -0.655713 -1.94758 -0.996085 -0.730117 -0.281708 -0.739305 -0.715168 -1.17185 -0.67347 -1.35566 -0.269252 -0.867052 -0.584764 -0.67478 -1.84237 -1.25132 -1.00221 -1.33371 -0.249114 -0.493989 -0.8 -1.83827 -0.403435 -1.80318 -0.991985 -1.08798 -2.84779 -2.4 -1.05706 -1.45014 -8.84743 -1.60402
-1.09439 -0.699557 -2.72771 -1.59411 0.42611 -0.796864 -0.50876 -2.258 -0.492365 -0.886676 -0.8 -1.54221 -1.33127 -1.13294 5.27107 -0.318332 -0.253877 -1.28972 -1.47732 -0.8 -0.352937 -0.96657 0.312531 -0.76077 -0.634847 -1.054 -0.936615 -0.286031 -1.6 -0.826768 -0.738061 0 -1.20931 -1.0091 -0.251194 -1.92966 -0.978514 -0.777271 -1.5043 -1.37655 -1.80722 -0.268421 -0.571253 -0.893552 -0.78291 -1.15005 -0.717799 -3.32183
-0.369573 -0.352337 -0.611033 -2.07492 -5.61661 -0.613379 4.36206 -1.19579 -1.3967 -0.450479 1.13243e-14 -0.458299 -1.99304 -0.711044 0.421171 -0.697748 -0.56613 -0.909932 -0.8 -0.434078 0.0370531 -0.274722 -1.15947 -1.36717 0.057322 -0.739966 -0.754866 -0.792293 -0.661073 -0.234677 -0.874645 -0.791628 -0.656001 -1.24628 -0.702861 -0.8 -1.04315 -0.777128 -1.14189 -2.19155 -1.29735 -0.684366 -0.708751 -1.49895 -1.01573 -1.19511 -0.659445 -2.66192
-0.848314 -1.29197 -0.573913 -0.865527 -1.50137 -1.50228 -1.02857 -1.18371 -1.76733 -1.07358 -1.39054 -1.81444 -1.09612 -0.739967 -3.40285 -0.8 0.147924 -1.29345 0 -0.713391 -0.917447 -0.8 -0.162192 -0.571102 -1.34943 -0.664904 -1.76926 -0.995295 -1.6 -1.88356 -1.21812 -1.14788 -1.42041 -1.55108 -1.9073 -1.56039 -1.13041 -1.33067 -1.17931 -1.7104 -1.91975 -1.98899 -2.04312 -2.37671 -2.73844 -2.52095 -1.43433 -2.31061
-2.12883 -1.26255 20.7995 -0.704053 -0.714685 -1.10866 -1.58213 15.1379 -0.866248 -0.24191 -18.9235 -0.755485 -0.668421 -0.255537 -0.8 -4.8 11.2 -0.222635 -0.161564 -0.530636 -1.32008 -1.04527 0.400051 -0.687536 -1.04546 -0.859892 -0.125104 -1.92961 -1.58546 -0.599814 -2.00387 -3.53777 -1.06971 -1.59567 -5.93861 -1.0914 -2.04184 -2.03351 -1.69411 -3.17868 -2.32755 -2.13226 -2.21189 -2.79801 -0.676992 -1.71054 -2.42397 -3.31855
-3.08945 -0.811192 -1.84569 -1.10341 -1.54572 -1.16152 -1.80334 -2.16151 -1.73732 -1.35755 -2.1068 -1.51996 -0.887226 -0.599086 -1.6 -1.29674 -2.34015 0.8 -0.778755 -0.820979 -1.28969 -0.702379 -0.181578 -0.325004 -1.14445 -0.8 -2.3007 -1.12055 -2.03102 -1.38672 -2.11022 -0.503357 -1.79666 -1.78559 0.159702 -1.36818 -1.0962 -0.467401 -1.30853 -0.549603 -1.04463 -0.661982 -2.06848 -2.03239 -1.20362 -1.57271 -1.24856 -2.67524
-1.95125 -2.10306 -3.2 -1.229 -2.77116 -0.591834 -1.18989 -1.33885 -2.74569 -2.26123 -1.93569 -1.5596 -1.52644 -1.13965 -7.2 -1.39459 -1.54634 -1.4254 -0.950429 -8.44422 0 -0.170927 -0.2516 0.0908152 -1.51303 -1.16276 -1.09863 -1.48485 -2.4 -1.59973 -1.42875 -1.18568 -1.1369 -1.9364 -1.32813 -0.678585 -1.37103 -1.02942 -0.329319 -0.72411 -2.4 -0.896416 -1.28552 -1.82188 -1.06689 -1.27763 -2.18452 -0.8
-0.649724 -0.677388 -0.685584 -0.456241 -0.975383 -1.08024 -1.6 -0.88369 -1.3269 -1.10127 0.349994 -0.750059 -0.17158 -0.624345 -0.294603 -0.946218 0.277464 -1.37557 -0.949127 -0.221505 -0.482774 -0.700377 -0.8 0.583786 -0.8 -0.645176 -0.456794 -1.6 -1.45031 -0.8 -0.8 -0.677874 -1.21565 -1.56855 -1.25422 -2.26911 0.117079 -1.97394 -0.4263 -1.5315 -1.98614 -0.423848 1.63026 -0.980423 -1.22537 -2.14409 -1.42292 -0.8
-0.216347 -1.11418 -0.762663 -0.960354 -0.897142 -0.470234 -0.558693 -1.42346 -2.48929 -1.15576 -0.923204 -0.4561 -0.294182 -0.8 -0.618423 -1.23147 4.36542 0.260308 -1.17217 -0.711348 -1.04334 -0.710344 -0.474273 -1.27034 -0.789092 -0.8 -0.8 -1.0013 -0.922878 -0.35556 -2.13901 -0.516962 -0.962607 -1.57003 -0.667785 -1.29385 -0.177038 -0.287681 -0.541863 0.211052 -0.633519 -0.383947 -1.71475 -0.8 1.6 -1.44826 -1.34591 -1.16721
-0.263803 0.170215 0.305018 0.364757 -0.106748 -1.22292 -1.20454 -0.91023 -0.305217 -0.5008 0.197603 -0.397551 -1.18279 -0.613757 -0.579592 -0.8 -2.8946 -0.602308 -0.8 -0.65785 -0.727397 -0.42756 -1.0015 0.0931336 -0.8 -0.779654 -1.02552 -1.59215 -1.16122 -0.117955 -1.03263 -3.77357 -1.57212 -1.08404 -0.441733 -0.475046 -0.950887 -1.04515 -1.43569 -1.6 -1.22755 -1.17964 -0.617456 0.662656 -0.291616 -0.732026 -0.728315 -1.33453
0.259136 0.0882987 0.0738354 0.341188 -0.129301 -0.454626 -0.912398 -0.815406 -0.421298 0.279728 0.590989 -0.20703 -0.481119 -0.547828 -1.08811 -1.11188 -0.8 0.0690687 -0.773804 -0.654178 -1.01168 -1.2838 -2.84026 -1.6 -0.363957 -1.14498 -0.995361 -1.03905 -1.05114 -1.94366 -0.319396 -0.273612 -1.28781 -0.797008 -0.252006 19.7309 -0.791678 -0.71517 -0.906852 -0.788566 -1.52914 -1.45891 -1.46125 -0.542484 -1.02917 -0.575629 -0.8 -0.8
-0.029098 -0.454163 -0.422539 -0.152442 -3.52109 -2.54092 -0.730039 -1.49611 -19.6647 -0.531705 -0.507827 -1.38548 -0.318848 -0.483579 -0.497694 -0.368873 -0.895501 -0.49882 -0.365159 -0.8 -1.19483 -1.06952 -0.400996 -1.81346 -0.681004 -0.656447 -0.471479 -0.604793 -0.126168 -0.438965 -0.763488 -1.13846 -1.37992 -0.547577 -0.463539 -0.975744 -0.450692 -0.901292 -1.08573 -1.18252 -1.54686 0 -1.6 1.31881 -0.951377 -1.43034 -0.8 -0.743761
-0.564627 0.258293 -0.15164 0 -1.79265 -2.47122 -1.06979 -0.818256 -0.601248 -0.601857 2.22045e-16 0.503697 -0.958329 -0.237753 -0.788861 -0.411047 -0.732155 -1.23156 0.0660638 -0.586107 -0.60291 -0.975352 -0.931532 -0.410772 -0.166125 -1.07566 -0.692093 -0.246795 -0.910889 0.639228 -0.381675 -0.463322 -0.446961 -0.661011 -0.343393 2.82675 -0.47734 -0.67071 -1.56523 -4.8 -0.778645 -13.2611 -0.968475 -0.577712 -0.30913 -0.889292 -1.05701 -2.81792
-0.0989186 -0.8 -0.383315 -0.923073 -0.988275 -0.604567 -0.307811 -1.43675 0.101476 -0.43487 -0.538064 -0.8 -1.22328 -2.39532 -1.49137 -1.03705 -1.11579 -0.8 -0.271963 -18.941 -0.739948 -0.952411 -0.164464 -0.644264 -0.8 -1.06008 -1.451 -1.36643 -1.82403 -1.5569 -1.84838 -1.38317 -1.27327 -1.6 -1.03972 -1.49816 -0.556621 -0.916474 0.246096 -0.255106 -1.55924 -1.47502 -1.15986 -0.884902 1.74667 -1.16126 -0.419989 3.18634e-13
0 0.17812 -0.591551 -0.53658 -1.77982 -0.596034 -0.437798 -1.96244 -5.58561 -0.32058 0.334343 -0.214649 -2.61175 -3.67938 -6.07137 -0.8 -0.640747 -2.37649 -0.626908 -0.183471 -0.773235 -0.95432 -0.202319 -0.458882 -2.12806 -1.39846 -0.64034 -1.28198 -1.36348 -0.619118 -1.24567 -0.988546 -1.26234 -1.24359 -1.23291 -0.663462 -0.0660221 1.64734 0.730197 -0.973817 0.739015 -5.06004 0.00862974 -0.610029 -2.12475 0.412016 -3.85792 -1.40838
-0.066673 -0.144887 -0.0520599 0.0484722 -0.894832 -0.654091 0.983321 -0.976635 -0.412077 4.20886e-12 3.12067 -0.231574 -0.690705 -0.308691 -0.89128 -1.12272 -0.759006 -0.91904 -1.45532 -0.8 -1.02941 -1.6 -0.306309 -1.12843 -0.578177 -0.557006 -0.763669 -0.970791 -0.798281 -0.997073 -0.735836 -0.8 -1.74225 -0.602781 -0.493056 -0.8 -0.213622 -10.17 -0.58304 -1.016 -2.78842 -3.18863 -2.83638 -2.4 -0.287566 0.0164813 0.500362 -0.677898
-0.354093 0.187573 -1.03858 -0.322931 -2.09193 -0.791943 -0.560866 -0.5685 -6.35544 0.251894 4.22817e-12 -0.560405 -1.01425 -1.30666 -0.664596 -2.08757 -2.2802 -0.707419 -1.54235 -0.996724 -0.752721 -1.38145 -0.969764 -1.06897 -1.46446 0.389195 -0.752742 -0.707262 -1.34541 0.825396 -0.220828 0.154405 -1.65401 -0.163131 -0.659989 -1.0294 -0.247234 0.0619053 -1.22537 0.701549 -2.30019 0.629854 1.24479 -2.03561 -0.0560399 0.600909 2.26612 0.583245
-0.477246 -0.662501 -2.864 -0.9813 -2.1801 -1.3056 -0.894886 -0.733247 -0.787559 0.8 -0.247195 -0.704869 -2.08068 -1.15709 -0.794307 -3.56111 -1.00678 -1.30848 -1.11144 -1.23388 -1.6 -1.8374 -1.44047 -1.74555 -0.771387 -10.4 -0.766795 -0.655011 -1.11925 -1.55338 -0.428122 -1.07966 -0.8 -1.10261 -0.701683 -0.65787 -0.976389 0.101293 -1.07021 -0.321634 2.28795 0.93098 0.530388 0.492027 -0.132735 -0.425036 -2.95887 -1.21
-0.632743 -1.04098 -0.7842 -0.427757 -0.66423 -0.726268 -1.26799 -0.723816 -1.06035 -0.746171 -0.488036 -1.09685 -0.00517277 -1.27594 -1.91175 -1.06148 -2.07075 -1.39226 -0.442671 -1.36255 -2.14199 -1.5656 -1.71014 -1.39334 -0.274711 -0.588902 -0.558617 -1.19354 -1.26877 -1.03252 -0.521773 -0.679794 -1.17337 -0.422315 -0.305626 -0.501249 -0.653782 -0.288921 -0.40098 0.0493235 -1.11645 -20 -2.7376 -0.682027 -0.947888 0.850483 0.182971 6.6529e-12
-1.26279 -0.545265 0 2.80101 -0.487723 -3.08123 -2.25033 -2.5919 -1.31856 -0.840982 -1.58001 -1.40633 0.537863 0.395172 -1.07668 -0.493091 -0.115537 -1.9127 -0.748662 -0.305365 -2.90574 -0.57515 -0.17082 -0.555744 -4.66077 -0.719688 -1.71552 -0.981248 -0.270766 -0.297493 -1.32193 -0.782152 -0.41587 -0.493285 0.00221861 -0.508846 -1.04748 -0.898282 -1.33163 -0.637619 -2.04584 -1.39466 -1.5636 -1.53273 -0.976221 -1.3027 -1.821 -1.02544
0.642439 2.51892e-11 0.944254 2.68088 -0.624036 -2.09307 -2.74324 -1.81736 -0.771478 -1.00056 -1.89508 -1.12743 0.284594 -0.783763 -0.351621 -1.2999 -0.522767 -0.53265 -1.34551 -0.488295 -0.764704 -0.925974 8.47766e-13 -1.13993 -2.02956 -0.411441 -0.709108 -0.218724 0.0748229 0.127571 -0.393374 -0.31688 -0.329063 -4.66124 -3.54427 -0.109966 -0.101187 -0.617842 -1.05417 -0.74171 -1.43823 -0.8 -1.67853 -0.8 -0.899964 -1.83445 -1.52838 -0.8
-1.59483 -0.317784 -17.3921 2.96355 -3.23172 -3.88573 0.358644 -1.51047 0 3.10862e-15 0.487661 -0.0968665 -0.282939 -0.194166 0.0720343 -0.694249 -1.48657 -0.450857 -1.10846 -0.309405 -0.082545 -1.25112 0.0117068 -0.429948 -0.57016 -0.561144 -0.479499 -0.416291 -1.20135 -0.608722 -0.58267 -0.12508 -0.775983 -0.742716 -0.436749 -0.31005 -1.0642 -0.592432 -0.8 -1.21586 -0.644703 -1.6 -1.22475 -0.601668 0.165837 -2.82284 -0.524111 -0.736454
-0.8 -5.91918 -18.1046 0.236502 0.338754 -1.19629 -1.1041 -0.738485 1.02361 0.293437 -0.294545 -0.230016 -0.333204 -0.284834 0.00668725 -0.8 0.221757 -0.520648 -0.0986736 0.808066 -0.253273 -0.475321 -0.56007 -0.0332403 -0.467455 -0.20731 -0.575285 -0.519035 -1.65706 -0.8 -0.735445 -0.374321 -0.928744 -1.06055 -0.640027 -0.593704 -0.515594 0.759534 -1.33056 -1.06506 0 -0.420287 -3.81062 -1.6 -0.773354 -0.975864 -0.774382 0.904747
-1.51842 -2.06015 -1.46906 -1.6 2.74816 -2.15218 -3.79651 -1.05502 -1.96485 -1.07615 -0.8 1.08802e-14 -0.654195 -1.77407 -1.6 -1.26077 -1.6 -1.24726 -0.433519 5.32907e-15 -1.57157 -0.595728 -1.24067 -0.8 -1.16041 -0.79189 -0.732328 -0.8 -0.94166 -0.8 -1.1758 -1.31098 -1.10064 -1.41137 -0.740443 -0.8 -0.8 -0.868429 -1.56458 -1.6 -1.95376 -1.6 -1.23731 -1.11259 -1.6 -0.541298 -0.8 0.533003
-2.25974 -1.41407 -0.756649 -0.689779 -2.37678 -0.077792 -2.22237 -1.02639 -1.10341 -0.795592 -1.6 1.06336 -0.731788 -0.999693 -1.42089 -1.52817 -1.3458 -2.29982 -0.380064 -0.8 -1.41498 -0.773819 -0.791613 -1.19841 -1.6 -0.770798 -0.8 -0.604465 -0.906476 -1.25043 -0.0988615 -1.6 -1.10209 -1.20688 -1.11058 -0.781153 -1.55896 -1.47807 -1.20951 -0.79441 -2.28045 -1.84876 -0.8 -1.45993 -0.599533 -1.81071 -1.56781 -1.17921
0.8 0.962039 0.56797 -1.23483 0.596201 -0.267559 -0.862248 -0.338813 -0.930873 0.8 -0.8 -0.8 -1.02553 -1.58493 -1.41315 0.0659981 -0.738391 -0.964019 -0.274982 -0.783157 -1.85873 -0.779702 -1.17241 -0.626001 -1.34507 -0.637684 -0.884663 -0.950865 -1.22768 -1.4074 -0.948288 -1.0358 -1.09606 -0.671183 -0.736339 -0.501681 -1.16005 -1.37672 -1.17326 -1.4209 -1.25665 -1.26033 -1.49311 -1.27099 -1.04043 -2.21255 0.100783 -0.8
0.290178 -5.96169 0.35668 -1.11155 0.151728 -1.38285 0.040237 0.216567 -0.589938 -1.50907 -1.05 0.100735 -1.51871 -0.8 -0.996953 -1.28464 -0.619932 -2.05425 -0.36587 -1.1984 -0.526104 -0.598318 -0.469094 -0.722579 -1.05298 -1.6 -0.8 -0.687389 -1.28462 -0.88241 -1.39414 -1.19524 -0.650422 -0.617914 -0.346904 -0.8 -1.03452 -1.46424 -1.48736 -0.8 -1.10178 -1.86116 -1.6 -1.24673 -0.563631 -1.28446 -0.758054 -1.0276
-0.136145 0.162115 -0.331961 -0.422723 -0.144699 -0.15737 -0.423602 -0.598633 -0.194093 -0.715226 0.0169271 -0.506633 -0.946491 -1.52181 -0.206471 -1.39668 -0.473287 -1.02562 -6.37839 -1.29558 -2.59293 -1.55375 1.01628 -1.1889 0 -0.8 -1.54618 -0.537091 -0.881329 -1.01294 -1.33963 -1.8737 -1.26272 -0.741922 -1.73534 -1.29682 -0.462447 -1.45685 -0.635477 -1.84121 -0.528657 -0.458645 -1.42796 -0.8 0 19.5746 -1.04919 -3.06014
1.7597 1.48933 -1.42892 -0.38071 1.75739 0.505475 -0.681945 0.186269 0.0558324 0.0844517 -0.250297 8.43769e-15 -1.18432 -1.51449 -2.24462 -1.5315 -1.6 -0.69012 -0.722327 -1.23618 -0.8 -1.54146 -1.01552 -1.14932 -2.15644 -0.422925 -0.931048 0.677789 0.563984 -1.13272 -1.52829 0.169377 1.25092 -1.77 -0.8 -1.02262 -0.177221 -0.130279 -1.17807 -0.593442 -0.667227 -0.8 -0.663689 1.31974 0 0 -0.782248 -1.37904
-1.51218 -2.91065 -2.32138 -2.55026 -1.6 -1.78316 -1.52346 -0.675444 -1.30149 -1.95035 -1.36788 -1.28282 -0.693491 2.13163e-14 -0.992968 -1.41942 -0.649695 -0.8 0.277498 0.0476054 0.403647 0.0403476 3.10862e-15 0 -0.946532 -0.8 -1.09445 -0.931741 -1.26656 -1.46765 -1.0178 -1.13004 0 -0.953779 -1.12116 -0.595648 -0.8 -1.29738 -1.10543 0.0863457 -0.8 -1.6 -0.8 -1.21014 -1.41484 -2.75676 -1.41434 -0.720359
-2.35878 -1.6 -2.06888 -2.20468 -1.82356 -1.88339 -1.31846 -1.77705 -1.40216 -1.14656 -3.56893 -1.35394 -0.746603 -1.00657 -0.542744 -0.8 0.483965 -1.38916 0.331304 4.7784e-13 -0.130394 0.0246851 0.834447 0.0991585 -0.980456 -0.966457 -1.15078 -1.16372 -5.62954 -1.48601 -0.872319 -1.37542 -0.8 -2.10409 -0.654817 -3.70447 -0.8 -1.20486 -1.20371 -1.26542 -0.8 -1.05272 -1.25767 -1.35715 -1.6 -1.16252 -1.72223 -0.8
-1.03344 -1.11708 -1.3037 -1.07248 -1.18278 -1.84497 -1.14066 -0.745115 -0.8 -0.579113 -0.8 -0.694806 -0.999988 -0.8 -0.8 -0.8 -1.04686 -1.19012 -1.10658 -0.8 -0.793571 -1.40982 0.0890589 -1.41014 0.149845 -0.109426 -0.41958 0.0818831 0.00818604 -0.742388 -0.565377 -0.952328 -0.397582 -0.621325 -0.888693 -0.523455 -0.8 -0.407305 -1.05359 -0.717433 -1.42779 -1.04742 -0.8 -0.630302 -1.40463 -0.961678 -1.20167 -0.300566
-1.32167 -0.360702 0.0460032 -1.25726 -1.6 -0.594489 -2.33894 -1.82981 -2.34467 -2.1651 -0.651516 -0.99071 -0.67446 -1.04856 -0.634499 -1.16481 -0.747995 -0.961628 -0.496193 -0.763725 -0.642669 -0.758093 -1.31018 0.0401785 -0.424192 0.0200509 -2.72675 -0.141149 -0.422333 -0.769924 -1.39692 -0.343313 -0.596118 -0.41496 -0.267348 -0.687703 -0.639102 -0.513686 -0.8 -3.89204 -0.484622 -0.156595 -1.2326 -0.892798 -0.0834742 -1.32137 -0.653814 -0.331052
-1.78096 -1.49449 -1.35919 -1.25241 -1.8766 -1.39086 -0.421936 -1.36822 -1.14598 -2.15608 -1.27628 0 0.208471 -0.280246 -0.208015 -0.380621 -0.591179 -0.432781 -0.646475 -0.550697 -0.8 0 -0.506454 0.107461 -1.26315 -1.48701 -0.923665 -1.30811 1.12852 -1.1821 -0.97017 -0.737168 -0.72983 -1.05937 -0.664738 -1.08269 -1.50476 0.000572909 -0.364862 -0.373452 -0.227328 -0.8 -0.720135 -0.483031 -1.32701 -0.672374 -0.144033 -0.756466
-1.99057 -1.86092 0 -2.09237 -1.6 -2.0318 -1.22321 -0.926382 -1.49472 -1.08147 0 0 0.0337549 -0.0116991 -0.233537 -0.337715 0 0 -0.655631 0 1.35055 -0.368999 -0.199445 1.6 -1.01117 -0.766704 -1.24795 -0.905942 -0.967054 -0.61645 -5.35982 -0.730911 -1.0283 -1.05712 -0.766721 -0.671805 -0.322956 -0.235749 -0.8 -0.8 -1.01696 -0.727012 -0.963529 -1.12819 -0.955593 -0.520912 -0.421312 -0.741668
5.61351e-12 -0.0223862 -4.8 -1.35807 -1.52807 -1.47252 -3.29106 -2.15477 -1.6 -1.55161 -0.526031 -1.27816 -0.601088 -0.8 -2.31577 -0.765525 -0.390994 -0.8 -0.998319 -1.06965 -0.775126 -0.985854 -0.63911 -2.87165 -1.05239 -0.8 -0.859619 -0.979674 -0.979303 -1.20255 -0.923856 -0.8 -1.08492 -1.17292 -1.08036 -1.13714 -0.555483 -1.63612 -0.373562 -1.09315 -0.359426 -0.442806 -2.12846 -1.05371 -1.18902 -1.56692 7.50511e-14 -0.48586
-1.67501 -0.684492 -2.71996 -1.49338 -1.94787 -1.57846 -2.0383 -1.6 -1.83863 -1.45782 -1.57737 -1.4931 -1.80477 -0.8 -0.738077 -1.23023 -1.05282 -0.177269 -1.592 -0.79359 0.501663 -1.33087 -1.6 -1.26671 -0.8 -5.37514 -0.532836 -0.787429 -1.35373 -1.23337 -0.987122 -0.68516 -0.778508 -1.26982 -0.854395 -1.57477 -0.31198 -0.558425 -0.246747 -0.434366 -0.732966 -0.719555 -1.50238 -0.979286 -2.72929 -1.77665 -1.56212 -0.566416
-1.28011 -2.35493 -1.34594 -2.08844 -0.878586 -1.84424 -2.18834 -1.02068 -1.6 -0.549128 -0.685982 -2.15555 -0.932686 -0.799845 -1.1889 -0.8 -1.04472 -1.1964 -1.39037 -1.42171 -0.724565 -0.766506 -0.759015 -0.775342 -1.6 -1.10003 -1.12605 -0.781136 -0.67358 -1.25453 -0.964796 -0.495517 -0.79358 -0.745493 -0.704038 -1.12784 0.0664244 -0.606019 -0.134556 -0.527421 -0.883257 -0.53167 -13.9102 -13.9162 -7.03298 -4.77767 -6.73616 -13.2062
-1.07315 -2.20327 -2.62064 -2.67634 -1.38571 -1.45494 -0.993118 -1.07968 -0.678008 -0.624958 -0.8 -0.779005 -1.05004 -0.625287 -1.21472 -2.3494 -1.28969 -1.38209 -0.827036 -1.30922 -0.8 -0.946863 -0.702409 -0.8 -0.790845 -1.04409 -0.8 -1.15051 -0.982462 -0.676166 -0.981372 -0.95435 -1.14265 -0.8 -0.70197 -1.03697 -0.0575495 -0.255784 -0.833661 -0.510177 -0.808105 -0.86471 0.8 -0.236604 -5.88809 -11.546 -8.40772 -17.1602
-2.64992 -1.88361 -2.11325 -1.20225 -1.23983 -1.9758 -0.984137 -1.25758 -1.06186 -1.87571 -0.398477 -0.554134 -1.11162 -0.693816 -0.581677 -2.21785 -0.924321 -1.2483 -1.00402 -0.791529 7.47725 0.252206 -0.441069 -0.374126 -1.46744 -1.14534 -1.21184 -2.2727 -1.92785 -0.290629 -1.00471 -1.23817 -0.792649 -1.33985 -1.28323 -1.25701 0.645452 -0.391027 -1.06383 -0.8 -0.647635 -0.500729 -0.724303 0.648218 -0.324673 -0.370269 -1.43621 -0.284836
-1.55036 -2.10921 -1.17201 -1.56342 -1.22854 -1.04404 -0.803023 -0.902828 -0.471256 -0.374761 -0.548462 -0.8 -0.623411 -1.06684 -0.728161 -0.463066 -1.6 -0.531131 -0.968859 -1.00445 0.593036 -0.667062 -0.8 -2.01014 -1.55985 -1.04414 -1.20797 -1.15401 -1.82735 -1.27448 -1.23059 -0.958474 -1.59931 -1.01688 -1.38982 -0.8 -0.4217 -0.266282 -0.79083 -1.07944 -0.365685 -0.672511 -0.494249 -0.495652 -0.364649 -0.545134 -0.50292 -0.126108
-1.73742 -1.96213 -2.57786 -1.24139 -1.86444 -1.39572 -0.885383 -0.736743 -0.371036 -1.4954 -1.25316 0.187593 -0.677344 -0.655363 -0.781594 -0.950486 -1.17438 -1.18562 -1.10711 -0.77507 -0.8 -0.8 -0.485114 -0.720521 -2.2009 -1.42796 -1.6 -2.03563 -1.31969 -1.4565 -1.41171 -2.11834 -1.13211 -1.29245 -1.58937 -1.6 -0.298343 -0.264404 -0.733358 -1.15746 -0.604254 -0.528859 -0.495407 -0.980262 -0.8 -1.27202 -0.8 -0.8
-0.883081 -2.0005 -0.979296 -1.46338 -1.47195 -0.871771 -0.467983 -0.642327 -0.437936 -0.724321 -1.05666 -0.305369 -0.419094 -0.72093 -0.706876 -0.683207 -1.23656 -1.76777 -0.756921 -0.889402 -0.634291 -2.73734 -0.685145 -0.791154 -1.25242 -2.02387 -1.02473 -1.83736 -1.25569 -0.756647 -1.84743 -1.12942 -1.16787 -1.43347 -1.6 -1.30899 -0.728575 -0.619628 -0.709026 -0.549391 -0.74561 -0.55489 -0.776733 -0.632975 -0.8 -0.993189 -0.729005 -0.542525
-0.345435 -2.04203 -1.53714 -1.35387 -1.83178 -1.92129 -1.76455 -1.44428 0 -0.717123 -1.38366 -0.8 -0.935434 -1.67795 -1.0641 -1.52517 -1.12636 -0.8 -1.11458 -1.1587 -1.10753 -1.00878 -0.895362 -1.09697 -0.626765 -0.161919 -2.16727 -0.976395 -0.8 -1.19772 -1.05504 -1.36372 -0.770348 -1.32149 -0.556476 -0.791264 -0.720692 -0.63416 -0.8 -2.2821 -1.01942 -0.985207 -1.87994 -1.33525 -1.15172 -1.16387 -1.21323 -0.8
-0.487785 -1.39306 -1.19685 -1.23405 -1.25548 -1.57855 -1.47404 -2.0276 -2.17842 -1.81002 -2.05216 -1.83975 -0.8 -1.4233 -1.25225 -1.08638 -0.887317 -0.789002 -0.8 -1.15373 -1.73907 -0.8 -0.786426 -1.28303 -0.751203 -0.688623 -1.5891 -0.95037 -1.04508 -0.72014 -1.17072 -1.15218 -0.610669 -0.990517 -0.682654 -0.618113 -1.04781 -1.09132 -0.792304 -0.628614 -0.277092 -1.07591 -1.33367 -2.15742 -1.27123 -1.46637 -0.706381 -0.8
-0.361159 -1.06091 -0.89168 -1.25602 -1.04959 -0.855042 -1.36977 -6.3943 -1.1244 -0.889803 -1.6 -0.8 0.65411 -0.747385 -1.05223 -1.47195 -0.710368 -1.08138 -1.26194 -0.924717 -1.08955 -1.57396 8.4131 -1.6 -0.704403 -2.32414 -0.8 -0.8 -0.672699 -0.627116 -1.42146 -1.10354 0 -1.2634 -1.0331 1.01134 -0.8 -0.8 -1.11931 0.846411 -1.87815 -1.54733 -1.04961 -2.30458 -1.42609 -2.71377 -1.91739 -0.916565
-0.666193 -2.62529 -0.978267 -0.594199 -1.74088 -1.22277 -1.28905 -0.962009 -1.42697 -1.80746 -0.953518 -0.782682 -0.8 -0.898817 -0.73489 -0.765615 -1.17992 -0.8938 -1.09393 -1.6 -1.01139 -0.879823 -1.12498 -0.649288 -0.782119 -1.01948 -1.37199 -1.79157 -0.692519 -1.13944 -0.761734 -1.14665 0.0265432 -0.945206 -0.8 -1.03019 -1.4597 -0.992847 -1.19519 -1.15515 -1.71733 0.716482 -1.36133 -1.46393 -1.36055 -1.51016 -1.00502 -1.24374
-0.527115 -0.748146 -0.630341 -2.68512 -1.2092 0.213011 -1.23204 -0.804481 -0.486427 -0.8 -0.69944 -0.6979 -0.579978 -0.258732 -1.28231 0 0.8 -0.637387 -0.710886 -0.516099 -0.63552 -0.775782 -0.696119 -0.8 -2.90561 -0.573586 -3.90754 -2.31388 -2.91298 -2.28511 -0.362364 -0.361283 -0.547817 0 0.132876 -0.539552 -0.8 -0.209676 -0.973392 -1.78632 -0.798054 -0.952499 -1.0042 -0.8 -1.74491 -1.54587 -1.00861 -1.18193
-0.74597 -0.833805 -0.522011 -1.32373 -0.979984 -0.965773 -0.749463 -0.707423 -0.8 -0.714347 -1.17013 -0.797503 -0.651213 -0.705024 -0.50391 -0.367119 -0.703252 -0.4623 -0.744676 -0.511934 -0.8 -0.545313 -0.38653 -0.432385 -1.39376 -3.2 -2.90738 -3.41107 -2.4 -3.42316 -1.2478 -0.547091 -0.414484 -0.329314 -0.0697298 0.745008 -0.8 -0.726109 -1.35872 -2.4 -1.07839 -0.703209 0 -1.6 -1.58941 -1.6 -1.17708 -1.1954
-1.19542 -1.46992 -1.28717 -1.27692 -0.797525 -1.18762 -1.01557 -1.42428 -2.00313 -1.26498 -0.8 -0.682393 -1.01866 -1.12935 -1.15544 -0.750728 -0.8 -1.02711 1.76525e-13 -1.25228 -0.8 -0.8 -0.619504 -0.8 -0.611141 4.66294e-15 -1.15446 20.8 -0.8 -0.646019 0 0 0 0 0 0 -0.403074 -1.10024 -0.732152 -0.8 -0.8 -1.34744 -1.33656 -1.57722 -0.750354 -1.26854 -1.27073 -0.963296
-0.467256 -1.29877 -2.4 -1.45436 -0.8 -1.71164 -0.101517 -0.941009 -0.0650429 -0.601666 -0.667237 -0.576072 -0.74451 -0.70551 -2.4 -2.39656 -0.8 -0.732078 -1.02292 0.350985 -0.8 -0.443126 -0.8 -1.12896 2.22045e-16 -1.08732 0.281893 -2.18298 -0.237647 -1.7785 0 0 0 0 0 0 -0.375435 -1.18977 -0.592567 -0.8 -0.652787 -1.39707 -1.36784 -1.58541 -1.7276 -1.27735 -1.14843 -0.785582
-0.938554 -1.83909 -1.28378 -1.24911 -1.25041 -1.12554 -1.80266 -2.28353 -1.3807 -1.12636 -0.67959 -1.21065 -0.409133 -0.54328 -0.366165 -0.604081 -0.598851 -0.378231 -1.59575 -1.72045 -0.725286 -0.678537 -0.602925 -1.6 -0.653114 -0.8 -0.766962 -1.57099 -0.611786 -1.12697 -1.46298 -0.8 -0.173259 1.30228 -0.522523 -0.762768 -0.680913 -1.06048 -1.14683 -1.34928 -0.614214 -4.8 -1.50764 -1.72291 -1.14709 -2.35419 -0.70825 -2.615
-1.36905 -1.42542 -1.17638 -1.20596 0.560524 -1.64855 -1.49949 -2.48295 -1.14909 -1.41454 -1.15042 -1.6 -0.351263 -0.497292 -4.79257 -0.613432 -0.306509 -1.28437 -4.73251 -2.30646 -0.655002 -0.875748 -0.8 -2.10592 -0.367515 -0.768492 -0.47394 -1.15861 -0.88592 -0.8 -9.77281 -1.00372 3.1292 0 1.05541 -1.21977 -0.368095 -0.470289 -0.350316 -0.557653 -1.01061 -1.41593 -1.12472 -2.4 -1.29259 -1.97581 -1.6 -0.653652
-2.18938 -2.29771 -2.07787 -2.07638 -1.75098 -1.7416 -2.0921 -2.53244 -0.940669 -2.20821 -2.13138 -2.21037 -0.8 -0.791536 -0.8 -0.759219 -0.976337 -1.0267 -0.497218 -1.17275 -0.631923 -1.22988 -0.928094 -0.670532 -0.8 -1.27609 -1.02968 -1.00781 -0.520801 -1.45556 -0.8 -1.05743 0.329367 -0.761548 0 -1.14767 -1.13431 -0.40132 -1.34101 -1.20016 -1.95395 -1.45563 -1.38135 -2.34531 -1.27427 -0.951804 -0.709792 -1.43674
-1.95344 -1.6 -0.936219 -2.14337 -2.90163 -1.89285 -2.04768 -1.64104 -1.81832 -1.59884 -2.16717 -1.75492 -0.624351 -1.00494 -0.413901 -0.718043 -1.09085 -0.730886 -1.13864 -3.39453 -0.762524 -0.50453 -0.735429 -1.25384 -1.26854 -1.31688 -1.01394 -0.8 -1.43591 -1.2461 -1.22232 -1.28765 0.275888 -1.46372 -1.50345 -0.630066 -0.493925 -1.60755 -1.69064 -9.29918 -1.4589 -1.53737 -1.67844 -1.67862 -0.774899 -0.825584 -1.35792 -0.732668
-1.98457 -2.11592 -1.96276 -2.6223 -1.25619 -1.43899 -1.6 -1.87027 -1.24824 -1.73957 -1.072 -1.42726 -0.591208 -0.345084 -1.12128 -0.720105 -0.934972 -1.1226 -0.39176 -0.8 -0.281899 -0.962605 -0.494267 -0.350078 -0.420478 -0.783627 -0.980748 -0.535854 -0.711769 -0.969915 -0.607723 -0.766056 -1.43344 -1.39046 -1.07135 -0.8 -0.127223 -1.11571 -0.930416 -0.8 -0.691865 -0.966516 -1.2723 -0.601599 -1.08882 -1.29655 -0.411305 -0.748789
-1.53967 -1.55296 -1.90484 -1.3406 -1.6 -1.6 -1.7153 -2.68224 -1.45274 -1.85371 -1.20165 -0.99695 -0.595054 -0.294267 -0.67407 -0.610996 -0.412854 -0.656169 -0.681009 -1.29806 -1.14604 -1.16099 -0.8 -0.365922 -1.38231 -0.547426 -0.8 -0.654481 -0.943673 -1.46682 -9.76809 -1.28562 -0.8 -1.04142 -1.03313 -0.8 -0.588456 -0.615466 -0.8 0.226633 -1.02784 -1.11491 -1.26727 -1.6 -1.29133 -0.455217 -0.211807 -1.20027
-1.29967 -1.10606 -0.8 -2.03405 -2.15363 -2.03414 -1.09232 -1.80452 -0.975727 -1.44072 -1.01995 -0.638347 -1.4398 -0.701241 -1.5807 -0.383231 -0.941727 -1.58995 -1.84026 -2.21981 -0.8 -0.775306 -1.55608 -1.56634 -1.12415 -0.8 -0.985179 -1.11831 -0.631133 -1.03001 -1.06684 -1.35581 -3.72388 -1.75505 -1.12588 -0.97799 0.515409 -0.715669 -0.795991 -1.47321 -0.753839 -0.958916 -1.20774 -1.02887 -1.03001 -1.2584 -0.8 -0.569038
-1.29124 -1.89416 -2.4 -2.17909 -2.15605 -1.71239 -1.13203 -1.47391 -1.3447 -1.14333 0.0503042 -1.32247 -1.14253 -0.672718 2.27596e-12 -1.22292 0 -0.588931 -1.58534 -1.89626 -0.769812 -1.19499 -1.08745 -1.43918 -1.08372 -0.60846 -0.8 -0.624786 -0.8 -0.757133 -1.44895 -1.13241 -2.90289 -1.6 -1.07243 -2.15211 0.641782 -0.958844 -0.8 -0.407782 -1.09348 -1.22926 -1.37178 -1.06199 -0.8 -0.717544 -0.775232 -0.8
0.00716678 -1.08349 -0.8 -1.69784 -1.19293 -1.39359 -1.52749 -1.6967 -1.96441 -1.36788 -0.952535 -1.18741 -0.635652 -0.929377 -0.448685 -1.6 -1.24418 -0.931569 -1.35727 -1.19151 -0.525607 -0.935507 -0.606269 -0.921304 -1.17111 -0.96881 -0.768696 -1.05094 -1.01515 -0.90804 -0.713716 -1.01555 -1.03005 0.953112 -1.08755 -0.8 -0.8 -0.320613 -0.561653 -0.629262 -0.734168 -0.8 -0.399791 -0.906111 -0.548846 -0.540934 -0.923931 -0.642461
-2.20893 -2.55715 -1.01415 -1.06961 -1.6 -1.6 -5.3776 -1.53756 -2.4 -1.16707 -1.18203 -1.6 -1.6 -1.28057 -1.11603 -1.6 -2.01731 -1.13437 -0.8 -1.49603 -1.01515 -1.09837 -1.05609 -0.778176 -1.4497 -1.28674 -1.6 -1.01111 -1.11263 -0.8 -0.759189 -0.570065 -1.42911 -1.17486 -1.6 -0.745978 -0.8 -0.255861 -0.617617 -0.59627 -1.11166 -0.961715 -0.366763 -0.384865 -0.568934 -0.648505 -1.06601 -0.149786
-1.8442 -1.32334 -1.15093 -1.53561 -1.33254 -1.36224 -1.31565 -1.47244 -1.44902 -1.1596 -1.35805 -1.19844 -1.25788 -1.0621 7.24754e-13 -1.11998 -1.34019 -2.10336 -1.12417 -2.39126 -1.57778 -1.06952 -1.4776 -1.59975 -1.74351 -1.1254 -1.73243 -1.05331 -1.89925 -2.15338 -1.39758 -1.0684 -0.659598 -1.74165 -2.83021 -0.974344 0 0 0 0 0 0 0 0 0 0 0 0
-0.8 -1.29771 -1.15022 -1.94974 -1.22032 -0.892355 -1.3153 -1.34119 -3.06426 -1.70941 -1.27877 -1.74912 -1.98112 -0.751285 -3.44596 -0.937895 -1.33224 -1.22156 -2.06788 -1.20272 -0.492178 -2.32484 -1.05536 -0.902453 -2.36814 -1.30413 -0.869298 -1.18432 -1.29694 -1.49935 -1.36716 -0.989767 -1.4154 -1.16435 -1.43212 -1.95536 0 0 0 0 20.8 0 0 0 0 0 0 0
-2.1446 -1.17334 -2.37119 -1.68434 -0.265401 -3.52 -1.8882 -0.962181 -1.47238 -1.26917 -1.77828 -2.24262 -1.85297 -0.712401 -1.49709 -1.15816 0.557216 -1.2265 -1.36802 -1.4479 -1.05917 -0.792699 -0.764665 -0.376804 -2.88802 -1.66588 -1.72086 -1.23147 -1.25664 -0.117352 -1.03684 -0.270145 -1.70343 -1.5327 -1.5103 -1.41121 -1.16449 -1.04111 -0.77558 -1.11926 -1.47866 -1.20235 -1.16377 -0.416864 -0.710884 -1.35761 -1.25896 -0.414291
0.96723 -1.14736 -7.61488 -2.47444 -2.60277 -3.02498 -1.8641 -1.5516 -2.4 -2.63683 -1.88007 -2.16716 -1.20376 -1.35091 -0.746163 -0.502943 -0.735676 -0.564589 -0.982807 -1.46286 -1.1887 -1.29784 -1.05966 -0.710914 -2.39836 -1.67825 -1.69322 -1.61632 -0.151306 -1.23293 -1.11972 0 -1.59969 -2.26954 -1.5264 -1.49015 -0.621781 -1.43704 -1.30894 -1.17328 -1.54445 -1.47573 -1.76599 -0.8 -1.78498 -1.30808 -1.21862 -1.6421
-1.24199 -1.46147 -0.384891 -1.77283 -1.3116 -0.396223 -1.76364 -1.02472 -5.94104 -2.02344 -0.169503 -1.91435 -0.949267 -1.53442 -1.45962 -0.545671 -0.712441 -0.748946 -1.3394 -0.966902 -1.89846 -2.20785 -0.8 -0.169001 19.4634 20.4798 -18.4 15.8357 20.1787 19.6784 -2.0903 0.302693 -4.20743 -2.97093 -3.31392 -3.96417 -1.45894 -0.758419 0.265587 -0.8 -1.48319 -0.873581 -0.973695 -1.35785 -1.05774 -0.621491 -0.551448 -1.26102
-1.28348 -1.16177 -1.74138 -0.610221 -3.44074 -1.20794 -1.22701 -1.36435 -1.5832 -2.0073 -0.550609 -1.1403 -0.570257 -1.18734 -1.53082 -1.14309 -1.17783 -0.930032 -1.51554 -1.31767 -1.33687 -1.6 -0.92984 -2.12119 18.2898 -19.4239 14.2638 14.9018 -4.8 -10.4 -0.841516 -2.77821 -2.10434 -0.8 -4.35953 -5.38439 -0.88435 -1.17454 -3.1421 -1.33476 -2.12888 -1.19498 -0.744112 -1.15667 -0.8 0.66002 -1.4159 -0.996296
-1.01354 -1.43951 -2.03934 -2.4 -1.19742 -1.35958 -1.45454 -2.72222 -1.14923 -0.327906 2.22045e-15 0.0541519 -2.78857 -1.68995 -1.71254 -1.61299 -1.39754 -1.75714 -2.48349 -2.11764 -2.33448 -3.23666 -1.79565 -1.34028 -6.81143 -3.70379 0.0269803 1.22213e-12 0.398266 0.118683 0.000990848 -0.620487 -0.752818 4.70735e-13 -0.112437 0.380959 0.982654 -0.588272 -0.263828 -0.223556 -0.287339 -0.573316 -0.073829 -1.33678 -1.21751 -0.716615 -0.223752 -0.726295
-1.53178 -1.6 -1.84745 -1.86721 -1.29286 -1.44736 3.18379 -1.31977 -0.748867 0.674359 -0.281618 -0.8 -0.927383 -1.67656 -1.86289 -1.79038 -1.83809 -1.8827 -1.99739 -2.77412 -2.05671 -1.92521 -1.68592 -1.37067 -5.0491 -3.54052 -0.727813 -0.314973 -1.97611 0.0556744 -0.212585 -0.982948 -1.14991 -0.905084 -0.491529 -0.54307 0.452711 0.849028 -0.284793 1.28919 -0.975868 -0.98541 -1.37095 -1.51606 -0.8 -1.28835 -1.07938 -1.14948
-1.41648 -0.8 -2.58177 -0.681296 -0.872081 0.157999 -1.59867 -1.52085 -1.4985 -1.11371 -0.74556 -0.651543 -1.87593 -1.06606 -1.31533 -1.2643 -1.28638 -2.54716 -1.94264 -1.52198 -1.20531 -1.85478 -1.13547 -0.940872 -1.39241 -0.133777 -0.232693 -0.957497 -0.0938464 -0.329686 0.15784 0.0493089 -0.307992 -0.8 0.499787 -0.10737 1.10536 -0.511909 -0.457024 -6.66977 -0.976136 0.815845 -1.01667 -0.957424 -1.02942 -3.62149 -0.169815 -0.492662
-0.687641 -1.12374 -2.571 -0.537164 0.300439 -0.758911 -1.95562 -0.350886 -0.965329 -0.932721 -0.51383 -1.0157 -1.1871 -1.09444 -1.78372 -1.78774 -1.7545 0 -5.42233 -1.45408 -1.50916 -1.19935 -1.03864 -1.26759 -0.369315 -0.975642 0.783847 8.21565e-15 0.0403306 1.75377 0.769875 0.0768357 0.153025 -0.416213 -0.347775 -0.196969 -0.908601 -0.964941 -0.725234 -1.05654 -2.77947 -0.92175 -1.6 -1.27433 -0.493128 -1.09125 -0.8 -0.927568
-0.783816 -1.57112 -1.27111 -0.308494 -0.722465 0.191779 -3.2 -1.02164 0.242423 -0.624287 -0.669302 -0.417107 -0.14418 0.521977 -0.39478 -0.61134 0.191457 -0.40716 -0.478294 -0.313811 0.304117 -1.03094 0.667037 -2.64096 -0.471732 -0.648575 -1.46675 -0.612001 0.120421 -0.8 -0.513659 -0.634997 -0.542992 -0.741686 0.649687 2.29905e-12 0 0.265582 -0.594209 -2.22173 -2.2082 -1.16719 -1.56711 -1.69544 -1.22536 -1.06133 0.0881787 -1.05027
-0.428417 -1.15066 -0.695614 -0.610784 -0.871772 -1.49709 -1.39512 -1.29468 0.00279158 -0.688838 2.81141 -0.0887749 -0.023183 -0.0454027 -0.592114 -0.418883 -1.76235 -0.503271 -0.147507 -1.32825 1.37189 -1.05518 -0.335106 0.433795 -1.44367 -0.914274 -1.20713 -0.8 -1.45673 -1.6 -0.46355 -0.568956 -1.05583 -0.988011 -4 -0.127211 -1.22458 -0.733115 -0.778703 -2.08277 -2.09553 -1.50362 -1.93896 -2.14289 -1.06217 -1.11671 -1.20449 -0.527577
0 -5.01379 -7.70614 -18.965 -3.39291 -4.41647 -8 -4.26878 -20 -19.8655 -7.2 -7.51618 -1.07833 -0.624293 -0.854715 -1.46633 -1.81499 -1.61997 -1.60732 -0.187064 -1.18123 -1.03761 -1.52782 -1.0665 0.00691654 -0.152699 -0.99631 -0.688572 -0.898888 5.79912 -0.718242 -1.31399 -0.733453 -1.29362 -0.727421 -1.58024 -1.08854 -2.67325 -1.10621 -1.53739 -1.16293 -1.36744 -1.16367 0.441427 -1.26515 -1.13381 0.205923 -0.55442
-3.58279 -5.25455 -4.47304 -2.05676 -5.4179 -4.65468 -5.11871 -3.26086 -20 -19.464 -6.8543 -5.42614 -1.2519 -0.687573 -1.19443 -1.00259 -0.773553 -0.868411 0.00890195 -1.4946 -1.31693 -1.24515 -1.27869 1.34792 -0.936254 0.129313 -1.09183 -0.193254 -0.543443 -0.429888 1.77636e-15 -0.147548 -1.10218 -1.92407 -0.793027 -0.680094 -2.03887 0.907748 -1.29508 -3.86148 -0.964165 -1.35867 -1.82791 -1.32798 -0.8 -0.663869 -0.6935 -0.68204
-1.21934 -2.49212 -0.0970419 2.5482 -2.66496 -2.00258 -0.663269 -1.5346 -1.31314 -1.6 -0.739291 -0.68549 -1.08288 -0.797668 -1.72799 -1.1841 0.366506 -1.35838 -1.72735 -3.63635 -2.30262 -1.84956 -1.75944 18.7475 -1.96794 -1.0293 -0.769874 -0.8 -1.31001 2.23377e-13 -0.177629 2.25064e-12 1.14659 -0.8 -2.77214 6.13509e-13 -1.21907 0.811497 -1.31643 -1.47039 -1.78806 -0.946642 -1.50316 -1.20286 -1.0234 -1.20504 -0.436588 -1.07237
-2.78757 -2.09954 -1.27141 -1.7254 -0.991885 -1.02284 -3.64129 -2.02021 -2.38041 -1.6 -0.8 -1.32484 1.42199 -1.71381 -2.157 -1.26885 -2.71833 -0.483835 -0.89403 -2.42593 -2.08876 -2.10043 -1.20302 -1.27627 -0.646898 -0.53409 -0.775781 -1.13376 -1.51637 -0.782592 0.194222 1.34266 0.012854 -2.77271 -9.04085 3.0953e-13 0.111888 -1.29195 -1.4522 -0.970734 -1.59881 -1.53702 -1.25279 -1.80423 -1.50496 -1.6 -0.620653 -0.653855
1.60129 -1.32222 -0.8 -1.24973 0.8 0.249975 -0.22609 -1.95728 -1.40449 0.0340199 -2.85121 -1.13316 -1.32942 -1.58411 -1.73173 -2.32664 -1.30451 -0.638462 -1.70517 -1.51674 -0.906355 -2.03882 -0.855857 -1.00181 -0.781468 -0.948506 -1.17203 -1.17535 -0.673458 -1.2737 -0.591653 -0.676482 -0.734073 -2.09272 -0.765333 -0.87496 -0.203044 0.210954 -1.33852 -1.04305 -1.00898 -1.36467 -1.48508 -1.4383 -1.79451 -0.89742 -0.461194 0
0.8 -1.6 -0.317757 0.976202 0.151309 -0.585765 0.0248221 -3.15645 -0.607797 -8.8 -4.63688 -2.73083 -2.64317 -1.42399 -1.72356 -1.16373 -1.17886 -0.930296 0 -0.319679 -2.39218 -6.2193 -0.764854 -1.29877 -0.911103 -0.895913 -1.32964 -0.348764 -1.65629 -1.06484 -1.09728 -1.17007 -1.89744 -0.982715 0.340931 -1.06804 0.212718 7.28972e-13 -1.06783 -1.11788 -1.52021 -1.33317 -1.89198 -1.56604 -1.54748 -0.760326 -2.4 -1.0027
-2.02668 -3.67893 -2.26939 -3.23866 -2.84977 -3.28046 -2.74317 -1.49788 -2.04038 -1.5336 -2.60015 -4.72195 -1.79175 -1.3444 -1.91314 -1.51753 -1.23976 -1.52106 -0.215093 -1.79722 -0.376949 -1.31199 -1.58653 -0.548861 -11.0593 -10.6097 -9.87601 0 -10.6138 -10.9436 10.1451 8.4641 11.0528 8.15478 15.4717 12.4189 -1.26423 -1.6 -1.84839 -1.6 -1.5748 -0.685612 -1.21307 -2.20979 -1.36468 -1.8628 -1.51732 -1.4361
-1.51079 -3.3632 -3.31396 -2.09633 -2.01006 -2.78485 -3.79774 -3.95415 -2.15387 -2.58065 -3.68494 -3.76672 -1.12139 -2.20602 -1.33388 -2.06951 -1.41342 -1.98029 -1.87445 -1.7486 -1.20184 -2.21167 -0.49495 -1.05478 -12.9444 -13.2595 -12.3867 -9.65305 -12 -11.2 8.73144 9.7984 10.0134 10.6459 10.8433 12.9691 -2.27312 -1.5604 -1.7531 -1.79882 -1.88554 -1.74239 -2.93521 -1.50525 -2.3588 -1.82834 -1.96947 -2.76856
0 -0.543018 -0.662123 -1.09141 -3.05926 -0.690956 -1.43917 -2.82697 -0.630253 -1.35274 -3.7894 -2.99986 -2.36149 -1.15885 -1.57534 -1.3922 -0.304596 -1.59001 -1.14587 -1.15686 -0.970076 -1.09685 -0.701981 -0.50292 -1.27702 -1.8372 -0.8 -0.281113 -0.927487 -0.431062 -1.21835 -0.364661 -2.10031 -2.25742 -1.6 0.477532 -1.51802 -1.3519 -2.18509 3.5585 -1.49161 -12.6773 -1.22297 -1.55124 -2.34286 -1.376 -1.19344 -1.40795
1.48319 -1.83273 0 -1.08338 -0.570521 -1.1797 -2.4 -2.86411 -1.47235 -1.26894 -2.29685 -2.54352 -1.74998 -1.19829 -0.563991 -2.52946 -2.0036 -2.52246 -1.49154 -1.45199 -1.00258 -0.764513 -0.334404 -0.137897 -1.21036 -0.250752 -1.35584 -1.53438 -3.39309 -1.12146 -0.884911 -1.34872 -1.57557 -2.11796 -1.47942 -1.55782 0.246333 -2.4 -2.39242 -2.77439 -1.24506 -0.938617 -1.88938 -1.58706 -2.04148 -1.37025 -1.40118 -1.6
-2.03137 -2.51805 -4.29871 -6.04515 -2.60871 -1.56883 -2.6426 -2.44798 -3.2 -4.4291 -2.56687 -1.94239 -1.40695 -1.46038 -1.83863 -2.021 -2.03215 -1.06438 -1.3989 -3.17631 -0.109872 -1.97192 -0.0794493 -0 -1.36761 -1.32181 -1.22331 -0.427334 -1.70413 -0.556697 -1.2861 -0.8 -1.6 -1.6 -1.21749 -1.75719 1.90298 2.37584 0.643646 0.8 1.61903 0.565776 1.75069 1.39562 1.32668 1.69339 0 2.14023
-0.216103 -2.73259 -2.21464 -4.1864 -1.14614 -2.4 -3.70159 -2.78729 -4 -1.85761 -3.45165 -2.30119 -1.99654 -0.519563 -1.29275 -1.22219 0.0707432 -1.78106 -1.40427 -2.03934 -1.1211 -0.447009 -0.2164 -0.622919 -1.05093 1.14886 -0.8 -1.6 -2.06459 -1.51951 -1.3083 -1.00679 -1.53497 -0.23671 -2.02237 -1.00193 1.91363 0.911776 -1.49513 0.258469 0.971055 0.955516 2.05846 1.6078 4.95484 1.65925 2.84633 3.54583
-1.59109 -2.22218 -1.99997 -2.67041 -2.84415 -3.64306 -1.73664 -2.75356 -1.29913 1.7509 -1.94188 0.0194141 -1.38726 -1.6 -1.89651 -2.53519 0 -1.79874 -3.12287 -1.73252 -1.18778 -1.47247 0 -2.65214 -2.03256 -3.09366 -0.468724 -2.05931 -2.63085 -2.64386 0.420974 -0.946101 -1.6 -1.09084 -0.75242 -0.409329 -1.98073 -1.28695 -1.9677 -1.71882 -1.17297 -1.87927 -2.06568 -3.17173 -1.32787 -1.7912 -0.892754 -0.506952
-2.53866 -2.15969 -2.34575 -1.98947 -2.82146 -4.79382 -1.20891 -3.01872 -1.87349 2.03154 -2.67678 -2.57423 -1.56183 -1.41226 -1.53656 -2.85297 -2.29827 -2.01202 -1.6 -2.18214 -1.00396 1.1724 -0.392234 -1.72654 -2.18568 -2.21845 -2.55445 -2.33848 -4.28983 -0.943166 -1.40204 -0.633189 -1.54807 -1.6 -0.445999 -1.6 1.29904 -1.99538 -2.12932 -1.14293 -2.23158 -2.02 -2.36343 -1.45416 -2.16244 -2.81131 -1.4351 0.320537
-1.99341 -2.82305 -1.74235 -2.01385 -2.94696 -2.33488 -2.26746 -2.24008 -2.86074 -2.86818 -1.43835 -3.44773 -0.438997 -0.523126 0.636581 -1.08643 -1.12849 0 15.8034 -1.9771 -2.29083 -5.32971 -0.583759 -0.543192 -1.50339 -2.01725 -2.05831 -1.25947 -1.43199 -1.17891 -0.8 -1.6 -2.21638 -1.18062 -1.79958 -1.76709 -1.75065 -2.53039 -3.91672 -2.20382 -2.01894 -2.47927 -1.18528 -7.078 -1.02738 -2.30437 -1.33879 -1.27407
-2.65633 0.0296568 -1.76884 -3.15392 -3.75806 -2.64876 -1.82591 -3.7679 -3.24188 -3.21874 -2.14158 -3.14955 -1.16939 -1.85423 -2.07492 -2.34858 0 -2.04436 -5.1256 -1.77622 -2.3063 -4.22088 -1.27563 -1.91529 -1.45288 -1.5588 -1.95459 -1.96144 -1.51286 -1.79512 -0.787472 -2.89838 -1.83745 -0.579656 -1.5395 -1.20775 -2.4 -1.86021 -2.83208 -2.38526 -1.79769 -2.66397 -2.03443 -2.72167 -1.34146 -1.02741 -1.55692 -1.2844
-15.6542 -20 -17.7283 -16.5294 -19.9687 -18.0087 -20 -20 -19.9791 -18.9191 20.8 20.5397 4.8 4.23842 4 6.25244 2.5413 2.85429 0.343911 -1.12643 -3.2 0.491778 -0.720939 -2.25059 1.81356 1.45106 0.526144 3.51536 -8.56381 -10.2343 -7.1519 -5.42841 -11.4491 -9.94525 -9.55856 -7.71754 -3.71552 -4.78246 -7.67786 -6.91907 -6.4 -5.5166 -12.4557 -18.4 -6.01326 -9.69527 -8.87264 -10.3857
0 -17.7329 -19.531 -16.7294 0.142816 -16.5942 -20 -20 -19.9991 -19.9604 20.8 20.8 -1.99928 2.16131 7.66569 5.2468 4.30395 0.113713 0.8 -4.83016 -0.945973 0 -0.759166 0.268637 -0.437436 -0.793346 -3.23842 -1.47505 -11.0074 -4.30209 -3.20039 0 -11.8896 -8.75062 -8.09329 -7.98773 -6.12849 -6.08962 -12.342 -9.45928 -6.81379 -8.27494 -14.4 -12.6103 -7.96358 -7.33121 -9.27123 -11.3297
0 0 0 0 0 0 0 0 0 0 0 0 0 0 0 0 0 0 0 0 0 0 0 0 0 0 0 0 0 0 0 0 0 0 0 0 0 0 0 0 0 0 0 0 0 0 0 0
