36 0 36 72 0 72
-19.6653 -19.2516 0 0 -19.6877 0 0 0 -19.6 -19.6 -19.2 -19.745 -6.4 3.2 3.18752 -2 -1.41944 19.7385 5.5255 3.24793 -0.800003 8.96675 4.40312 20 6.7546e-13 4.59855 4.66514 7.68752 2.32106 7.6 4.23467 -0.278985 4.43439 5.2 8.1589 11.4689
-19.3718 -20 -19.6003 -19.7859 -19.4053 -19.6 0 0 -19.2 -19.404 -19.5981 0 -1.33732 -4.03621 -6 -3.32273 -4 1.7 -1.41207 8.72014 -0.4 3.99999 6 2 1.2 -3.2 -3.2 2.8 -0.8 -2.8 -1.89134 -1.6 1.34901 2.86744 -2.8 -0.4
4.60434 -1.6 0.589672 -0.625606 -0.4 3.35408 -3.6 -11.7441 13.1813 -2.80001 4 4.79964 -0.800359 8.62923 -0.00588312 1.45596 2.71593 -2.4 8.7257 3.09496 -0.26807 3.46946 8.3146 2.97643 2.95196 2.40004 -2.8 0.8 -1.91866 7.2 1.42448 5.66507 19.9497 10.4 5.3011 8.69335
4.8 6.78378 -2 0.5966 10.1509 2 1.2 -5.95782 1.92335 3.99718 2.86981 4 0.8 5.89764 -2.54079 0.0405727 -0.989759 -0.0753875 -2.8 -2.68903 2.5527 3.87009 1.0431 4.25056 1.12297 -1.48887 4.00158 4 0.907449 -0.72558 12 9.2 10.733 19.6 4.65908 4.8
-2 2.80504 -0.172885 -4 7.97243 1.50175 2.07968 4.33387 -1.2 2.79089 1.08388 -0.400001 -0.204906 -3.62564 0.61407 3.2 4.65185 -2.89715 2.79185 20.2287 0.8 18.4 3.96093 7.84942 1.45551 -0.4 -2.4 2.8 2.93676 0.965093 0.4 5.6 1.20306 0.152608 -0.550752 4.54317
-2.4 -5.2 5.71515 0.8 -0.448416 -0.4 0.515062 0.80773 -3.6 -1.63539 0.4 2.90435 -2.49531 5.67549 14.2317 0.987153 -3.58517 5.49894 0.710069 2.2513 2.21399 5.69937 3.34616 2.42474 3.68556 1.23713 -2.4 1.00773 4.37518 0.4 -0.371572 3.53285 -0.079283 1.6 7.003 2.12807
-1.28341 0.0161559 -1.19947 -1.10777 -1.20006 3.2 -0.477477 -2.8 9.52985 4.4 4.39899 3.2 0.542525 12 -6.09746 20.4 7.6 -1.10379e-09 -4.4 -2 -0.8 2.4 3.2 0.8 4.89385 3.13214 20.3918 3.86323 2.39186 7.6 5.03069 5.23497 10.4 4.39237 7.5888 15.16
3.2 0.0406879 9.05883 0.308642 5.6 1.56064 9.13282 4.8 -0.0902719 17.2 5.76534 1.76954 0.8 3.6 -5.96895e-09 -2.4 -3.25388 -4.8 -2.4 20 1.1289 4.4 9.6 -0.8 5.30601 6.20639 12.8 10.848 7.99927 7.43787 5.20491 10.1467 6.21309 10.9941 5.6 13.6004
1.56156 -0.143121 -0.113681 11.7921 1.0295 3.22883 6.07049 4.30613 3.67188 3.85378 0.506797 3.5714 6.34799 1.2 1.6 -5.6 -3.6 -4.4 -7.6 -3.2 0.4 1.2 1.2 7.6 1.07025 0.153705 4.22719 6.41093 2.22363 9.3955 5.70363 11.5007 7.3378 1.2 -0.243024 0.0507676
0.8 9.178 -0.904462 -0.8 10.4 1.59819 -3.03629 2.4 3.64936 1.49662 6.9558 3.90534 -3.2 1.6 1.2 -0.4 1.31151 -4.4 -3.2 1.2 2 4.8 -1.6 -2.4 4.21677 -2.216 -2 2.8 -0.341768 0.4 5.89412 8.91437 11.3852 12.4 2.18841 3.54279
-4.63331e-06 7.6 0.322183 0.8 2.36567 0.8 0.599619 -1.01605 10.5861 3.9993 -3.02525 6.8 4.4 5.2 2.81681 15.5999 3.6 6.4 2.25928 1.00753 3.74669 11.761 6.75464 7.42132 -2.12171 9.40601 1.34115 4.4 6.25729 -1.6 9.01468 10.6785 3.24134 4.8 5.61651 3.47576
1.99996 2.8 1.79347 1.2 8.8 9.6 2.99644 6.4 3.2 -0.645931 5.02023 5.39424 4.99846 -0.410549 0.148267 0.450985 8.4 -1.47362 6.79999 0.727548 4.12591 5.60341 9.6 10.4 1.59373 1.50957 3.27773 5.6 6.8359 -3.3736 7.6 1.48369 0.672486 3.12567 5.77119 3.0598
-1.20014 0.210333 -4.72988 -0.182235 -1.47106 -0.4 0.352641 9.5993 6.4 6 -1.26515 -5.40119 20.2286 10.4425 20.4 8.51009 13.0992 7.84065 20.4 19.4102 20.4 20.077 18.5737 19.712 15.1126 16.4 2.47849 6.07303 20.4 -0.477427 -0.4 5.37502 0.229692 9.34696 0.947662 -1.84277
0.4 0.0110392 1.2 -4.40002 -1.92061 8.42113 -6.99399e-11 0.808668 4.32214 4.8 1.32536 -0.445987 13.671 8.70333 14.4197 14 11.3276 19.852 19.3521 20.4 20.4 20.3987 18.6977 18.7595 3.90755 2.86819 -3.14361 -0.160168 -1.6 17.0624 2.83783 -2.23367 -1.18515 1.0235 -1.11209 -0.4
20.4 0.157315 -2.42597 -1.80491 9.41712 0.852404 1.6 4.8 2.8 7.2 -0.225272 -1.2 4.38336 0.823683 -6.79137e-05 0.4 4.8 3.33139 1.6 7.72857 -7.17736e-10 17.8444 3.00087 1.6 1.2 -4.4 13.6 19.5669 -5.66418 -5.2 -4.50187 -2.33556 20.4 -2.19161 15.2439 17.2
18 5.36023 2.83814 2.35221 3.12903 19.8443 5.2 0.8 10 0.4 0.769073 -0.8 2.4 3.2 -1.6 4.67473 2.51422 -1.08214 0.661459 -0.8 2.8 3.59959 10.3292 8.11096 4 -0.527849 10 20.4 -0.0436015 -3.78595 8.08768 -4.37709 0.501709 0.251262 3.49818 19.8228
-1.94263 1.78871e-07 5.66639 -2.42353 9.11101 6.4 2.26982 8.07284 -1.98465 0.106259 -0.673149 -0.486188 0.8 -0.966368 0.550456 -3.2 -4 -2.99855 2.79664 5.70776 2.4 10.6355 0.661762 4.3673 -4.15433 -2.59471 -2.80952 7.44528 -1.26409 -0.363397 15.1524 0.770672 4.76845 5.04066 0.795896 8.4
18.4 -2.36366 -0.343671 4.18174 -1.0759 1.51609 11.6013 5.50544 2.4 0.183149 8.04262 3.6 2.12695 2.19058 -1.6 -1.5734 9.88039 -3.48437 -0.679387 18.8465 4.60425 0.359247 2.72173 6.15172 6.18908 4.66436 20.4 7.51103 -1.80376 3.55012 20.1061 0.0801506 5.72672 -0.617202 1.76102 6.4
8.37308 0.00316557 6.05647 0.35047 9.71926 3.41732 2.2796 2.31002 -3.0281 0.562518 -2.22562 9.95692 -0.119015 4.28839 5.12542 -1.95367 -1.14089 -1.59522 2.17569 8.77846 7.84973 7.69543 0.477373 4.26271 -0.128548 3.64397 0.68357 2.50745 7.1715 20.4 20.4 9.63717 20.4 7.62188 4.70052 2.14467
-0.018304 -5.4394 1.34102 -0.922402 7.45921 4.03121 11.6827 0.0940569 6.48323 4.52168 -2.0285 -3.21328 2.37974 -1.78345 -1.07767 -0.957066 -0.8 2.81631 9.2 -0.158225 1.8836 6.05082 3.65945 20.3757 3.19224 19.9959 -1.1328 -0.711016 -7.23054e-10 4.88519 3.43461 2.99412 20.4 11.1871 19.9165 9.81755
-0.801211 6.21197 5.60067 5.74125 3.95653 9.95031 -12.8 3.79106 5.70397 -4.8 0.378932 4.25872 3.04781 6.84346 4.71412 0.517888 4.50375 -1.02451 3.38643 6.6194 2.62521 -0.0987586 1.62581 5.09656 20.2581 2.69533 6.7163 6.51711 20.4 -3.6 4.92411 -4.4 -1.82129 -2.83765 -5.05616e-11 7.20662
-1.40421 1.61391 6.00216 2.57705 5.59064 6.6817 10.7839 2.62534 -0.349292 8.99426 -1.70048 3.18552 9.04918 1.9592 -1.30028 -0.27212 8.83314 1.83259 13.7215 6.50935 0.125297 1.90719 0.15327 4.40763 0.0444699 1.08763 19.6683 2.69382 1.23869 1.46868 1.6034 16.3976 -3.6 -2.8 -2.81956 -3.2
-1.77516 3.31514 20.3904 6 2.16319 7.99998 4.73954 5.29736 3.90014 20.3996 0.80011 10.7999 3.09755 -3.4713 4.36444 6.8 -3.21287 2.31287 0.794824 5.59987 -1.69126 0.766619 2.4 1.2 1.67192 20.3976 -0.223742 0.0899416 7.43145 -3.95881 4.72072 20.17 0.8 10.5245 15.4449 0.8
-0.404938 0.573651 -2.76831 7.2 1.49025 11.6985 7.19973 3.52985 -0.364699 -2.63984 5.69231 6.55711 1.05156 5.6 5.63686 4.23896 2.72067 -0.335497 2.75097 7.56637 7.84744 10.4 8.4 2.66076 1.6 20.4 18.4 0.571965 2.93667 0.16126 4.25019 0.237298 4.07245 -0.568969 4.25177 4.8
-4.27429 3.43336 -1.80558 5.19983 -3.71053 -2.06094 0.876795 6.4 1.27676 -0.561931 -0.562077 -2.8 -5.1761 -3.70446 -2.42951 -3.36843 -4.86286 -2.71399 0.111117 -0.653736 20.0727 11.4872 7.2961 1.01106 9.23471 5.69682 11.6392 18.4784 13.6224 13.1816 -12.2706 -10.0014 -4.74492 -7.04407 11.5785 14.5237
-3.46983 0.382964 3.60476 -0.367214 6.35349 -2.11157 12.2926 1.6036 1.14782 2.71492 17.8626 -2 6.56151 -4.54679 18 -4.95792 -2.8 4.8 2.35943 17.1988 4.8 -4.4 -3.4657 -1.76315 3.15751 20.0002 10 14.2019 13.7526 12.0894 -6.91113 -12.8536 -8.29188 -9.3056 -9.28895 -1.64696
8 -5.5989 -4.99853 -3.02004 -3.81289 -4.68921 0.557245 1.61015 3.6 8.42859 -3.85255 -2.99427 -4.51925 -4.59891 -1.6 -5.36015 -2 10.3997 6.39994 9.19053 11.3795 20.3999 3.48031 0.420812 -3.2 -4.4 -1.6 2 -0.4 -3.65113 -1.2 1.29909 0.393816 0.435989 -1.29872 2.2063
-4.86137 6.4 -3.68283 -4.54766 -1.9266 -4.64371 -1.22486 -1.71205 -0.00792366 -0.134436 0.594329 3.77982 5.68357 -4.4 -2.59622 0.00134363 6.5655 -0.590149 18.4 16.8 0.409194 20.3999 7.55116 -2.51739 -2.8 -2.8 -2.70414 -1.27776 -4.37281 -2 2.40003 1.7616 0.4 19.8991 0.800669 3.52478
-6.8 0.934645 0.4 -3.31148 -2.13527 -4.27627 -1.2 -2.04535 -0.593517 7.6 -3.90282 0.127614 -0.398915 -3.04529 0.79154 17.6 -1.20847 -3.66056 -3.6 20.4 7.31537 20.4 -0.534903 0.4 -3.55436 -7.2 -13.0297 -5.8695 -16 2 -11.6621 7.19801 16.4827 16.9212 10.8 13.6
-2.69061 -2.60341 -2.7684 -4.08987 -1.78358 1.68751 1.56978 0.816521 -1.24202 1.2 -0.247473 -0.204605 6.13305 11.6 -3.76415 1.01606 -3.63762 0.202807 4.8 17.2 -1.53436 20.4 -4.8 -1.6 -9.3356 -6.58184 -10.0986 -8.23437 -10.9547 -6.87379 6.68585 15.1999 7.2 10.9017 11.2 7.6
-4.58382 -5.59679 -3.2 -4 -2.66494 -4.4 2 1.2 2.08606 -2.13633 -3.29193 -1.2 -1.01206 1.12123 -4.23286 -12.8 20 -0.202637 -3.08861 -1.78986 2.6418 -1.42321 0.133599 19.9632 -0.491074 0.537666 4.40139 4.48782 4.2397 0.799851 3.56344 0.203196 10.8 10.9236 6.84866 7.53105
-2.8 -4.8 -4.0531 -4.4 1.60473 -1.32527 -2.16513 -3.38009 -0.8 -1.33949 -4.52839 -2.06201 -2.8 -2.55445 0.4 -4.8 4.83489 2.2986 5.6 8 1.65457 0.4 4.93523 5.13993 -0.00296928 1.05057 6.38779 0.8 0.221116 0.0878476 4.15208 4.29368 7.31089 8.80057 7.0294 17.6
-1.11033 -2.20578 -3.859 -4.4 -2.42713 -1.6 -1.12574 -2.31466 -2.78459 4.39862 -5.34491 2.25659 20.2942 20.3988 -4.8 10.5985 20.4 3.29175 -2 -1.2 1.6 20.4 2.4 4 -4 -3.47346 2.4 2.2875 -2.4 0.655684 -1.37976 11.5541 4.4 17.2 -9.02048e-10 2.8
-0.4 -2.4 -4.8 -2.4 -1.74413 1.4349 -0.262996 0.8 -3.607 -3.6 -0.401538 -1.42907 4.97496 12.8 -2.92538 -2.8604 3.6 3.6 2.8 -3.6 -2.67782 5.92801 1.6 -3.2 -2.4 -4.37151 -4 -1.29679 0.795288 9.77608 4.73162 4 5.99995 19.6543 1.44396 0.4
14.8 -4.55634 -2.4 -4.8 -0.482067 -0.59843 -2.8 -2.63575 -6.27017 9.56779 0.0917719 -2.80002 -2.80109 -3.94235 1.73248 -1.91272 -2.73102 -3.98445 0.8 5.2 -1.00866 20.4 15.9373 4.49014 -3.6 -0.338584 -3.47138 0.0434259 -1.20733 1.58123 4.4 2 16.8 1.67322 2.37114 1.77742
12 2.22452 -1.43925 -2.60392 0.0962886 0.8 3.6 -5.79421 -1.2 -4 -1.00061 -2.62981 19.8606 0.204163 20.0609 6.8 5.2 -5.10329 5.82781 0.511019 1.53152 20.4 16.4 20.3951 -0.76937 -1.25275 1.2 -2.00186 1.91714 -0.026451 6.8 -0.8 19.6805 0.319629 7.2 -0.520725
9.01302 -0.157423 -2.31295 0.711701 2.24516 -4.4452 1.6957 4.52647 -0.768327 10.3567 4.41563 5.2 -5.10945e-06 2 -0.512147 -6.17669 -0.8 -0.261926 6.91522 9.2 -1.22039 1.08994 4 -1.2 -3.57606 0.897082 -5.6 -2.235 3.5285 -3.14926 2.52091 20.4 1.39211 1.51556 1.17799 3.8222
3.90479 -2.98743 -2.08044 -2.31479 2.99547 -1.4819 5.90235 1.38601 -3.7749 9.73267 -1.26847 20.2655 -0.682969 -3.51832 -4 -2.2e-08 -2.27311 -3.58446 -1.02847 7.69343 -12.7585 5.2 7.27237 -0.4 6.14505 -2.8 -5.80416 2.93302 -2.91867 4.43989 4.57445 2.8 2 0.0428032 14 7.16269
-4 0.4 -3.6 -0.8 1.48034 -4.8 -2.8 4.4 -0.8 -2.8 -2.4 0.559656 -2.53665 -3.5266 -3.17641 -6.41494 -4.12393 -2.71394 -1.4678 2.33744 -3.97283 -1.20031 1.2 4.70262 2.25395 -5.85832 2.13177 2.74333 20.3749 4.19521 20.4 -1.2 20.4 8 5.6 0.661139
-0.8 -5.6 -4.4 4 4.39677 3.2 -2.8 -2 8 5.6 -1.6 -1.6 -5.92564 -3.6 -2.67609 -5.08923 -0.621323 -1.6616 -0.0718451 2.93442 1.6 1.57001 4.0114 2.32355 10.0362 0.756896 20.4 5.69901 5.90971 20.4 20.4 7.59799 6.4 4.39702 5.06812 3.2
-4.4 -3.6 -5.6 -4.8 -5.98501 -4.4 4.58239 2.65745 -2.03954 2.38557 4.8 1.78363 -1.20891 -0.600162 -0.478958 -1.34284 -4.4 0.979766 -0.507614 -0.565295 -0.990259 -0.0791342 3.00499 0.665293 -3.59893 9.45946 -2.13966 1.28962 -2.45956 1.58165 -1.5608e-12 0.4 -0.8 0.4 4.72892 14.4
-3.6 -2.8 -2.56949 6.55463 -0.374593 -2 -0.317076 -2.4 -0.8 4.9255 -3.2 11.592 -2.9133 -1.63965 0.0247861 0.214295 -1.03623 -2.79357 -0.71488 -2 2.1158 4.38997 1.01525 8.4 20.4 -0.644863 -2.55522 -3.17255 -0.209827 1.43374 0.171383 2.4 2.1498 20.3998 2.95882 -0.114424
-1.60001 -19.2 2 14.8 12.468 8.8 14.8 20.4 -11.5547 20.4 20.3981 15.4547 -3.38753 -2.8 17.2 -0.902673 -1.83152 -2.8 5.6 2.72656 1.6 -0.0385949 3.62222 3.23518 20.4 20.4 -1.2 -2.08135 -0.4 -2.67801 8.00079 18 0.06466 4.4 20.3975 2.39661
5.99912 3.59977 5.19999 10 -1.2 16.3432 15.0684 -13.0227 20.4 -9.39897 -11.7381 13.3233 -0.701973 -2.58249 0.578129 1.46268 -3.67036 -4 4.44271 2.05844 1.03498 1.42632 0.0373132 1.50832 6.15869 20.4 -0.785298 2.82735 0.715368 -1.1139 6.62146 11.3437 3.6 1.2 1.89755 0.4
1.27991 -2.20713 -0.134735 -2.75898 -0.281878 0.45551 10.3899 4.04717 7.47042 0.510185 -2.1702 3.97404 4.30895 -4.8 0.243883 -3.02737 -3.57468 -0.8 2.35523 -3.18473 -1.76974 4.08891 6.29338 10.7396 2.39414 0.157694 1.93081 -4.84465 -4.0585 0.0437756 -1.59512 -2.30647 -0.235536 -3.2 1.06118 11.2
3.68847 2.47222 -1.16565 -2.88516 4.30953 -1.59076 4.00824 6.74349 7.09325 12.1663 -0.565713 15.2 6.8 2.33766 -1.84359 -1.91739 2.79414 -2.88826 -1.95898 -2.5973 0.846544 20.397 13.3215 1.6 0.200867 3.85751 -2.8 2.31803 -3.21335 6.48577 9.44983 1.54817 -7.26222 -3.28877 -2.08321 20.4
4.8 18.5255 3.01017 1.19191 2.64709 0.84623 6.35079 3.2 10.8 19.2 4.59689 6.29534 -1.8554 -2.895 1.26042 -0.490225 11.6262 -1.41252 0.670252 -0.372963 0.208863 20.2884 -0.0055203 2.11349 6 20.4 -1.75349 0.4 1.81895 -1.2 -0.433824 -3.45431 2.18409 -0.4 0.171777 18.4
19.6914 16.4 9.18636 15.6 0.376931 4.73525 8 5.79773 20.4 12.2076 -9.15442e-08 -0.4 -3.62195 0.0940863 -2.11604 -3.40255 3.2 9.92494 2.83861 -1.84233 2.71803 -0.252229 5.43406 4.83751 4.8 20.3387 0.610163 -2.76011 -0.650438 3.46238 1.69301 4.8 19.0904 0.212169 2.70204 16
19.2 -2.55941 -1.2 -0.523381 -1.85953 1.23433 4.50868 -2.37284 3.20324 -1.72134 0.516382 -4.79626 -0.8 4.52679 -2.22806 7.2 1.2 5.2 11.6 -3.81332 3.9935 9.13118 4.16843 -3.3888 2.8 -2.24668 4 -2.26243 -3.47758 -3.17181 20.3999 10 -0.4 6.29803 0.929802 5.59286
0.723623 -3.79222 -3.13188 -1.2 -2.09306 -2.44837 20.4 -0.8 0.721149 2.753 0.732154 1.61746 1.11337 0.75388 7.50257 -2.89456 0.8 1.59685 -1.59459 2.60631 1.65285 4.13424 8.38414 2.17917 1.42961 -1.48639 -2.16999 -0.80006 -4.13246 -1.05118 20.4 6.39606 6.79917 3.73591 3.17768 5.99993
14 -2.19866 0.490497 2.65304 -3.01121 -0.9437 -0.248802 20.4 4.47209 3.09327 -0.620144 0.490501 -0.892039 3.6 -3.30656 2.14767 6.17902 5.53273 -0.113146 20.4 -0.692191 1.6 2 2.93251 2.13322 -2.74087 0.994672 -7.55068 20.3997 20.3642 2.8 20.4 0.836902 0.293888 8.4325 3.93441
-4.4 -1.43493 12.9457 -3.32259 5.04972 -0.980544 12.1793 -2.0542 4.82916 1.92021 2.28854 6.90769 0.8 20.3995 1.2 19.5872 4.69228 -0.893666 6.49856 5.39749 3.372 0.682493 2.27306 2.8 3.00758 3.78398 4.00135 5.60146 2.84989 1.16553 -1.70657 19.2486 -1.80907 -0.399991 -2.99137 -1.14763
-2.69691 20.3999 -2.44706 -2 -2.23279 1.43805 8 1.19953 -0.937023 -2.4 -2.58825 3.75853 0.326717 -4.8 -2.87543 2.4 -2.87645 -2.4 0.566695 3.6 -1.91024 -3.6 5.63706 0.4 -0.0618679 0.0604569 -0.448751 -0.169266 -3.09419 5.18325 1.84468 2.2295 2.65803 20.4 -0.259496 -0.215894
18 -0.717438 -1.1559 -2.45318 -3.36596 -0.395285 -0.420058 18.1864 2.37548 -1.2 4.12341 0.0228225 -2.19858 -0.602618 -1.40418e-07 0.8 3.1215 -2.72047 3.99761 0.76072 -2.8 -2.72405 -1.1134 8.4 -2.82426 2.73794 -1.86411 -2.4924 6.74519 -3.1665 10.1543 14.5206 4 5.50005 2.77687 4.51269
3.37913 -2.73498 -3.60001 -2.8 2.8 0.340919 -0.353458 5.80812 8.8 2.0559 7.31249 20.3999 -4.18397 0.4 10.4098 13.0719 0.554414 3.107 -3.11002 5.1783 0.854088 -2.23709 2.71209 4.84567 19.6416 -3.76785 3.66754 1.59082 5.86717 1.35835 20.4 -2.6202 3.17167 4.16498 -0.83752 5.55759
3.00251 20.4 -3.2 1.6 2.8 20.4 2.23989 -4.83816 20.3999 14.9922 -0.500444 0.319822 -2.22148 -1.90555 -2.60479 2.99729 -2.25567 1.54223 11.0311 2.61711 -0.419528 5.21259 4.27662 -0.916549 8.72805 19.9356 14.4 7.47169 20.4 -0.0120314 -0.0548681 7.32887 3.55751 19.6327 4.70716 6.31203
18.4 -1.6 -1.2 2.8 -3.25787 -2.26422 20.3997 -0.8 5.6 20.3994 0.248712 1.88899 2.4345 -1.6 20.4 14.2222 10.8 15.494 19.9064 20.4 0.315704 9.6 1.63016 4.8 2.4 -0.400001 9.13456 -4 19.0572 -1.20001 -13.6 -10.4 -7.2 -7.2 -13.2 -16.985
10.4 17.2 2 -1.99964 -2.82546 0.461516 20.4 20.4 6.4 9.2 10.1489 -0.385243 20.4 0.655362 -2 4.05775 -4.47627 -3.2 1.55422 19.6 -1.94047 -0.590154 20.4 -1.88752 7.6 0.399999 1.6 -2.4 3.24506 0.8 -8 -6.8 -16.9689 -10.4 -8.29889 -8.4
1.97132 -1.93868 2.67751 20.3999 8 4.4 -5.8795 -6.51008 9.02151 20.4 5.64354 6.95612 2.90572 -1.38187 2.45992 9.26 -0.193664 -2.26698 -0.0193092 4.28468 -5.6 18.3697 -1.45276 3.26082 8.39788 8.39998 5.78084 2.34013 1.99995 1.97326 5.2 2.8 10.8 6 9.64512 7.99983
4.84925 -2.8 5.3015 -1.01447 3.36314 6.19089 10.8 -5.41821 13.2358 13.5813 4.8 -4.196 9.80456 -0.4 0.294949 20.3199 -1.13931 1.48341 1.6 -3.2 10.7891 11.4114 2.2689 10.8011 3.7287 1.3551 10.6676 -2.14444 0.0865991 20.02 6.69873 5.2 4.4 3.70492 7.80906 0.749321
-0.298143 11.2166 -1.82234 5.42906 -0.148682 8.18036 6.3789 13.353 0.90365 5.9874 5.46009 7.00511 -2.97703 -6.44917e-10 6.03703 -2.96899 -2.03259 -2.16085 -2.24613 -1.41282 -0.896037 -1.2 8.39501 20.3893 -1.76911 4.8 -3.66835 -0.656106 0.4 -0.170468 4.25578 4.02351 1.2 2.34946 1.62042 11.8877
-0.302754 0.521005 -0.872789 -0.914279 0.761456 -0.24482 11.0573 4.79996 0.797605 5.25286 4.0085 6.74565 4.91963 -2.63891 2.43041 -1.65779 1.70728 7.40943 12.4892 0.93925 3.4113 0.230494 4.8 2.0281 2.49746 -1.52494 1.67109 -1.28446 0.857955 3.59901 8.96118 5.72545 3.01207 -0.371793 2.06856 14
-0.027449 -1.4365 -4.8 -4.8 1.2 -2.3568 -0.16331 5.96714 -2.20077 -1.73692 -0.824289 0.4 0.0421776 -6.8 -3.2 -2.05183 -1.25596 -1.2 1.08925 -0.866445 0.440757 -1.31545 -1.5695 -0.278439 -3.2 -0.850556 -2.51362 1.3265 -2.0442 -2.2948 0.512646 1.15761 1.41464 0.0503253 -1.27104 -1.78643
-3.85082 -2.8 7.79417 -4.7951 -0.185282 4.1194 2.38876 -0.966761 2.60531 1.83928 -0.676869 -1.28052 -6.7147 -3.6 0.4 -2.54189 9.5478 -1.37433 19.9402 4.4 -0.8 2 2 1.84391 -0.401951 -1.12639 -5.68022 -0.660519 0.4 -0.0258678 -0.0676529 -2.01794 -0.169083 4.01067 -3.2 12.6156
2.59135 -2.8 5.77197 -8.85218e-11 3.19909 0.8 4.11405 6.11319 10.4 7.44047 6 4.4 -4.4 20.2188 20.3597 20.2633 3.6 19.0642 20.4 15.2 19.874 11.1999 20.4 -17.0822 1.22943 0.30176 3.9052 2 6.8 7.34244 1.6 11.2 0.8 3.6 -3.2 20.4
0.689187 3.2 6.88946 11.9505 8.48456 8.61878 4.64892 -0.8 4.74228 8.4 10.4 3.47193 20.4 20.3998 20.4 20.4 19.489 15.9506 19.7899 19.8127 20.4 18.8 -15.2728 19.6132 -0.258838 8.8 4.2971 2.8 6.57499 6.42666 5.2 4.4 1.6 2 1.07434 5.85661
13.7313 2.70511 0.479184 2.9769 1.3518 6.17014 9.55857 14.9203 1.9805 2.21659 7.28013 5.80131 -2.68196 -5.53997 -5.52159 -3.03179 -2.65979 -0.221381 5.29811 1.72325 -5.3543 0.133619 -7.6 -0.747357 -3.00192 -2.48361 -1.52582 -3.2 -1.6 0.4 -2 0.17252 -1.6 3.6 -3.2 19.6
6.23689 2.57355 0.334659 18 2.05103 7.88973 3.374 3.9515 2.83713 9.78506 4.83985 2.32052 15.585 6.52673 -6.52543 -5.2 2.04695 5.33674 5.74799 8.2373 -1.51694 0.297943 4.90533 0.860668 2.8 1.2 0.8 7.2 -3.12917 0.4 2.31784 2.8 -3.97549 1.6 6.2648 20.4
3.19999 7.67074 -0.400001 -4.15484 -0.4 1.08762 4.4 3.99999 3.59939 -0.40005 4.8 0.648537 -0.937361 0 6.85492 -1.79065 3.90023 5.37019 -1.6 -0.419924 -0.496146 1.14779 8.00167 5.71257 6.38314 4.83186 -2.69443 6.74125 -2.6932 -0.0388822 2.77484 -1.30821 -0.0773254 -0.601503 1.56984 19.7091
7.82642 7.2769 -3.6 -1.73934 -0.662769 7.6 -1.94917 -0.813044 3.04212 4.4 9.08271 1.2 0.286599 -1.45659 4.97663 -0.8 -3.94504 -3.79535 0 0.649439 -0.151951 3.68688 -0.274874 4.49329 -3.19746 -1.34986 -1.33651 -1.03999 1.57593 1.45403 3.54739 1.2 0.157709 0.206691 -0.982391 1.73757
1.6 1.2 2.56988 18.4 2 -0.8 0.224034 0.464009 -4 -3.5627 2.35728 1.2 3.79211 -1.01669e-09 6.77274 -1.39776 7.7341 0.993372 2.77444 2.77758 6.59067 2.42908 9.77379 6.89271 -1.6 -2.04177e-09 -1.57914 -3.6 -3.6 -3.2 0.696038 -0.959464 0.310473 -1.44821e-09 1.2 12
6.28935 20.3706 8.53613 -4 6.84386 -2 17.5986 -0.8 8.45374 2.4 5.49374 1.2 5.56581 -1.34703 5.41308 1.79126 -5.66168 5.59986 2.32969 5.27659 7.07475 12.1582 7.46197 6.55643 -2.4 5.2 -1.73137 2.30003 3.31075 1.54205 1.36893 6 20.3935 3.6 14.3442 13.2
