36 0 36 72 0 72
-1.6 -9.13671 -5.84522 2.90297 -6.26964 -5.92132 -2.8 2.8 -3.08262 9.2 -5.43224 1.2 19.9082 11.1998 1.99983 6.79998 10 20.3988 3.2 17.2 11.2 2.99811 14.4 10 -4.8 7.6 11.2 3.99999 13.9992 4 5.0303 19.6001 -4.19842 5.6 16.4 11.6
-6.13736 -5.77333 -4.38314 -7.94656 -4 0.294314 -1.2 0.861926 -7.2 -4.8 -4.4 -5.0344 1.2 3.2 7.6 2.4 12.1315 5.6 10.9436 3.95518 -4.98418 11.2 6.36863 1.2 0.8 -13.2 2.41051 -3.98722 -2.14103 10.4 -7.2 -3.2 8.4 2 -0.847231 9.2
-2.8 -5.2 3.6 -4.4 -3.2 -4 -4 -3.6 6 2.8 -2 3.50824 3.40871 8.58053 18 7.32458 3.77324 2.79703 8.4 15.0634 8.25188 16.1791 8.4 18.7748 -2.62844 -2 13.4758 -6 13.6 4 2 11.0236 0.668049 -1.46593 -1.2 -2.4
-5.84504e-07 -4.8 -3.2 -4.4 -3.76504 -4 -1.2 5.2 -2.4 5.2 -1.93539e-07 1.6 15.6 3.2 12 12.3868 -0.103152 4.8 14.8 5.83966 5.6 7.03696 4.99999 20.4 0.914817 -5.2 6.56649 3.2 -4.26774 -1.57587 1.9058 0.153651 -3.6 4 2.269 0.845606
8.85553 -1.31869 -0.584573 1.31549 -0.147093 19.0669 -1.50252 0.515715 -1.08216 3.38604 0.96999 4.29279 4.61585 8.62975 3.6 0.245192 13.6873 4.19595 2 2.74463 5.2 7.11067 3.72324 6 0.8 -3.86049 5.19933 7.1995 5.59979 -3.38275 2.66418 13.6 13.2 -2.5368 -1.6456 6
0.342991 -1.62803 -3.74514 -1.2 6 0.0666163 0.397526 13.6757 0.933047 3.92816 2.97416 0.4 14.4009 13.4314 1.18904 -0.400004 5.71594 4.55313 14.4 9.2 15.5782 10.1429 6.8 6.39138 -4.89613 -3.6 -4.70923 -3.20001 10.4 1.22662 -1.20068 1.68511 0.598007 -1.6 0.8 -2.97337
-0.43337 -4.16498 6.4 4.69849 5.80784 -1.21781 -2.4 1.61604 11.6 17.6 3.46525 -15.5857 2.05446 3.4334 15.3233 16.7034 2.78466 13.7935 7.54305 11.056 4.57318 15.2 12.0352 6.84211 -2.8 -3.81558 -3.27799 4.15839 7.06987 7.99904 5.6 1.6 20.2878 2.38924 -1.62341 12.8
11.6905 2.4 5.14219 1.56264 -2.04119 1.54343 0.589528 -2.04923 2.00003 3.49698 3.54654 10.155 10.6229 3.98119 3.61693 20.1236 7.57195 14.8796 3.3223 5.52916 8.83347 3.8445 18.8003 15.6 -3.30879 -3.14677 8.8 -4.63828 -0.4 0.8 5.2 -0.660616 3.2 1.15779 2.4 6.8
-1.2311 4.07623 5.09857 -2.8 8.83147 7.1189 0.8 5.6 -2.91971 2.77841 8.56214 8.73909 -9.91517e-07 2.67232 6 8.55247 8.8 -0.800001 6.4 17.6 6.4 13.9714 6.60755 18.5375 -1.73903 -3.07222 -1.93304 -2.32231 0.738005 8.0275 -3.54259 9.12742 0.88787 -1.20001 -2.95681 2.6578
3.78117 0.4 -3.6 1.2 -2.8 -0.966826 20.4 3.2 3.2 0.4 2 -1.2 1.36954 2.07703 11.8229 2 4.44943 5.6 4.4 4.09397 9.4294 4 15.0139 12.9176 2.37896 -2.94124 14 11.5998 10.5766 5.6701 -2.77378 8 -7.6 -1.6 2.74007 -0.0797319
-6.4 -4.78434 2.79999 -1.83619 -2.52874 8.8 3.66097 8.8 5.31582 -3.91625 7.00327 19.1392 1.93247 2.8 3.71261 18.4 9.2 18.8 19.6646 20.2481 20.4 9.6 16.0739 7.47007 -3.20001 -1.71346 -1.04934 -3.90918 -4.34443 -0.783622 -0.603114 7.90156 3.22517 7.11214 -1.21684 -1.62788
-3.65371 -2.43393 2.8 20.3999 20.3998 -3.6 10 10 -3.58492 -1.15842 20.3913 -1.46144 11.3782 11.2 10.8 20.4 2.29147 7.88134 10.7498 9.19805 6.4 9.59994 7.32952 20.3938 12.8 -3.99145 12.3095 10.8 14.3765 -4.40124 3.2 -4.63858e-07 0.1738 1.30441 6.07188 -2
-3.32183 0.884613 -5.6 -1.09994 13.6 -1.2 1.59667 11.5998 0.4 -0.4 3.47728 19.8642 7.51635 2.06326 4.13902 -2.4 5.26638 2.4 1.60829 11.4014 0.0674079 0.625026 10.4603 10.1476 5.59671 7.6 2.18665 8.8 1.05258 10.4 1.50118 2.8 5.2 12.7357 2.4 14.5816
-5.51307 -2.50943 1.28823 4.00652 15.5448 0.647679 0.8 10.0953 9.34023 5.92883 8.85491 5.6 -3.6 4.99598 -2.80693 3.6 9.17466 8.92691 5.70144 -7.47802e-07 1.6 2.34719 3.67863 3.65327 6 6.6897 -0.800051 6.4 1.59663 10 7.21019 -1.6 0.8 13.2 6.58021 12.1659
-2.28551 -3.50361 -1.34608 -0.8 1.6 0.0371586 14.8734 11.6 -0.4 -0.4 5.6 4.14385 0.550774 -1.86657 15.8138 -4.90835 5.38284 4.32406 -0.419915 -0.623949 1.27645 4.41522 13.5419 2.83228 -1.97021e-09 -1.2 0.680353 -2.04697 -1.93067 16.8 7.06762 2.4 2.3511 11.0414 16.0107 2.72223
-1.27787 -2.30917 12.8 -0.8 -2.20087 0.643547 -5.97016e-07 0.4 13.2669 3.11298 13.8786 0.984492 1.11881 20.4 -3.60992 -0.806657 -0.328929 -0.4 -0.246123 8.83538 1.03758 19.6 9.07753 14.565 -0.532822 2.27323 4.1898 0.81428 7.17948 0.333183 17.8785 7.2 2.16418 16.1925 5.47437 6.61409
-1.53656 -0.740547 0.650101 10.1157 -1.12862 -6.35242 0.660192 0.494795 7.70357 5.96918 2.69059 11.2481 -4.07192 -2.74065 4.85894 -3.64555 4.0659 -4.10777 3.93597 2.39246 13.3693 19.1991 -0.0913233 20.4 0.4 1.02395 -0.4 -1.4106 13.5999 0.752569 12 0.395426 1.1998 0.61432 0.4 14
8.31562 -0.77667 3.77917 2.11529 -0.766817 8.93855 8.63972 5.2 0.730644 3.07175 5.52808 16.544 -3.09398 -4.09722 9.31787 7.86045 13.1534 -1.24701 0.4 -0.787828 17.1595 20.1532 1.2 7.68287 5.62107 -2.62145 2.95755 -0.8 2.4 3.34618 3.46622 -0.422868 3.974 -0.147815 3.74906 5.16315
-2.56048 -0.640037 3.26503 5.35917 0.781884 -2 0.478744 4.95648 15.381 2.82565 5.56218 4.59138 2.24653 2.97891 -3.24343 12.4 2.22045e-16 7.30771 10.5498 -1.11243 2.52969 15.2 15.7384 2.4 4.17721 -0.377436 -3.90285 -0.544767 -2.4 -2.88965 1.18218 2.59846 14.8694 5.83927 1.80521 1.91229
-2.56206 7.04377 2 -0.625014 7.38756 4.30632 11.0172 9.82535 1.11947 1.4197 5.99911 7.07453 1.56557 1.20295 6.02461 -0.280517 14.5252 8.05074 2.69252 -0.084821 -0.111935 5.9281 16.7918 8.8 -1.80721 7.70194 -2.76296 4.61368 2.33331 14.1564 -0.654224 1.63715 2.35721 3.99986 2 4.35269
9.17127 -0.0500788 0.980194 -2.05552 4.22964 3.20789 8.27728 7.69285 9.59966 16 2.4 3.16172 19.2081 1.73136 11.6617 0.525493 13.4493 5.2618 13.8975 4.34971 -0.74262 -1.85037 -0.0798536 -3.3302e-07 4.7774 -0.8 -2 5.39064 3.19449 0.8 6 8.8 4.4 5.6 7.2 6.4
11.2 4.90554 2.17252 -2.8 1.68331 1.06612 3.62766 6.8 1.5886 -1.312 4.0442 13.04 20.3995 18.5771 0.333694 0.526574 -1.4493 -1.6 5.67186 -1.57171 10.6508 13.4552 4.49881 -0.527852 1.73681 5.41145 4.6881 1.62145 13.9671 1.2 2.4 20.4 14.7409 3.2 5.90758 5.6
4 13.2 13.7043 -0.870261 17.1675 17.5158 8 2.18338 10 8.44577 2.02896 -0.511799 4.4874 -3.6 6.72678 13.1941 0.30007 8.50201 10 0.198176 2.75538 4.01855 1.1416 9.10021 -3.37397 -2.29822 -4.01182 1.73573 13.0318 -0.386983 15.2 1.58151 0.350975 0.689346 1.58366 0.608668
1.6 10.8505 -1.34421 4.39969 16.8 12.5851 12.0502 5.27716 4.27133 10.6585 1.40295 1.6 -1.6 12.0622 0.0376868 7.94519 11.1412 4.73094 8.4 4 1.7162 4.8 -0.239437 7.03873 13.6 2 -0.939837 -2.15087 3.5005 1.25581 3.25386 2.4 1.75452 -0.0325214 1.6 1.22857
11.6 -1.70626 -0.400274 1.34391 -0.943909 13.9152 4 4.4 -2 -1.09426 1.26498 11.2 20.3483 8.12237 8.1839 9.03968 -4.29035 0.135847 1.58761 20.4 20.3995 20.4 1.93038 9.32768 7.59814 3.55211 -1.91727 -1.91296 0.252076 -0.548747 1.80931 8.87698 3.07492 0.4 3.88307 2.68966
9.50739 -3.6 -1.0765 4.66458 0.204599 10.2167 -0.964872 5.2 2.12739 6.04678 20.4 2.67862 -1.85404 2.92183 5.34352 0.485115 -0.144114 -1.784 20.4 0.832438 4.8 20.4 5.82064 7.5826 12 9.2872 8.6323 -3.42091 -2.40921 0.0349879 5.94441 -0.933701 4.35535 5.52983 8.4 -0.358241
1.30542 11.6791 -2.80898 6.23825 5.80526 11.0105 2.4184 6.26582 -1.05982 1.36722 10.0885 3.50787 -4.19008 5.42884 20.3698 1.96334 -1.32351 -5.71649e-12 -2.25086 20.4 20.3356 20.4 6.11143 8.30586 -2.66366 -2 3.59151 -5.16249 -2.4 -2.0433 3.84156 7.5998 -0.88049 6.43982 1.58545 11.8796
11.1999 7.6 3.35507 -0.8 11.6 4.95059 0.082822 9.81035 5.23107 4.39977 3.39251 2.10637 -8 -2 17.9904 18.1083 8.37753 -1.6 19.6433 20.2235 20.4 7.98749 11.6355 1.36685 13.8928 0.905235 -3.2 -3.56154 -2.4 -2.42382 2.31824 0.399317 0.0587261 -0.216677 8.82634 10.6105
-7.71821 -5.37245 -1.27321 -5.30183 -0.303916 -4.2386 -2.39563 -3.37859 -1.22304 -0.562964 -2.4 -0.0077334 -2.12161 -4.8 1.6 20.3997 0.998296 19.795 20.3996 4.15111 1.23082 -3.33809 -4.18478 7.04566 9.83176 -2 12 -2.78902 6.64456 -4.4 -0.0872965 1.6 2.76297 -0.198474 -1.3058 2.49587
5.62963 -6.01037 0.608671 -2.60134 -3.57464 -0.833074 4.5992 -4.41195 -3.38446 0.107652 -0.340669 0.4 14.3971 19.7761 -3.6 18.8968 -5.60023 15.7742 4.4 13.2 4.35077 2.91484 2.8 8.56996 2.49017 -2.97501 7.59718 -0.394757 1.92908 1.6 7.2 -3.81534e-09 15.621 2.98066 1.2 0.678341
13.6 1.37151 -2.69023 12.9316 -0.025371 8.57021 8.24218 13.7561 1.6 -1.94995 5.89379 0.572503 4.80571 4.34148 4.87426 4.81348 1.30985 6.72847 0.566939 5.27323 -3.53403 1.97561 0.962799 2.36786 10.4907 -1.19979 -2.3732 -2.97638 0.0579533 3.53831 -1.40288 1.05013 -1.13848 -1.91295 -1.38025 0.198711
6.75776 2.69883 -4.86933 11.9897 -0.292001 3.26996 11.1746 20 20.4 1.72394 16.6048 12.7997 20.4 9.86394 15.2077 -1.04979 -2.8 1.2 7.01985 20.4 -1.02919 20.4 4 4.66077 3.42603 11.9995 -0.8 -1.29239 -0.4 1.38671 2 -0.242593 -1.2 0.784595 3.30542 -2.47246
2.32097 -1.48464 2.06344 1.77571 11.2 -2.98045 -2.05055 -2.52461 20.4 7.6 20.3994 -1.20568 -9.05582 -5.6 20.4 0 2.29865 -8.15207 2.55907 11.1435 15.2 16 12.1716 9.2 -3.10719 -1.70074 -6.23081 -5.17392 -1.4774 -4.63919 1.6 12 -2.35332 0.92917 -0.920457 1.2333
-3.18863 -3.14405 16.3996 -1.05212 -2.73953 -1.38695 -4.59096 -2.40313 20.4 2.02025 7.47756 20.4 -9.16608 -8.8 17.6 -5.2 0.217634 -5.6 -11.5472 20.3994 -8.45126 14.4 20.4 19.6831 -3.76953 -2.21527 -2.19153 0.427375 0.899197 -2.27097 1.81018 2.8 9.23961 1.2 0.360759 0.292956
19.9932 -9.68077 14.9258 13.4541 20.4 20.4 16.7805 20.4 20.4 20.4 16.0134 17.2417 2 -0.502899 6 -2.9574 11.6 -4.00501 4.4 20.4 -0.8 4.05143 10.4 13.1384 8.29295 -0.158806 0.552166 -0.455222 -0.255265 2.97739 7.9883 9.44177 0.639081 11.6 6.51464 2.2492
18.9089 17.2005 16.1371 20.4 6.49847 20.2594 20.4 12.8923 19.8187 20.1889 20.4 15.3404 19.4405 -0.4 9.43892 20.4 12.333 0.263537 19.7363 20.231 18.8 7.99917 4.4 5.80141 2.27107 1.98458 0.634305 -1.31063 0.179894 3.30123 10.1507 6.20543 2.87567 3.85134 6 11.5804
-2.34584 4.69208 0.4 8.6758 5.77137 -1.20405 0.399905 6.09562 3.9885 -4.22729 0.400002 3.25391 1.09786 0.44984 -2.74298 14.6597 -3.36451 -1.74723 9.91697 3.2 0.615263 0.378336 17.1754 7.55244 7.16019 -4.46046 -1.85226 -1.93873 5.07026 8.39835 -3.2 18.4 -0.111341 0.113846 2.14148 -0.834965
11.9395 -0.276229 1.87913 -0.763569 6.67975 4.7997 -2.56214 -3.51929 0.884872 1.54173 4.96628 0.938256 1.35628 -1.23677 -3.1444 1.82388 1.83001 -1.72725 7.93656 2.38766 -0.00906846 0.371404 10.9371 17.6 11.3523 0.704537 5.6 10.1018 4 3.43048 2.4 -0.80817 0.754163 1.47569 7.67541 0.314848
-0.949203 -1.56052 -0.678349 -2.70284 -0.265517 12.8 3.59999 -5.95693 -2.60889 0.905923 5.8719 1.974 -0.829962 -4 -3.47574 -0.400001 -3.36789 -1.6 0.617114 17.6 1.3514 10.7662 1.2 2.97215 5.14186 -4.50349 5.29772 -4.62359 -3.44037 -4.86551 -2.84765 5.04041 -5.68593 1.27038 -3.1752 4.4
8.1221 1.40544 0.300995 -1.85476 -2.09731 -2.58696 1.82197 7.6 0.27383 15.505 15.1212 -0.798066 1.84045 0.800003 3.2 -3.41017 1.4679 10.5694 7.97344 5.75985 9.9651 6.30796 11.1377 2.56867 -5.40593 -5.45144 -4.93415 -4.62182 -5.39625 -4.51472 12 -5.31301 3.89293 0.4 -1.3239 4.06661
4.39946 -3.82055 -1.31883 -2.8 -2.29895 -0.8 0.909244 0.645186 -0.618297 13.5998 1.60958 -0.306006 -0.981651 -2.73246 -4.96557 -1.27444 6.02302 -0.574671 -0.0947913 1.80628 5.35308 3.97932 2.93923 1.34174 -0.711173 11.2 0.289798 2.09753 3.1449 -1.03338e-11 0.159003 -0.000211995 11.1831 11.6 3.2 2.80836
-2.35687 -2.83577 -2.47097 0.4 -0.0346274 2.83809 1.17654 -1.71911 11.99 3.2 1.67223 -1.72311 0.578932 15.367 -1.12294 3.99307 3.88626 14.1836 2.29949 -2.22844 5.67174 5.45663 7.5957 -0.776808 3.7886 5.59841 -2.65434 -0.399999 4.89498 4.39945 -0.611998 -1.17523 4.56216 5.84 3.2 0.797137
-3.1564 -1.93819 -1.48614 2.69903 0.0508119 2.96438 -0.485023 20.3999 16.0505 -0.370105 4.47357 3.17337 -0.111299 1.34539 -2.05607 -0.023786 0.587206 14.0368 13.2233 13.7641 12.6886 19.192 3.6 3.91663 -3.42796 -2 -1.01864 1.40273 -3.58409 2.38913 4.7561 -0.800344 0.326378 5.55317 -1.2 11.4705
0.471608 1.48516 -1.02561 -1.33621 11.2807 17.0955 11.4387 20.3996 -0.914055 2.65282 4.34417 0.745796 1.63916 12.1349 -2.03152 1.37137 0.692561 5.15858 7.67948 7.96698 18.4 4.56334 8.15017 3.99871 -0.8 -1.2 2.31477 10.4 -0.267595 5.21582 1.9616 -0.401602 0.799989 15.2613 6.40991 6.8
-2.8 -2.40351 9.55528 10 2.7757 -3.74428 9.99999 6.4 -1.68671 5.58108 2.52311 3.54964 7.81141 6.07223 -0.668983 13.8145 0.732811 0.0805196 12.8 4.19621 7.50668 2.48597 5.53858 3.43554 -2.35418 -1.87406e-07 12.4 -2.4 -0.0468187 4.77795 3.59869 2.80155 1.2 0.799998 10.8 4.8
-2.4 -3.00076 10.6783 11.5999 -1.15495 -3.54095 -0.439289 3.99305 8 0.399941 -0.83788 0.429973 1.72038 4.4961 -1.7077 2.87828 2.34574 7.13141 13.1885 12.166 3.34487 6.29647 10.0851 7.2 -1.2 -4.83563 5.92266 -12.8586 1.2 6.4 6.4 1.2 2.8 7.2 13.2 3.7775
15.9758 -1.84627 -0.970204 9.9841 0.35158 2.44741 6.22574 20.4 0.588131 15.2041 5.87918 11.7127 17.0583 -1.10607 -0.619057 15.2942 4.59266 7.10964 0.257923 5.87269 16 20.4 2.82572 0.8 0.378757 -4.8 8 4.8 -2.4 -0.09748 11.523 14.5949 1.58646 -2 1.2 1.2
6.26759 2.87958 -1.2 -0.227952 -0.306785 -1.38801 20.4 -2.11387 -2.23102 -1.30827 -0.242195 4.89688 18.1042 2.60158 2.02997 10.6881 6.44001 2.06816 14.0448 15.3534 19.5997 20.395 8.77811 9.59619 8.00689 1.39999 17.6 7.51628 -1.14499 1.38997 4.89741 9.4124 -0.8 2.4 2.74264 2.96503
-3.73984 11.9092 -3.2 -3.6 -4.26947 8.66783 -2 2.37926 6.66612 -0.262484 -0.247933 14.3094 10.4555 0.519742 2.46818 -2.75489 5.06656 8.44587 2.255 -0.457853 -2.13561 2.28527 0.339746 10.0174 -1.53279 8.28288 8.77414 10 -2.03266 9.59555 -1.92456 12.4 2.24477 -2 2.74938 -0.0928812
-1.29104 -0.334136 9.51122 -2.12941 0.514862 3.52846 -0.0200207 13.9255 3.14533 0.068194 4.1976 4.03976 -3.23635 -3.29532 -3.91975 -3.4283 20.4 3.14116 0.70931 0.629992 1.88101 2.77279 1.81264 0.930499 -0.885901 -2.66449 5.6 6.79999 -1.37212 -0.800094 4.77448 2 -1.14717 10 2.68885 1.47668
3.28948 -3.38264 4.50418 14.3753 8.55067 -5.2 2.86454 4.58273 0.337557 0.777127 5.83816 17.1398 4.4 -4 -0.0493733 -2.26739 10.8 3.35287e-14 -0.201316 2 -0.953169 7.62139 14.8514 4.8 -1.82978 0.8 -1.2 -1.54793 -3.68119 -4.05622 -3.03454 -0.0938932 -4.95682e-09 1.38645 1.36011 -0.999941
13.071 -0.435235 -2.4 -3.6897 -0.981467 -1.60333 9.20903 6.69246 0.048991 1.7639 6.8 20.4 -1.2 -1.28035 10.4234 -5.2 -0.752061 -0.4 2.13978 2.8 -2 -0.4 9.1253 8.36392 2.86002 -1.45345 1.82521 6.4 -1.11676 -1.8425 4.72794 2.90917 3.33931 -0.526433 1.99997 2.57545
0.128725 -3.14473 -3.17358 -4.31166 -4.24349 -3.68265 -0.8 -0.0454623 0.781003 6.72962 2.709 7.05217 -2.18655 -4.3748 1.24523 -1.47559 -3.2299 0.510579 -1.99154 -3.33305 2.00619 -0.295732 6.916 20.4 -2.92103 -3.30025 -0.444608 0.799996 -2.52073e-10 -3.33466 -1.2 5.2 7.2 6.4 1.0422 5.2
6.74669 11.5983 -2.3251 -3.10652 -2.94648 1.42294 4.99382 1.17385 4.91557 6.22861 6.3586 2.08921 13.8285 -2.4 0.529435 -3.51892 -2.14403 20.0625 -3.39726 -2.65724 -0.269019 0.307135 0.978983 1.85242 3.2 -3.2 -0.547244 6.8 1.89621 -0.312765 0.532508 -4.2428 1.6 0.72628 3.36413 2
0.925161 -2.79502 -0.453742 1.6 1.17434 2.60043 1.62913e-11 0.507688 11.0989 1.83537 2.41307 9.42013 -2.94159 -1.81471 11.2811 -3.6 -0.987117 7.33489 5.41611 4.84461 13.1938 1.67592 -2.15297 -1.28023 -0.8 -2.66765 -2.29953 -2.00009 6 7.46323 1.2 0.399998 18.4 20.4 17.4898 -19.4781
5.9463 7.01113 0.0192881 1.37429 6.3107 2.57111 3.6 12 1.75463 7.66263 18 5.4759 8.65688 1.2 -0.0484981 -2.53589 8.49917 6.71648 -1.02438 2.79705 -0.23395 7.43189 4.78354 2.3694 -2.97564 -2.09192 4.8 -0.143133 9.88193 0.343407 8.8 2.4 17.2 6.79999 13.5998 20.4
-4.47825 -2.8 -5.6 -2.2801 0.8 8.21579 10 -0.95915 -1.33247 -0.591344 -4.49609 5.1243 -4 2.11489 -4 -3.41926 1.00968 -2.38275 -2.02429 0.4 -1.02654 4.66403 1.44941 1.65294 -0.612459 4.76035 -3.6 -2.37985 -0.697634 -2.32196 12.384 2 0.23608 3.90852 -0.935378 0.0465659
5.03813 -3.84351 1.78673 7.6 0.304883 -2.8 -2.96403 -1.79933 -0.0335116 20.4 9.01844 2.37781 7.2 0.357049 -0.11454 -1.2 -0.299901 -0.8 2.95703 -1.81993 3.93273 -2.25717 3.09496 8.74915 -2.4 -0.4 -1.41211 -1.6 -2.35367e-15 -0.885147 -0.953677 -1.52215 7.87424 1.55801 3.00809 1.48977
-2 -1.638 17.2323 -1.33672 0.263535 -1.82157 1.44093 13.0215 20.1575 0.00381859 5.2 3.14974 -2.65776 9.79626 -1.19976 -4.8181 5.13957 -4.02465 0.62976 12 0.651383 12 8.39994 9.054 -2 -1.36025 -4.4 -6.6713 -1.92567 -9.27061 1.04403 0.68558 6.71668 17.6 9.26271 4.14988
2.22007 -0.895515 5.6 13.2 -1.67354 1.41036 12.4 17.0589 -8.42896e-09 9.09309 2.79896 6.78475 -0.800581 1.49346 5.50401 -3.6 0.0190266 8.75517 12.641 10.29 10.4 8.4 9.04021 0.339376 8 -2.60841 -3.7049 -6.19939 1.05239 -3.11717 4.45603 1.48409 1.02784 2.09581 3.35927 -3.2
11.7269 3.41118 6.38519 6.93957 -2.8923 -0.0706449 3.23465 2.7519 13.8922 0.60484 -0.18786 -0.0321814 -2.91188 -1.2 -3.20496 -3.0238 -0.400001 16.8 20.3999 20.4 -4.62141e-12 4 2.77459 6.79996 -5.21295 -2.66882 6.8 -11.1812 -3.51755 -3.65799 -5.6343 6.8 -6.4779 -1.21469 -5.52339 -4.05533
-1.6 -2.59116 -1.42898 -2.8 10.0382 -1.47839 2.4 3.331 7.10039 2.22612 1.33264 0.996044 14.2393 -1.2 -3.7883 2 20.4 3.2 20.4 9.2 1.6 17.6 6.03962 16.4 14.7005 -4.92711 3.77205 -2.80001 -5.53943 -3.40937 3.11497 -1.99912 -4.62135 -3.68682 0.00680977 -4.8
3.93668 -4.38943 6.55112 8.33712 4.24028 9.13622 1.90909 0.426952 -3.20862 -1.21051 5.23254 6.30532 -3.04399 -3.46971 -3.2 -3.31674 20.0546 4.71885 0.8 16.3631 0.79992 -1.39564 2.28839 1.07614 -8.31992 -7.2 -8.34996 -4.72932 6.8 -6.63708 -1.6 -2.8 -5.78963 -4.03592 -0.110111 0.646431
-0.298388 6.40713 -1.60406 -4.15218 4.38192 3.22921 16.4 10.4 -1.54431 6.64944 10.3771 5.41894 20.4 -4.59673 -4.25097 0.8 -0.442457 6.88767 1.8161 14.8 13.9827 -1.34886 -0.914872 6.80963 -5.2 -6.65319 -7.70161 -6.98241 -5.30829 5.29901 -2 -4.46012 -4.49648 -3.86875 0.404732 20.4
-2 -2.4 -1.92752 4.8 -4.8 -4 7.73315 -1.82657 9.80158 -1.69687 -2.08476 6.66655 6.4 0.863313 10.8831 -1.68768 0.367702 1.59999 15.1989 4.79999 -0.329665 -0.556092 12.374 7.92634 -7.33561 -6.4349 7.6568 -6.64864 -5.43615 -6.42912 -4.4 -6.72648 3.2 -4.89822 -5.44856 -3.67499
-1.86764 -4.8831 -0.4 -1.83865 -6.12813 -0.0630753 8.74594 8.20841 -1.87018 8.8 1.05667 -1.45222 1.6 -1.31948 1.2 -3.2 -2.01304 6.4 4.52248 0.8 20.4 1.65653 0.4 -1.61107 -5.6431 -6.30584 -4.48691 -4.64243 20.3999 -1.71905 2.20096 -4.75021 -1.71494 -4.74569 -3.69095 0.505283
-4.23897 -2.66703 -2.50243 3.6 -1.76399 -0.14353 9.2 -0.448074 10 1.44113 4.06682 1.3603 1.18552 1.43645 2.4 -0.165883 2.07626 -3.2 0.33844 20.4 17.2877 20.4 3.03703 15.2 -6.62971 -5.46777 -10 -7.10162 -6.4 -6 4.62023 -8.8 -4.04975 -5.2 -5.19717 -4.8
0.89151 -2.36109 0.83382 -2.45299 -0.875435 6.66239 20.4 -3.6 16.8 -1.19934 2.30869 -0.00441821 -1.6 -3.6 2.55064 -2.12877 4.28993 -0.252663 12.7648 1.8325 12.3309 20.4 6.922 9.48036 1.45221 -6.88189 -7.48637 -8 -5.04818 -3.72432e-08 1.6 -9.6 -3.43737 -3.63852 0.686621 -6.07643
17.6 -0.548559 -3.38022 -3.94131 -1.59419 0.628773 -0.37777 5.98823 -0.411537 -0.566269 -0.4 17.1899 -8.08688 -9.21359 9.48554 -6.4 -6.8 -6.8 6.16828 -4 -6.86153 -4.23327 -7.80502 -6.47426 -5.64537 -3.65027 0 -6.14003 -9.6 -8.03741 -4.78759 -5.64672 -6.36565 -5.02978 -5.98441 -0.759887
-0.802183 1.51656 -1.2 -0.392453 0.737465 -0.38321 12.5769 2.30937 4.40182 -0.0440343 14.6079 3.96045 -9.5783 -8.05856 18.4 -7.65781 -4 -6.48514 -5.26105 -6.4 -5.10238 -6.0443 -5.68334 -7.95911 -7.48096 -5.15493 -9.6 -6.8 -8.16605 -7.78101 6.0615 -4.01419 7.91791 -4.19916 -3.79929 -4.20653
5.02601 -0.8 -10.0477 -7.17225 1.30794 -1.53132 0.4 0.8 3.09429 -4.84102 0.702505 2.30582 -0.962281 -0.238256 -3.99572 -0.800028 -1.11053 2.4 0.8 6.79841 1.99985 20.3978 12 -8.8 -8.80034 -10.4561 -6.65801 -8 8.79838 -7.6 2 -4.70582 -5.60045 -6 -7.42512 5.99999
15.0751 11.0753 8.8 9.27247 15.7312 18.6435 10.9362 2.72625 5.13687 1.21816 14.8705 10.2381 19.8669 19.2 19.8406 19.8592 11.3236 16.8 20.4 19.7904 18.5213 15.2 14.8 8.4 -4.58379 -0.401503 2 -8.99351 13.5261 6.8 0.799999 8.69054 10.4 2.63466 4.39497 -2.8
