416430
416437
416200
416813
416362
415825
415925
416221
416230
415822
416812
416131
416695
416632
416619
416742
416226
415926
415751
416540
415901
416229
415829
416225
416892
415933
416375
416694
416129
416436
416201
416692
415923
416363
416691
416382
416198
416111
416197
416020
415753
415900
416888
416620
416234
416432
415754
416431
415827
416744
415929
416381
416194
416128
416429
416112
416545
416810
416544
416689
415840
416108
415823
416627
415899
416117
416199
415906
416033
416739
416227
416120
416238
416109
416376
416631
416688
416374
415828
416697
416237
416361
416541
416693
416367
416021
416546
416030
416019
416629
415755
415832
415904
415927
416118
416115
416124
416195
415930
416029
416223
415831
416745
416891
416621
416547
415752
416543
415903
416746
415756
416365
416121
416233
416435
416441
416438
415830
416372
415896
416224
416690
416743
416228
416018
416107
416380
416236
416122
416628
416027
416192
416130
