1.5673e-05 0.00126641 0.0101093 0.0707945 0.121533
5.8681e-05 0.000802626 0.0141734 0.0689123 0.12073
0.000151315 0.000804 0.0263976 0.0676446 0.120817
0.000221406 0.00119031 0.0356966 0.0686091 0.115064
0.000245012 0.001549 0.0392605 0.070573 0.0927878
0.00027521 0.00190207 0.0405239 0.0742788 0.0666964
0.000276425 0.00214007 0.0396383 0.0746006 0.0353068
0.000297716 0.00302264 0.0453974 0.0736444 0.0253177
0.000220889 0.00428307 0.0499994 0.0715427 0.0118862
0.000147927 0.00856083 0.0607923 0.0710816 0.00116841
