9.85328e-06 0.00159728 0.0104064 0.0724929 0.132793
3.80728e-05 0.000996367 0.0135686 0.073438 0.130615
9.94405e-05 0.00099131 0.0266297 0.0729308 0.130209
0.000144518 0.0014728 0.0365718 0.0745949 0.12368
0.000157066 0.00193358 0.0406708 0.0778804 0.100386
0.000172097 0.00240667 0.0419295 0.0842344 0.0704571
0.000169742 0.00273005 0.0399105 0.0881578 0.0357112
0.000183874 0.00384611 0.0451992 0.0897023 0.0250818
0.000137459 0.00542728 0.0492425 0.0906194 0.0118933
9.27476e-05 0.0108051 0.0597998 0.0923954 0.0012534
