1.35267e-05 0.00136322 0.0101782 0.0717553 0.124986
5.1161e-05 0.000859573 0.0139831 0.0712977 0.123817
0.000132455 0.000859202 0.026481 0.0704545 0.123778
0.000193372 0.00127352 0.0359612 0.0718524 0.117758
0.000212793 0.00166186 0.0397025 0.0745795 0.0951512
0.000237199 0.0020492 0.0409615 0.079777 0.0678723
0.000236966 0.00231114 0.0397274 0.0819738 0.0354942
0.00025561 0.00326209 0.0453564 0.0823605 0.0253061
0.00018999 0.00461765 0.0497835 0.0820052 0.0119237
0.000127493 0.00921964 0.0604803 0.0828729 0.00120095
