1.46259e-05 0.001311 0.0101618 0.0712324 0.123394
5.5038e-05 0.000828765 0.0140806 0.0700227 0.122436
0.000142196 0.000829307 0.0264453 0.0689659 0.122468
0.000207785 0.00122863 0.0358389 0.0701211 0.116574
0.000229206 0.00160137 0.0395081 0.072442 0.0941315
0.000256348 0.00197098 0.0407868 0.0768379 0.0674204
0.00025663 0.00222097 0.0396975 0.0780372 0.0354679
0.000276562 0.00313612 0.0453777 0.0777036 0.0253654
0.00020535 0.0044419 0.0498978 0.0764082 0.011945
0.00013762 0.0088748 0.0606415 0.0765641 0.00119045
