1.2821e-05 0.0014002 0.0101415 0.0718771 0.125978
4.87238e-05 0.000880794 0.013896 0.0716636 0.124639
0.000126384 0.000879562 0.0265124 0.0708542 0.124535
0.000184372 0.00130419 0.0360144 0.0723105 0.118376
0.000202663 0.0017028 0.0398228 0.0750939 0.0956222
0.000225548 0.00210166 0.0410387 0.0804633 0.0679489
0.000225331 0.00236988 0.0397201 0.0829063 0.0353605
0.000243358 0.00334312 0.0453224 0.0834762 0.0251191
0.000181143 0.00472872 0.0496503 0.0833481 0.0117999
0.000121792 0.0094321 0.0603311 0.084355 0.00119111
