36 0 36 72 0 72
2.4 2.23417 2.26076 2.4 2.71564 2.7177 1.6 2.1625 2.02661 1.6 2.75029 0.4 2.74144 1.67393 2.8 2.4 2 2.4 2.4 1.6 2.4 2.4 1.91196 2.4 1.6 0.4 2.11761 -7.18079e-12 0.4 2 1.6 1.2 1.2 0.8 1.53762 2.26515
2.03334 1.70024 1.646 1.77292 1.29889 1.87135 0.709519 0.995833 1.25267 1.70319 1.074 1.32214 1.2 1.46205 1.6 0.4 1.00222 1.22207 0.845208 1.1238 1.26074 1.2 1.0128 1.28688 1.24552 1.2 0.814184 1.6 0.8 0.579411 1.2 0.522774 1.2 0.8 1.07507 2.4
1.73593 1.63427 1.67258 1.6718 1.51052 1.6 1.312 1.24016 1.28528 1.06002 1.2 0.457717 1.32824 0.84843 1.00733 1.11078 1.2681 0.802702 0.951748 1.00157 0.8 1.1248 1.12064 0.8 1.2 1.4372 1.24938 1.06566 1.2 1.002 1.2 1.2 1.33047 1.6 1.54254 2
1.20318 1.44203 1.6 1.40743 1.44183 1.23758 1.12999 1.2 1.06218 1.031 0.885606 0.8 1.1464 0.926083 1.28776 1.42212 0.598824 0.8 0.859212 0.803516 0.806399 0.650698 0.776208 0.928305 1.18266 1.2 1.19522 1.23965 0.834894 1.10031 1.09831 1.02728 1.3745 1.2 1.47885 1.67938
2.00401 2.07945 1.34101 1.54608 1.4409 1.2 0.959339 1.38726 1.0023 1.12791 1.2084 0.966086 0.949066 0.922574 1.11462 1.04887 1.19486 0.697719 0.8 0.8 0.881177 0.926702 0.760553 0.4 1.11182 1.20467 1.20048 1.36102 1.14475 0.932431 1.1609 1.36025 0.8 0.828707 1.2 1.87404
1.29557 1.53404 1.0192 1.41652 0.953206 0.831663 0.898405 0.838249 0.396594 0.807584 0.681398 0.887351 0.806654 0.948383 0.710748 0.8 0.7472 0.677384 0.485027 0.821552 0.542421 0.546868 0.18368 0.624207 0.951796 0.977252 0.8 1.09725 0.776796 0.961791 0.489886 0.4 0.735063 0.947691 0.707047 1.28301
1.39162 1.26278 1.21751 1.43628 0.93788 1.19963 1.28249 0.722475 0.689946 0.829895 0.412983 0.215016 0.954375 0.925519 1.04873 0.675297 0.130376 0.4 0.772787 0.677083 0.4 0.4 0.593604 0.4 -3.2 -3.6 -4.4 -4.8 -3.2 -3.2 0.84095 1.35603 1.0793 0.704379 0.82855 1.6111
0.976799 1.16629 1.32432 0.862513 0.617377 0.708972 0.684312 0.606738 0.141434 0.521943 0.0751057 0.517279 0.65743 0.746921 0.636379 1.00335 0.67572 0.411792 0.532689 0.17948 0.30024 0.444468 0.4 0.437786 -2.4 -4 -4.4 -2.8 -4 -3.2 0.57214 0 0.601095 0.4 0.479157 1.23296
0.854558 1.2 0.952878 0.511227 0.402076 0.861936 0.675499 0.305648 0.532052 0.384557 0.326272 0.325707 0.940205 0.476848 0.685691 0.20464 0.492497 0.707578 0.00413255 0.4 0.724082 0.0369077 0.42375 0.643905 0.9517 0.8 0.930388 1.05967 0.8 0.8 0.930628 1.253 0.8 0.580374 0.752604 1.31596
1.62678 0.691472 0.826321 0.843564 0.676009 0.513184 0.506552 0.739926 -0.0306243 0.106888 0.217545 0.166071 0.319076 0.581905 0.591935 0.486798 0.4 0.4729 0.498327 0.4 0.346176 0.245387 0.0624012 0.279346 0.424592 0.83367 0.58757 0.718847 0.677799 0.8 0.523439 0.71472 0.355703 0.640664 0.938727 1.21522
0.975274 0.829264 1.1351 0.859452 0.877617 1.01514 0.593457 0.0115871 0.619302 0.137478 0.372145 0.111947 0.672915 3.31957e-14 0.313033 0.0987143 0.387566 0.16498 0.48814 0.137629 0.196359 0.4 0.4 0.603256 0.735919 0.4 0.735491 0.906736 0.569631 0.830433 0.657549 0.637561 0.68772 0.673573 0.690329 1.31851
1.67857 0.957017 0.864408 0.924491 0.4 0.652514 0.214106 0.459819 0.297083 0.4 -0.0214061 0.294084 0.189015 0.659516 0.415362 0.414341 0.235799 0.530089 -0.14482 0.194185 0.304058 0.4 0.133977 0.518576 0.495971 0.71496 0.63355 0.4 0.607523 0.605842 0.474421 0.848472 0.407522 0.716211 0.594182 1.53347
1.11923 0.8 0.610057 0.438438 0.86379 1.01503 0.718553 0.465879 0.490432 0.158588 0.262634 0.0705876 0.424023 9.3725e-13 0.191616 3.63568e-10 8.21565e-15 0.288752 0.545123 -0.129301 0.0896397 0.337479 -0.264064 -0.0849843 0.477648 0.365968 0.253991 -0.825711 0.108235 0.740675 0.226167 -0.0678234 -0.336688 6.6909e-11 0.317164 0.525562
0.851643 0.530136 0.441363 0.523243 0.527807 0.211932 0.464925 0.354196 0.252129 0.522027 -0.0756932 -0.0267699 0.0521372 -0.140018 0.0920221 4.40291e-11 -0.4 -0.321687 0.120102 0.0838762 -0.405322 0.187013 -0.331819 -0.352976 -0.0991128 0.217178 -0.41818 0.528656 0.0483499 0.237588 -0.328437 0.564911 -0.181778 0.193992 0.0797893 0.660516
0.905063 0.445542 0.671501 0.8 0.413683 0.493192 0.111518 0.0468579 0.225357 -0.0365468 -0.128726 -0.164803 0.237926 0.4 3.00779e-10 4.10783e-14 0.228648 0.103912 -0.525259 -0.795344 -0.100263 -0.395526 -0.4 -0.4 -0.0750913 0.0429811 0.4 0.339248 0.140471 -0.250195 0.107896 -0.029611 0.262306 0.0897512 -0.0373651 0.881932
0.593038 0.0251136 0.50827 0.434829 6.43263e-13 0.00672863 0.0745686 0.129133 -0.329767 0.0907638 0.23876 -0.108888 0.224811 0.213997 -0.133387 0.460391 -0.108948 -0.0853172 -0.635833 -0.0881507 -0.270442 -0.8 -0.278169 0.0253514 0.0920451 -0.342921 2.44249e-15 -0.245084 -0.171084 0.188838 0.308329 0.354848 0.480396 0.4 0.0327781 0.77758
0.8 0.581164 0.496609 0.8 -0.248194 0.142903 0.168809 0.133263 0.0998734 0.187661 0.269613 -0.028214 0.268325 0.505693 -0.278203 0.0590407 -0.0797553 0.0366898 -0.505068 -0.0996387 0.15562 -0.515528 -0.0802004 0.210007 -0.263411 0.276031 0.0607754 0.265243 0.141068 0.253899 0.0164531 -0.0290791 -0.307006 -0.351463 0.144204 0
0.845349 -0.355844 0.285146 0.177939 0.416145 2.9976e-14 -0.168108 0.140347 0.0954181 -0.0902525 0.333022 0.0974775 0.180599 -0.0548499 0.0868975 0.0260945 0.0470521 -0.466074 -0.135898 2.10587e-12 0.139063 0.112916 -0.276844 -0.0520634 0.0539847 0.332616 -0.10957 -0.28466 0.182074 0.268194 -0.183502 0.31714 0.0171233 0.115392 0.0292649 0.492952
1.04387 0.522375 0.3135 0.532472 0.0741603 0.4 -0.254228 -0.222889 0.124466 -0.139509 0.0618628 -0.161067 0.25561 1.05493e-12 0.12054 1.64102e-12 -0.4 -0.369848 -0.549531 -0.0653936 -0.230914 -0.208028 -0.0885048 -0.0085397 0.0606387 -0.0887396 0.10362 -0.303127 0.343957 -0.0135871 -0.247052 -0.0379873 -0.126444 0.12417 -0.664667 0.4
0.719868 0.561733 0.527986 0.233308 0.128136 -0.337232 0.173698 -0.146291 -0.128846 -0.145794 -0.0255294 -0.67951 0.22481 0.213199 -0.4 0.0469857 0.455311 -0.842455 -0.222931 -0.117367 -0.679506 0.100102 -0.317752 0.0966411 -0.243946 0.221288 4.16556e-13 0.233879 -0.0290766 -0.0896671 -0.260322 0.192396 -0.0734366 0.353177 0.0317107 0.635161
0.684706 0.3201 -0.0313254 -0.322071 0.149216 0.249928 -0.479972 0.407536 0.424876 -0.0828484 -0.117979 -0.290475 -0.0863662 -0.432345 -0.384771 -0.367166 -0.280741 0.0687951 -0.0697497 -0.495939 -0.0827204 -0.138197 -0.27058 -0.246822 0.447619 0.270764 -0.269284 0.200774 0.407372 0.224995 0.252455 0.057147 0.164801 -0.409131 0.0249543 0.37941
0.664349 0.289851 0.0778034 0.135593 0.143085 0.000312539 -0.119925 0.251561 -0.250701 0.329091 -0.0167179 -0.326259 0.00707962 1.13487e-12 3.39484e-12 -0.305226 -0.16267 -0.184363 -0.696269 -0.366447 -0.473638 -0.295837 -0.450707 -0.440324 0.654678 0.115641 0.31528 0.124391 -0.171398 0.157037 -0.133158 0.299112 -0.542374 0.137873 -0.510902 0.537098
0.435689 -0.540032 0.610409 0.012435 -0.193473 -0.0813797 -0.0313404 -0.324074 0.145042 0.0400256 0.00515874 -0.0801244 0.0271589 -1.07156 0.163828 -0.513769 -0.21576 -0.511753 -0.225371 -0.583987 -0.526049 -1.01545 -0.0686664 -0.740897 0.486592 -0.106232 0.4 -0.157777 0.0465308 -0.123042 -0.123124 -0.381253 -0.1746 0.196659 0.204607 0.423096
0.461965 0.4 0.519083 0.287336 0.551867 0.141454 0.0696728 -0.260902 0.0509924 0.225008 1.98606e-05 -0.0842461 0.134209 -0.125344 0.138468 -0.0820559 0.175496 -0.595137 -0.0556112 -0.220092 -0.228288 -0.274592 -0.565304 -0.44013 0.149115 0.333441 0.184125 0.202725 -0.152063 -0.118567 0.0339743 -0.135257 0.0611108 -0.146554 0.0279512 1.02398
0.939304 -0.941963 0.485713 0.48723 0.158049 -0.289104 -0.121604 0.20662 -0.260612 -0.2585 -0.0445362 0.150777 0.241508 4.40759e-14 0.42071 -0.293482 -0.308139 1.49883e-09 0.189404 0.0351585 -0.152607 -0.191922 -0.502097 -0.500963 0.268665 0.275341 0.129332 -0.0935863 0.113701 -0.802622 1.8241e-12 -0.612712 0.261592 -0.143809 -0.220497 0.399175
19.9213 0.191323 0.315829 0.0679342 -0.237758 2.6236e-10 -0.16901 -0.591843 -0.0414104 -0.10196 -0.0253799 -0.409453 0.0657144 -0.154706 0.0900986 0.0294474 0.00985141 -0.210986 -0.260904 0.319799 -0.654506 0.0408293 -0.435143 -0.327914 0.435021 0.0784943 0.226054 0.225563 0.101592 0.105073 -0.117402 -0.218566 -0.47643 0.0523766 0.0437824 0.327735
1.68948 0.831759 0.282636 0.238161 0.0968373 -0.211296 -0.626135 -0.221596 0.176557 -0.159901 -0.0748264 -0.247633 0.0397963 -0.469335 -0.196798 0.0539246 0.161987 -0.124729 -0.0905474 -0.64832 7.16105e-12 -0.300795 -0.349529 -0.181985 0.252838 0.0691403 0.0804483 0.32947 6.64461e-11 -0.213383 -0.4 0.0288595 2.84384e-12 -0.169435 -0.506638 0.108588
1.1393 0.18759 3.92472e-10 0.145778 0.288313 0.16297 -0.571479 0.0521836 -0.212385 -0.205971 -0.26795 -0.161399 -0.122939 -0.32723 0.242952 -0.263513 -0.129259 0.0558123 -0.497007 0.270358 -0.262027 -0.446809 -0.19007 -0.416898 0.0524841 -0.0683736 0.112131 -0.0576287 -0.136421 0.177419 -0.254382 -0.595103 0.189205 -0.0369268 -0.559415 0.241729
0.92074 0.114336 -0.0992827 0.0859845 -0.355052 -0.286243 0.0908764 -0.269202 2.0407e-12 -0.129953 -0.0665208 -0.299369 0.4 -0.338816 0.250645 0.20165 0.00382102 0.00436584 -0.467714 0.31994 0.151555 0.11705 -0.960923 0.0767125 0.0629004 0.149149 -0.128631 0.0503237 -0.225419 -0.181621 0.259571 0.303186 -0.759445 -0.588959 -0.327276 -0.164407
0.6823 0.212347 0.168213 -0.0793013 -0.730984 -1.01782 -0.510009 -0.189872 -0.172889 -0.135075 -0.0156611 -0.136499 -0.127747 0.415669 0.283952 0.560927 -0.184542 -0.319469 0.216626 -0.0917406 -0.923791 0.518782 -0.288241 0.017342 -0.183021 0.329319 -0.169709 -0.158812 0.0726749 -0.766912 -0.359758 0.115195 -0.889474 -0.216954 0.26042 0.498979
0.529442 0.171066 0.121694 0.614967 -0.222352 -0.170632 -0.356153 -0.15119 -0.850494 -0.473175 -0.0533093 0.0895967 0.282621 -0.136294 0.0588145 -0.903768 -0.679572 -0.278832 -0.446258 -0.266845 0.109178 -0.226083 0.189274 -0.389374 0.164905 -0.131413 0.173183 -0.593152 0.0552849 -0.0787567 -0.220658 -0.457027 -0.814515 -0.333388 -0.501804 0.491456
0.679765 0.327508 0.437295 0.184477 6.33038e-12 -0.212406 -0.240476 -0.226405 0.136679 -0.360303 0.304848 0.440103 -0.324546 -0.446767 -0.231069 -0.166575 -0.256595 0.0138613 -0.583245 0.150657 0.312933 -0.152015 0.138826 -0.504155 0.0703363 0.21068 -0.129797 0.431023 -0.157643 -0.0792125 -0.200082 0.544282 -0.181449 -0.163687 -0.267099 0.270583
1.14679 0.4 2.8378e-10 0.153781 0.0603807 0.124568 0.0393349 -0.45738 -0.222607 0.165465 -0.183987 -0.339481 0.165544 -0.494934 0.303603 0.418621 -0.33168 0.134489 0.0888234 -0.109588 -0.18963 -0.120402 0 -0.626866 -0.00593305 0.0754898 0.125013 0.210433 0.113572 0.0524528 -0.159572 -0.0678906 -0.0896231 -0.373167 -0.216368 0.485616
0.906194 0.214976 -0.152886 -0.182391 0.28952 0.0465851 -0.544168 -0.237677 -0.281955 0.0706154 0.172594 -0.22587 -0.089062 -0.148163 0.113663 0.189118 -0.181335 0.0533372 0.146985 0.0324891 0.133907 -0.271601 -0.399925 0.353143 -0.108383 0.185038 -0.147639 -0.110482 0.0586733 -0.366962 -0.341945 -0.111257 -0.4 -0.288898 -0.535774 0.51325
0.22583 1.93645e-12 0.467877 0.182649 1.22826e-10 1.08358e-12 3.85831e-11 -0.16216 -0.633608 -0.507894 0.111982 -0.0659931 0.530126 0.144533 0.859707 0.739915 0.528048 0.295845 0.707363 0.403717 0.330461 0.0981755 0.671133 0.496429 0.511507 -0.17177 -0.129273 0.152847 -0.558899 -0.559177 1.34989e-11 -0.57614 -0.171965 -0.467141 -0.757515 0.340068
1.0249 0.172554 0.526126 0.346219 -0.319485 -0.079327 -0.0799558 -0.205157 -0.208041 0.175903 0.167764 0.151947 0.32127 0.424529 0.764655 0.0924531 0.316201 0.130342 0.475552 0.658742 0.4 0.400618 0.544125 0.615993 -0.104612 -0.206231 -0.587929 0.443799 0.00411491 -0.58108 1.57074e-12 0.0523259 -0.205451 -0.403919 -0.660864 -0.0739569
-0.0146849 0.171146 0.272209 -0.245296 -0.636156 0.073077 7.28084e-13 -0.575974 0.105899 -0.290335 -0.273556 -0.242138 -0.0890524 0.21327 -0.227386 3.9202e-13 -0.628398 -0.0500375 -0.430449 -0.287749 -0.144194 -0.278628 -0.432661 -0.190258 0.268379 0.474261 0.676241 0.267523 0.314345 -0.390327 -0.203385 -0.389983 0.290479 -0.0476521 -0.385307 1.06704
0.174342 -0.105268 0.4 -0.575021 0.0276585 -0.248368 -0.545817 -0.67466 -0.541723 -0.322738 -0.622659 -0.393529 0.018356 -0.160278 -0.254075 0.132743 0.141475 -0.0380401 -0.172959 0.0423092 -0.191701 -0.111042 -0.498862 -0.332493 0.410274 0.59464 0.405737 0.4 -0.319927 -0.295948 0.13668 0.293294 -0.0613444 -1.43224 -0.277985 1.24547
-0.308729 -0.495054 0.428712 -0.23995 -0.166928 -0.384011 -0.779087 -0.592115 -0.149965 -0.15204 -0.764519 -0.570406 2.90049e-11 0.00668766 0.0157157 0.286315 -0.165903 -0.158008 -0.294102 -0.437235 -0.664719 0.0286816 -0.347241 -0.224957 0.0192595 0.138493 0.326269 0.225921 -0.433381 0.0576368 0.213509 0.217039 -0.442675 0.189849 -0.27622 0.116012
0.0888691 -0.356956 0.244675 0.4 0.0679563 -0.573723 -0.559162 -0.175408 -0.52137 -0.387813 -0.0662587 -0.230036 -0.188996 -0.270215 0.208284 -0.45971 0.147182 -0.284694 0.0585062 0.339188 -0.233724 -0.268534 -0.583762 -0.0972983 0.141538 -0.0975894 0.428039 0.190632 0.0544468 0.0661374 0.0744693 0.248199 -0.0488202 0.0152903 -0.299523 0.271135
-0.402244 0.0751735 0.4 -0.374504 -0.691787 -0.160433 -0.420883 -0.348547 -0.4 -0.763523 -0.506953 -0.209032 -0.0718865 0.0084164 -0.396058 -0.54541 -0.364236 -0.126569 -0.125296 -0.19814 -0.272542 -0.605686 -0.538013 -0.640695 0.8 0.542014 7.0044e-12 0.0713192 0.661826 0.291193 0.0464869 0.125771 -0.246203 -0.0640494 -0.229079 0.373517
0.92116 0.530145 2.60469e-11 0.452307 2.24265e-14 0.0819313 -0.784254 -0.35275 -0.686923 -0.726385 -0.826429 -0.31967 -0.149776 -0.338738 -0.315225 -0.242138 -0.577877 -0.356047 -0.267483 0.150291 -0.380847 -0.297871 -0.16416 -0.160354 1.2 1.2 0.328356 0.300176 -0.264051 0.24954 0.199012 0.145671 -0.115186 -0.114209 -0.772429 1.08566
0.44696 0.0863615 0.121314 -0.4 -0.0898831 -0.165177 -0.125148 -0.612364 -0.211081 -0.924731 -0.663441 -0.383142 -0.258947 0.0128865 -0.465805 0.193184 -0.177413 -0.287584 4.98868e-12 -0.478982 -0.111917 -0.184802 -1.02213 -0.326597 0.122209 0.127567 -0.636337 0.165124 0.00764832 0.192206 -0.32186 0.0606257 0.158597 0.122897 0.0858816 0.22895
0.705371 0.182764 0.245468 -0.234368 0.258411 -0.152845 -0.0768067 0.312835 -0.809858 -0.656766 0.0457528 -0.128858 0.256399 -0.232566 0.337615 -0.30745 -0.256708 -0.178218 -0.70948 0.137946 -0.665165 -0.120433 -0.0825394 -0.580354 -0.362301 0.163621 -0.449765 0.0557327 -0.0825736 -0.108109 0.0111295 0.105948 0.588582 1.16539 0.257309 1.02962
0.250327 -0.394299 -0.220946 -0.348558 -0.22336 -0.131737 -0.286712 -0.541566 -0.4 -0.541006 -0.534617 -0.32068 -0.268609 -0.205349 0.307412 0.244068 -0.17202 0.00622988 -0.152383 0.0209974 -0.532348 -0.491433 -0.466661 -0.458901 0.232233 0.297986 -0.209438 0.180999 -0.375623 -0.189222 -0.226024 0.222786 0.301045 0.961435 1.01516 0.967494
0.503499 1.46821 0.4 0.00266414 0.00885222 -0.212888 -0.191929 -0.260554 -0.35768 -0.924454 -0.473282 -0.364229 0.0929205 0.0205167 0.0716613 0.117302 -0.144496 -0.499313 -0.0553686 0.0289994 -0.178127 -0.310205 -0.294908 -0.241795 0.231505 0.27834 0.258196 -0.458215 -0.166918 -0.00768859 -0.841204 0.349472 1.09339 1.50876 0.562506 1.2
0.680695 -0.8474 -0.153484 0.231471 0.149288 -0.256173 3.04468e-12 -0.211292 -0.69877 -0.329207 -0.512688 -0.164631 0.0464725 0.0910465 0.145266 0.13894 0.137513 0.0229702 -0.174377 9.51461e-14 -0.0747302 -0.186461 -0.10955 2.4758e-14 0.266106 -0.0117197 0.185307 0.266733 -0.387741 -0.0299227 2.17437e-10 -0.0525637 0.513549 0.323804 0.194863 0.993068
1.29902 0.464237 -0.0819047 0.407107 0.047899 -0.435818 -0.33373 0.0771977 -0.929736 0.057937 -0.319464 -0.609381 0.311654 -0.106727 0.269987 0.312881 0.0535755 0.257296 -0.498769 0.0273445 0.0619591 0.0347134 -0.257279 -0.216745 0.0615561 0.0189677 0.104193 0.135481 -0.242915 0.19174 0.0237371 -0.0345161 0.494713 0.909764 0.51458 1.3138
0.763632 0.603407 0.199852 -0.228241 -0.0555204 0.161574 -0.133184 2.55351e-14 -0.671969 -0.588727 0.284738 0.178984 0.153208 -0.129212 0.123593 0.238828 0.352892 3.2212e-12 0.324549 0.152993 -0.234221 -0.246181 0.131073 0.176201 0.449103 0.284331 0.00427976 0.0636192 0.393537 -0.0695547 -0.147676 0.294336 0.958872 1.60004 1.42317 0.661382
0.0826042 0.508472 0.4 0.188261 -0.247416 -0.194239 0.0610806 -0.0167905 0.053729 -0.336956 -0.0419439 0.208185 -0.138287 0.00935339 0.210977 0.257545 0.186909 -0.857494 0.193977 0.609681 -0.0852223 0.0337495 0.4 -0.233539 0.138592 0.320809 0.0425221 3.28449e-11 0.0770645 -0.181356 0.161749 0.75152 0.836858 1.74521 1.34822 1.76525
0.493937 0.462761 0.184094 0.280925 0.0627262 -0.196982 -0.313863 0.083295 -1.19588 -0.127502 -0.546294 -0.320158 0.264686 0.0808757 0.062012 -0.218741 0.603215 -0.22958 -0.10056 0.135255 0.0242922 0.0196997 -0.100652 -0.251695 0.187575 -0.0219615 -0.284496 -1.06553 0.170255 -0.241675 -0.0814873 -0.282338 0.291959 -0.136724 0.363522 0.884591
0.0976622 0.588155 0.109078 0.501371 0.0956862 -0.224511 -0.781649 -0.0997933 0.039782 -0.395632 -0.398581 -0.237474 -0.137099 0.095093 0.0653789 0.402495 0.412064 0.474509 7.15872e-13 0.269281 0.132417 -0.254408 2.61274e-10 0.0565224 0.4 0.024168 0.190905 0.0788837 -0.4 -0.860843 -0.61029 -0.215544 -0.126274 0.329608 -0.00909068 0.761562
0.595556 0.518498 -0.102548 0.467123 -0.431052 0.152541 0.256612 -0.0586416 -0.677989 -0.421934 -0.148502 -0.128872 0.335269 -0.342833 -0.0347299 0.0133273 7.43905e-11 0.230164 0.188947 0.11638 -0.335603 0.197239 -0.12565 -0.597222 0.450759 0.54199 0.427216 0.324752 -0.4 0.202039 -0.156173 0.251555 -0.0291916 -0.0893132 0.0646846 0.397576
0.772402 0.460495 0.117448 0.206793 0.17005 0.0203094 0.125448 0.115321 0.0594723 -0.0820843 -0.185082 -0.0455429 0.175223 -0.379687 0.262979 -0.125174 0.60047 -0.443345 0.298458 -0.117622 -0.506727 0.0688126 -0.607579 -0.324704 -0.0354615 0.553719 0.204348 0.239952 0.0110838 0.0283726 0.196946 0.236101 -0.0245658 -0.269972 0.272765 0.527874
0.776385 0.277249 0.267702 -0.02033 1.14286e-12 0.137017 0.114157 -0.118893 -0.287624 -0.140237 0.240507 -0.322092 0.505036 0.0817445 0.101106 -0.158002 0.326871 -0.476675 0.20618 -0.322407 -0.317469 -0.4 -0.131837 2.94345e-11 -0.0938328 0.432102 0.256662 0.208052 0.0173624 0.0263316 0.18445 0.270135 0.455136 -0.950279 0.207378 0.4
0.303655 1.20332 0.55101 0.53172 0.153607 -0.20444 0.103777 0.405594 0.278341 -0.549655 -0.0356808 0.00683803 0.476972 0.0132771 0.103309 0.234788 0.244368 0.0952471 0.0470359 0.45045 0.0897931 0.129953 -0.120693 0.228056 1.04883e-12 0.155314 0.248263 -0.528327 0.238592 0.42674 0.165572 0.489237 0.278655 0.407082 0.0553212 0.691311
0.895949 0.507323 0.312759 0.122057 -0.402338 0.0696251 -0.197074 0.0559701 0.751898 0.0986919 0.0445105 -0.451808 0.151833 -0.244041 -0.0663081 -0.30086 0.0215258 0.452366 -0.222166 0.108288 0.292574 -0.194525 -0.13532 -0.0731444 0.190023 3.43392e-13 0.4 0.079682 0.842124 0.403941 0.440703 -2.21423e-13 0.052494 7.68385e-13 0.325031 0.4
1.07413 0.8 0.571148 0.480694 0.540932 1.43663e-13 0.207898 0.0200802 -0.234786 -0.0531431 0.000400421 0.187931 0.158961 -0.127911 0.179105 0.00610592 4.78506e-14 1.13909e-13 -0.950907 -0.233403 0.192805 -0.144951 -0.138847 0.0409776 0.0836932 0.0121306 5.66036e-12 0.554496 0.203265 0.6263 3.69844e-10 0.626624 1.8395e-11 1.17394e-11 -0.056441 0.879552
0.311633 0.585217 0 0.136527 0.41103 0.0582664 -0.202532 -0.223875 1.18428 0.30086 4.02856e-12 -0.0753696 0.414412 0.302946 -0.237008 0.0836854 0.17165 0.370472 0.141164 -0.445508 -0.169306 -0.10135 -0.249622 -0.866095 0.0806846 0.106879 0.428543 0.175288 0.179152 0.445606 4.92062e-11 -0.149872 0.0191962 0.0190735 0.325113 0.972592
0.532741 0.956973 0 0 0.429391 0.638254 0.0462512 0.296226 0.323304 0.401514 0.393685 0.26397 0.363585 0.602983 0.157813 0.368393 0.359976 0.277515 -0.4 0.4 0.20783 0.448948 -0.329472 -0.8 0.895563 0.4 0.89012 0.620382 0 0.578473 0.4 0.445853 0.573286 0.749304 0.777743 1.35248
1.28349 0.446743 0.850996 0.589902 0.461214 0.4 0.16448 0.132995 0.65271 0.0570349 -0.270108 2.55951e-12 0.347759 0.41289 0.075059 0.545931 0.447117 -0.436993 0.128032 0.0325302 0.4 0.440452 0.142681 0.059716 -0.117239 0.4 0.227372 0.610226 -0.0522605 0.225369 -0.21159 -0.510528 0.717693 -0.124786 0.806457 0.712415
1.47084 0.8 0.819317 1.08177 1.02407e-12 1.98264e-10 0.448014 0.495746 0.401611 0.68388 0.457447 0.565706 0.330936 0.542014 0.31104 0.599091 0.420598 0.631188 0.628195 0.588949 -0.4 0.241325 0.368161 0.0247622 0.500536 7.77156e-15 0.640471 0.643409 0.456574 0.764896 0.251465 0.767151 -0.0570119 0.297166 0.441047 1.28054
1.33015 0.875144 0.4 0.138887 0.51196 0.489013 0.564267 9.87432e-13 0.272605 0.136732 0.282635 1.78302e-13 0.476131 0.4 0.970052 0.470197 0.484376 0.45449 0.196571 5.91194e-13 -0.085239 0.4 0.107731 0.187606 0.649823 0.4 0.114626 0.4 0.439486 0.4 0.343229 0.493382 0.4 0.4 0.625749 0.4
1.7936 0.829828 0.8853 0.624312 0.857192 0.371334 1.08991 0.4 0.561312 0.461632 0.4 0.4 0.810483 0.8 0 0.997844 0.726527 0.64086 0.214095 0.196591 0.61267 0.4 -0.0621117 0.4 0.432053 0.966592 1.09455 0.8 0.4 0.539347 0.451861 0.950378 0.635878 0.4 0.4 0.440848
1.32152 0.882471 0.4 0.63723 0.487553 0.8 0.4 0.951864 0.4 0.4 0.458501 0.26474 0.991386 0.655879 0.851636 0.992886 0.529046 0.4 0.32215 0 0.440303 0 0.226501 0.26442 0.484236 0.816551 0.607268 0.634883 0.352563 0.750961 0.600669 0.4 0.749584 0.491712 0.8 1.39402
1.15305 1.45195 1.33575 1.23416 1.06927 1.00962 0.992087 1.0993 0.710441 0.515197 0.897871 0.643958 0.95488 1.03894 1.10373 1.02707 0.808919 0.767401 0.815721 0.680219 0.920217 0.932263 0.642833 0.889216 1.16669 0.864814 0.8 0.8 1.03978 1.22014 0.8 0.4 1.09773 0.907051 0.4 1.72061
1.6 1.37516 1.2 0.4 0.802364 1.05001 0.855794 0.21164 0.648341 0.605561 0.691795 0.180235 0.8 0.4 0.451734 0.691321 0.596636 0.4 0.298907 0.4 0.0348619 0.500256 0.587745 0.613277 0.525712 1.03376 0.603054 0.456539 0.641256 0.840075 0.720803 1.2 1.03217 0.932055 0.887371 1.32562
1.91298 1.24107 1.04539 1.30862 1.13 1.17877 1.1496 1.2 0.644332 0.996631 0.888746 1.08152 1.2 0.861798 1.24806 0.69208 0.969442 0.942926 0.8 0.8 1.15849 0.581428 0.8924 0.8 1.26024 1.2 1.04219 1.16737 1.33254 1.27643 1.18612 1.33783 1.21638 1.19844 1.38578 2.13266
1.80439 1.2 1.42011 1.03962 1.13961 1.04247 1.27386 0.931695 0.8 0.856641 0.846131 0.882723 1.2 0.958414 1.2 0.8 0.500125 1.2 0.8 0.664728 0.565695 0.682369 0.4 0.436167 0.8 1.2 1.31504 1.2 1.28762 0.897435 0.8 1.00636 0.881356 1.09247 1.35783 1.69853
1.76302 1.22576 1.2 1.47405 1.2 1.6 1.43713 1.25139 0.991159 1.2 2 1.2 1.33364 0.8 1.24341 0.932875 1.6 1.2 0.449717 1.2 1.03064 1.0793 -2.18618e-11 0.8 1.07359 1.3891 1.62294 1.70375 1.34577 1.2 0.867861 1.6 1.29266 1.44392 1.66729 1.6
2.4 1.74191 1.77785 1.45782 1.6 1.6 1.44962 0.706263 2 3.03802 1.28678 1.78887 1.09503 0.58477 0.760363 0.655449 0.8 1.26484 0.220244 1.75849 1.2 1.2 1.2 1.37318 2 0.8 2 2 1.37071 1.20288 0.8 0.524079 1.36053 1.55135 0.28792 2.8
3.2 2.8 2.65261 2.6179 2.88764 2.15572 2.4 2.84412 2.4 2.69719 2.4 2.8 3.85916 2.98624 4.0139 3.26602 3.2 2.8 2.8 2 1.6 2.8 2.16472 2.4 3.2 1.62707 2.82899 2.32367 2.4 2.58369 2 2.54695 2.8 2.8 3.06263 4.24715
