36 0 36 72 0 72
0 0 0 2.17982 1.47603 1.93985 1.61977 2 2.06531 2.19417 1.31145 1.43674 2.43779 2.17585 1.6 2.1929 1.77919 2.1932 2.3112 2.11414 0 0 0 0 2 2.4 2.4 2.17328 1.9646 2.4 2.18718 2.05311 1.8456 2.4 2.03901 2.4
0 0 0.89649 1.53728 1.29641 1.40092 1.00252 0.862886 0.487973 1.22759 1.2 0.929609 1.2 1.14863 1.2 1.11115 1.01612 0.84776 0.880146 1.07786 1.63294 0 0 1.81039 1.4812 1.10933 1.07815 1.25949 1.12843 1.32526 1.6 1.24446 1.05734 1.3571 1.39733 1.6
0 1.14158 1.66997 1.31195 1.01326 1.22608 0.4 1.01586 1.3835 0.769078 0.979012 0.982077 1.18793 1.00135 1.10121 1.2 1.41676 1.13106 0.923565 1.02588 1.31451 1.2 1.01691 1.1483 1.28866 1.25649 1.77589 1.194 1.45353 1.40784 0.950772 1.43797 1.30408 1.31509 1.2423 1.44766
0.31269 1.59127 1.10496 1.09094 1.2 0.864542 0.800371 0.928877 0.576249 0.0895518 0.623511 0.615869 0.770008 0.809037 0.8 0.8 0.455115 0.557985 0.684817 0.622621 0.548187 0.740535 0.401577 0.785038 0.383568 0.87202 0.686162 1.07959 0.490052 0.978545 0.634349 1.16787 0.936949 0.995138 0.951592 1.13035
1.1882 1.10614 0.970491 1.02767 0.856919 0.807093 1.03574 0.810067 0.567515 0.771065 0.697813 0.516633 0.726554 0.695891 0.656688 0.906782 0.727101 0.915579 0.656339 0.456884 0.634572 0.65865 0.75009 0.634561 1.36347 1.38619 0.595234 1.09045 1.02047 0.981436 0.951068 0.957334 1.00313 1.04084 1.27482 1.71339
0.8 1.46225 0.521761 1.00032 0.689119 0.920585 0.486169 0.976495 0.341423 0.507404 0.351053 0.671985 0.666451 0.502957 0.613162 0.722223 0.26029 -0.133805 0.566208 0.55809 0.4 0.563922 0.522184 0.48053 0.472029 0.654372 0.339286 1.05983 0.396787 0.578834 0.7372 0.721707 0.911976 0.957423 0.903707 1.48036
1.24576 0.711514 0.512834 0.696848 0.620758 0.8 0.652422 0.568171 0.371168 0.286795 0.383951 0.55523 0.468333 0.487222 0.4 0.459573 0.4 0.0864051 0.269832 0.196942 0.0728285 0.5175 0.441077 0.392565 0.634335 0.578157 0.364832 0.699864 0.625423 0.818684 0.554357 0.901894 1.29569 1.06971 0.6493 1.14481
1.24822 0.876242 0.465092 0.897323 0.507497 1.00229 0.327125 0.589997 0.113902 0.708923 0.280327 0.554141 0.742138 0.0739258 0.104241 0.136979 0.272181 0.221571 -0.1167 0.119563 -0.161386 0.0169016 -0.213231 0.311652 0.369672 0.341271 0.413608 0.54256 0.491606 0.663035 0.228369 0.538507 0.833875 0.581755 0.705006 1.04432
0.162496 1.01811 0.81423 0.418824 0.668153 0.640025 0.434748 0.132413 0.328366 0.341248 0.22813 0.0223253 0.025065 0.316246 0.285225 0.260851 0.117939 0.0764547 0.116783 0.0247567 0.115426 0.279058 0.0979797 0.200428 0.729431 0.0537165 0.699703 0.8 0.579231 0.680816 0.462548 0.418361 0.860695 0.824388 0.913334 1.1203
0.522104 0.36772 0.4 0.554881 0.572624 1.03985 0.326278 0.656207 0.198247 0.048112 -0.164773 0.190915 0.146951 -0.109355 -0.192245 0.0614289 0.0678628 -0.0547154 0.314799 0.0721109 -0.167656 -0.0879343 -0.185359 -0.0702051 0.590271 0.204541 0.522495 0.326827 0.205489 0.724577 0.200713 0.583177 0.690863 0.611014 0.894287 1.25595
0.880228 0.250471 0.231341 0.506239 0.402128 0.177851 0.28191 0.255013 -0.0421556 0.288574 0.328085 0.222009 0.797258 0.271449 0.268513 0.0420006 0.108804 -0.16978 -0.132943 0.172791 -0.185256 0.107705 -0.260091 -0.146505 -0.065082 0.117341 0.472137 0.469201 0.70743 0.621932 0.25302 0.528613 0.335073 0.987972 0.400646 0.559025
0.0499888 0.60892 0.4 0.773345 0.530868 0.257514 0.362808 0.49211 0.4 0.231552 0.221707 0.215239 0.719768 0.159318 0.450627 0.272288 0.238799 -0.222035 0.194756 0.199726 -0.265029 -0.188838 -0.153322 -0.0448999 0.132422 0.178616 0.274332 0.281488 0.169825 0.626864 0.301436 0.774425 0.426474 0.755405 0.525399 0.76012
0.119902 0.1523 0.179358 0.430586 0.13855 0.00911159 0.245017 0.496785 -0.135886 0.0633924 0.367658 0.266633 0.750623 0.32147 -0.0308785 0.122456 0.414982 0.240863 -0.0886524 0.0151089 0.0233367 -0.120143 -0.240727 0.029182 0.37791 0.197376 -0.0225851 0.256503 0.627783 0.847081 0.416683 0.301329 0.192246 0.619576 1.00474 0.926541
0.207353 0.112895 0.475987 -0.0565724 0.154994 0.0243894 2.85723e-10 -0.231375 0.156478 0.0215229 -0.0272409 -0.186403 0.295602 -0.190816 -0.143001 -0.212537 0.158452 0.199529 -0.118228 0.0529062 0.222832 -0.142956 -0.603241 0.089865 0.568385 -0.394702 -0.0535715 -0.144494 0.436858 0.265288 -0.130356 0.671228 0.729009 0.373436 0.60195 1.42536
0.651863 -0.184182 0.308091 0.28092 -0.0640104 -0.126356 -0.199586 0.256173 0.583091 9.32532e-12 -0.294962 -0.368615 -0.249524 -0.103924 0.101535 -0.0338124 -0.131151 -0.103051 -0.204167 -0.184715 0.0475717 -0.206415 -0.474812 -0.262039 0.229306 -0.143398 0.414757 -0.00466072 -0.0189216 0.361702 0.139859 0.0130253 0.136508 -0.0696409 0.160377 0.660945
0.4 0.409796 -0.103439 0.884528 0.231801 -0.240115 -0.456853 0.326855 -0.0306114 -0.373547 0.288779 -0.326229 -0.0702596 0.133958 -0.261063 -0.0950866 -0.18384 -0.28028 -0.504458 0.0200287 0.212111 -0.283636 -0.668499 -0.218739 0.0801976 0.0206894 0.327333 0.519689 0.507995 0.284265 -0.716031 0.283081 0.151327 -0.110772 -0.0873938 0.689366
0.540773 0.818197 -0.0451251 0.129172 0.0534511 0.137361 0.318287 -0.0125876 -0.0970058 -0.507366 0.0108875 -0.0629426 -0.142076 1.29903e-11 0.204001 0.119218 0.130379 -0.573085 -0.163801 -0.656506 0.353984 -0.286761 -0.346523 -0.239374 -0.0630358 -0.217233 -0.0286505 -0.0572374 -0.327335 -0.171304 0.0619134 0.110381 0.356535 0.150545 0.346727 0.451889
0.208996 0.407019 -0.0390234 0.358106 -0.105335 0.275506 -0.0223414 0.478091 0.0805591 -0.298675 -0.114742 0.0793375 0.170252 -0.0438235 -0.324601 -0.298441 -0.221506 -0.4 -0.214036 -0.078527 -0.0262864 -0.505888 -0.681602 -0.146315 0.274813 0.0959805 0.218914 0.154857 -0.425584 0.404972 -0.0253174 0.550292 0.295962 0.216409 0.315824 0.744301
0.484024 0.0867431 -0.0290188 0.040197 0.00926675 -0.337401 -0.0387167 -0.12985 -0.0591012 -0.0616584 -0.495111 -0.493729 0.449878 -0.251742 0.086427 1.9007e-13 -0.640583 -0.536106 -0.730754 -0.341989 -0.4 -0.4 -0.699448 -0.622306 -0.610761 -0.145191 -0.274531 0.054677 -0.208133 -0.287435 -0.367885 -0.358689 -0.0468815 0.0473701 -0.110116 0.402903
0.152505 0.0188354 -0.0966956 -0.627381 0.0434183 -0.412871 -0.31892 0.435683 -0.339544 -0.188635 -0.25873 -0.051842 0.00196027 -0.100052 -0.0842981 0.134395 -0.428215 -0.126853 -0.706354 -0.636784 -0.309818 -0.282015 -0.539116 -0.70838 -0.169844 0.174949 0.117309 -0.509646 -0.184651 0.470026 -0.175163 0.183973 0.179565 -0.068909 -0.346661 0.687804
1.12355 0.103588 0.446409 -0.120785 -0.177477 -0.0405106 -0.0443904 0.214427 -0.0527093 -0.0648011 -0.190429 -0.446085 -0.3237 -0.0336627 -0.709527 -0.355998 -0.0116302 0.0880368 0.195554 -0.16217 -0.217931 0.0158429 -0.311309 -0.4 -0.92978 -0.19712 -0.64713 -0.103387 -0.265425 -0.0902647 -0.33102 -0.306654 -0.245219 -0.447209 -0.109169 0.336227
0.216944 0.439459 -0.046583 -0.151014 0.0900989 0.278263 0.283111 0.216308 0.0410367 -0.171916 -0.0478005 -0.217048 -0.215192 0.189963 -0.167037 -0.157344 0.0176753 -0.0394701 -0.0341053 0.157433 -0.23995 -0.278055 -0.54109 -0.510335 -0.318045 -0.399861 -0.267245 -0.153541 -0.348887 -0.474753 -0.478096 -0.682121 -0.469875 -0.158951 -0.195763 0.228234
0.4 -0.871806 0.128711 -0.189533 -0.202938 3.12417e-13 -0.4 -0.251185 -0.211425 0.0323105 -0.487602 -0.241865 0.0553367 -0.0862691 -0.26254 -0.584257 -0.288747 0.131103 -0.4 -0.569177 0.0110293 -0.503718 -0.574564 -0.10219 -0.274225 -0.163456 -0.554295 -0.572654 -0.4 -0.262365 0.256343 -0.343124 -0.150455 -0.264758 0.0923686 0.360751
-0.127066 -0.0812297 0.0543099 0.298226 -0.425083 0.0563297 0.0523015 0.4808 -0.287748 -0.175511 -0.545352 -0.374045 -0.189715 0.133747 -0.694565 -0.166906 -0.0596551 -0.0865503 0.153249 0.0268687 -0.260416 -0.13432 0.0618584 1.87628e-14 -0.306715 0.0318879 -0.595851 0.366403 -0.28103 -0.0267204 -0.203094 -0.110606 -0.238189 0.0195964 0.153924 0.586171
0.499347 0.500508 -0.251949 -0.175 -0.312802 -0.389945 -0.0608387 -0.00534325 -0.378177 -0.597086 -0.181514 -0.112344 -0.514707 -0.258461 0.0353687 0.198567 0.0293412 -0.126397 -0.0957493 -0.143458 -0.26097 -0.384952 -0.31865 -0.319373 0.233159 0.182216 0.209206 0.0412299 0.117078 -0.454693 -0.189125 -0.270247 0.0398339 0.0835659 0.0355785 0.437973
0.353775 0.274653 -0.684591 -0.18005 -0.31445 -0.249981 -0.328853 -0.0765085 -0.52665 -0.380141 -0.0804964 0.0990231 0.113857 -0.327945 -0.0278317 -0.0693368 0.0197335 -0.156753 -0.516924 0.192835 -0.398282 -0.619662 -0.478432 -0.305108 -0.331351 -0.118134 -0.00301024 -0.691033 -0.191905 -0.60763 -0.655411 -0.353314 -0.0162054 0.0296316 -0.433005 0.333148
0.554784 -0.701312 -0.180285 -0.257951 -1.2 -0.151089 -0.0483671 -0.253339 -0.0776431 -0.595644 -0.247576 -0.421025 6.20115e-12 -0.115797 0.580509 -0.0998936 -0.14276 -0.136641 -0.282554 -0.563835 -0.329826 -1.00841 -0.541389 -0.571284 -0.124876 -0.493679 -0.46313 0.250845 0.10812 -0.166954 -0.100218 -0.275697 -0.600041 -0.230713 -0.358617 0.183589
0.648925 -0.0947527 -0.1874 -0.272582 0.0360901 -0.278525 -0.173191 0.502554 0.164928 -0.201686 -0.114044 0.266404 -0.30347 -0.238353 0.386771 0.661159 -0.170673 -0.4 -0.561515 -0.741522 -0.50304 -0.458869 -0.332428 -0.0915987 -0.35412 -0.501873 -0.53731 -0.277062 -0.126636 0.21733 -0.690467 -0.158622 -0.580201 -0.254451 -0.472119 0.186295
0.0457816 -0.497818 -0.104695 -0.11818 -0.607273 -0.203011 0.134714 -0.15677 -0.388145 -0.00248168 -0.0921032 -0.55547 0.185483 -0.0808017 0.127791 -0.135653 -0.140812 0.00377585 -0.515094 -0.4 -0.337766 -0.442566 -0.181248 -0.309682 0.360271 -0.632721 -0.230575 -0.370954 -0.220813 -0.0507275 -0.769868 -0.544103 -0.4 -0.375043 -0.186178 0.0546215
0.207138 -0.312738 -0.384986 0.133517 -0.553415 -0.251024 -0.359201 0.212085 -0.250637 0.25661 -0.208914 -0.22916 0.067394 0.0231104 -0.0127772 -0.046811 -0.306342 -0.232285 -0.44536 -0.454939 -0.356621 -0.229158 -0.274902 -0.0519932 -0.200363 -0.232005 -0.625984 -0.393243 0.104595 -0.107678 -0.27502 -0.143592 -0.393866 -0.519326 -0.0799834 0.408659
0.0905569 -0.507207 -0.284784 -0.0281633 -0.155494 -0.112736 0.180243 -0.360852 -0.0781537 -0.0748914 -0.155215 -0.31773 -0.0243405 -0.238813 -0.365849 -0.642023 -0.432882 -0.52498 -0.234993 -0.716456 -0.52582 -0.322198 -0.4 -0.555713 -0.281079 -0.4 -0.190995 -0.16253 -0.51414 -0.688992 -0.233399 -0.367584 -0.181526 -0.147516 -0.4 0.0825195
0.192026 -0.298171 -0.332163 -0.525056 -0.282174 -0.609298 0.0969063 0.352249 -0.224518 -0.163232 -0.112901 -0.109515 0.0962366 0.114703 -0.492348 0.00704695 -0.226384 -0.357064 -0.331759 -0.55343 -0.544516 -0.491224 -0.459475 -0.109376 -0.632843 -0.252453 -0.059467 0.143512 -0.354305 -0.387235 -0.49237 -0.0777529 0.433045 -0.170214 -0.522769 0.156958
0.4 -0.886097 0.0643029 0.135615 -0.347072 -0.339957 -0.182738 0.119662 -0.380146 0.196959 0.253875 -0.432908 0.590847 0.0990962 0.138188 0.145851 -0.322016 -0.180885 0.125341 0.0551291 0.0715326 -0.208378 -1.39851 -0.36644 -0.292732 0.0117628 -0.214903 -0.080129 -0.418124 -0.703516 -0.488539 7.49401e-14 0.0746498 -0.0770506 -0.437697 0.275972
0.210245 -0.215832 -0.012267 -0.0777456 -0.13465 0.184284 -0.766521 -0.167195 -0.283129 0.421117 0.194914 -0.120602 0.12634 0.149154 -0.64188 0.499696 -0.164936 0.1013 -0.105438 -0.280558 -0.0541007 0.147846 -0.444432 0.125141 -0.280098 -0.4 -0.264085 -0.570398 0.0566478 0.0590479 -0.127929 -0.124552 -0.407709 -0.277221 -0.555505 -0.101461
2.75779e-12 -0.4 -0.278942 -0.312 -0.876815 -0.466554 -0.21929 -0.213649 0.0874398 0.0275108 -0.00702003 3.98015e-12 -0.449795 -0.470013 -0.49829 -0.849109 -0.290172 -0.131 -0.482472 -0.343247 -0.218618 -0.712394 -0.706555 -0.73912 -0.29384 -0.153586 -0.212932 -0.154397 -0.186808 -0.281485 -0.218297 -0.284699 -0.468652 -0.511734 -0.301504 -0.186745
0.470366 -0.11126 -0.163533 0.173335 -0.846532 0.00448253 -0.0318006 -0.130233 -0.1279 -0.237181 0.0206255 -0.164018 -0.296055 -0.501421 0.2853 -0.355073 -0.611406 -0.357772 -0.673873 -0.139018 -0.278803 0.0226828 -0.684522 -0.578774 -0.217823 -0.169731 -0.0994981 -0.116463 -1.15815 -0.3824 -0.557468 -0.8 -0.499762 -0.479573 -0.4 -0.106679
-0.059875 0.12258 -0.352097 -0.259089 -0.0590849 -0.000917244 0.0161427 -0.507569 0.112455 -0.057559 -0.0991685 -0.105992 -0.290003 0.0770675 0.0487371 -0.278507 0.0512261 0.0296552 -0.383467 -0.299532 -0.221538 -0.709194 -0.375782 -0.262692 -0.194375 -0.169908 -0.308984 0.0583206 0.299753 1.57309e-11 -0.154725 -0.264964 3.33067e-16 0.0851665 -0.0797749 0.260011
0.455822 -0.147409 -0.0796876 0.000646685 -0.0353514 0.10385 0.200936 0.363674 -0.095181 0.170201 -0.0368059 -0.320724 0.13802 -0.217943 0.137531 3.03102e-12 -0.0555659 0.292525 -0.504394 -0.237317 -0.244276 -0.751757 -0.756032 -0.29482 -0.047969 -0.227865 -0.28639 0.0441601 -0.123267 1.19249e-12 -0.4 -0.188787 -0.210275 -0.0202461 0.28858 0.267213
-0.0761785 -0.744549 -0.236224 -0.160164 0.328435 -0.43541 -0.139067 -0.136658 0.116856 -0.138053 0.144411 -0.223832 -0.0320244 -0.100057 -0.163496 0.24065 -0.0999819 -0.27761 -0.457584 -0.529954 -0.310175 -0.0735649 -0.591455 -0.440035 0.0323615 -0.159031 -0.260507 -0.463165 -0.173724 -0.265676 -0.4 -0.568787 -0.0769523 -0.395928 -0.572334 0.614039
0.30327 -0.252315 0.227007 0.350852 -0.147304 -0.406062 -0.114648 -0.143731 -0.113235 0.0895485 0.0541916 0.027329 0.666505 5.39568e-12 0.162193 0.162643 -0.103692 -0.318782 -0.314181 -0.320303 -0.140048 -0.67331 -0.089659 -0.31651 -0.442112 -0.4 -0.198552 -0.137475 -0.056268 -0.0163324 -0.268848 -0.622888 -0.385489 -0.305667 -0.545977 0.216293
0.29443 -0.455423 -0.398513 -0.654651 -0.697739 -0.0971788 0.169026 -0.056815 0.0363302 -0.0786729 -0.338198 -0.148302 -0.17726 -0.166305 -0.298223 0.210444 -0.249892 -0.0907935 -0.248656 -0.216452 -0.678499 -0.371991 -0.832638 -0.475712 0.257662 -0.0038363 -0.139313 -0.305548 -0.393179 -0.464292 -0.265619 -0.540525 -0.599317 -0.568395 0.037625 -0.4
-0.113369 -0.599622 -0.0428276 -0.099261 -0.106616 0.148459 -0.0459106 0.308842 0.131624 0.316206 -0.589936 0.0999525 0.218625 -0.358233 -0.120162 -0.158354 -0.557055 -0.0458445 -0.0405879 0.0652669 -0.571869 -0.4 -0.501231 -0.174764 -0.361847 0.0172584 -0.337815 0.0078039 -0.306318 -0.245257 -0.0133368 -0.4 -0.546349 -0.266159 -0.154338 -0.0571598
0.544334 0.0619795 0.0418167 -0.0420307 -0.631098 0.217492 0.149881 0.251467 0.155942 0.0409124 -0.0100927 0.00641389 -0.448223 -0.232707 -0.184476 -0.520684 0.00219828 -0.789562 -0.39606 -0.359226 -0.478484 -0.514573 -0.8 -0.635297 -0.596131 -0.215789 -0.264169 -0.616292 -0.45503 -0.473242 -0.277822 -0.605223 -0.298621 0 -0.417079 0.312985
0.440181 0.271409 -0.263979 -0.328302 -0.203856 -0.175654 0.11594 -0.19908 -0.0208351 0.0292309 0.0245389 0.0250432 -0.348327 -0.203824 -0.153401 0.29391 -0.111643 -0.593355 -0.197737 -0.379863 -0.551027 -0.495426 -1.15667 -0.295028 -0.390011 -0.1118 1.64985e-11 -0.132124 -0.129601 -0.915222 -0.690194 -0.4 -0.4 -0.4 -0.420206 0.608398
0.187752 -0.305225 0.211815 -0.189728 -0.821528 -0.635471 -0.253215 -0.346788 -0.0775062 -0.243551 -0.0706534 -0.23381 0.228258 -0.159895 0.460941 0.114411 -0.0985638 -0.0421347 -0.378487 0.061926 -0.178194 -0.123162 -0.633497 -0.4 -0.138659 -0.626746 0.120589 -0.312898 -0.399711 -0.293217 -0.281186 -0.430196 0.221994 -0.319177 -0.109882 -0.355258
-0.405106 0.199312 -0.40046 -0.618139 -0.560981 -0.544369 -0.410248 -0.522861 0.127248 0.0563866 0.0407174 -0.0509628 0.150167 0.273453 0.266509 0.197487 0.195717 -0.255807 -0.355432 -0.117115 -0.312565 0.0206757 -0.993177 -0.612394 -0.235999 -0.241555 -0.0195271 0.229363 -0.261995 -0.236586 -0.213169 -0.0121261 -0.141528 -0.189876 0.0554944 0.0165197
-0.117548 -0.350138 -0.149634 0.0697858 -0.0750663 -0.383182 -0.495542 0.122728 -0.195749 -0.0454818 -0.166502 -0.100382 0.126356 0.115023 0.105948 -0.311219 -0.133289 -0.4 -0.55862 -0.592142 -0.502943 -0.545903 -0.254289 -0.305392 0.0186414 -0.557797 -0.768746 -0.606646 -0.893747 -0.0397616 8.41882e-12 -0.300685 -0.59884 -0.466057 0.0313736 0.295874
0.3041 -0.385983 -0.130267 -0.277867 0.0105505 0.0948998 -0.0807064 0.253975 0.146539 0.083926 -0.220129 -0.342072 -0.117889 -0.0940171 0.00779953 7.3323e-11 0.0345769 6.61671e-12 -0.4 -0.517549 -0.201631 -0.146956 -0.4 -0.427751 0.280054 0.281867 0.0809826 -0.135278 -0.205593 0.315466 -0.401995 -0.0702178 -0.154792 -0.178135 -0.1056 0.064842
-0.353193 0.26603 0.0821091 0.031236 -0.611178 0.0466822 -0.163435 0.0687792 -0.196162 0.0486358 0.0574244 -0.315692 -0.175812 -0.393376 -0.0655263 0.272138 0.211929 0.293055 0.0347514 -0.298914 -0.205403 -0.337684 -0.027218 -0.395071 0.946883 0.721888 0.0866854 0.192941 -0.224794 0.162558 0.148401 -0.0553416 -0.261228 0.258813 -0.157769 0.438708
9.11689e-10 5.21794e-10 0.402409 0.337597 -0.322461 -0.260346 -0.189217 0.258938 -0.48938 0.0535175 -0.0711736 0.051355 0.0130607 -0.148987 0.105083 0.131332 0.509749 -0.173444 -0.136402 -0.316674 -0.226411 -0.323386 -0.284927 0.0448822 0 0.800931 -0.00822608 -0.0638765 0.210865 0.164055 0.464351 0.207378 0.0280917 -0.00734228 -0.09285 -0.378346
0.4 -0.899863 -0.236446 -0.262316 -0.379235 -0.442304 0.153243 0.159688 -0.333367 -0.126298 -0.17651 -0.400885 0.234345 -0.302896 0.12674 0.550999 -0.549007 0.0955281 0.0140105 -0.207627 -0.122265 0.0246384 0.133949 -0.132599 -0.0158679 0.00300921 -0.567196 0.0438025 0.413683 -0.271005 -0.532121 -0.427077 -0.184523 -0.175065 -0.0411922 0.681452
0.200268 -0.112878 0.42903 -0.478932 -0.133535 0.0278225 0.284254 0.459025 -0.0475545 -0.0514873 -0.0612903 -0.457677 0.604244 0.662107 0.453247 0.395154 0.0643659 -0.23762 0.090031 0.419577 0.28888 0.0350649 -0.509867 -0.312962 -0.0324912 -0.646151 -0.0611017 0.145676 -0.0448036 0.0648944 -0.22933 -0.50114 -0.336993 -0.216236 -0.0828856 0.218956
-0.0307232 -0.482613 -0.0705649 -0.112367 -0.0854286 -0.388592 -0.276443 -0.302328 0.621978 0.198795 -0.267457 -0.463181 0.450407 -0.0599862 -0.0948637 -0.491386 -0.0920716 0.157533 -0.307664 -0.591561 -0.201329 -0.4 -0.273051 -0.196285 -0.0656848 -0.0792338 0.0450932 0.218933 -0.176744 0.0633004 -0.291216 0.0243587 0.454192 0.298397 0.0674786 0.165284
0.227479 0.565495 -0.183019 -0.0729651 0.0980937 -0.000391327 -0.246543 0.0882657 0.177065 0.0508151 -0.1107 -0.0977949 0.163255 -0.0547131 0.355953 0.0338505 5.20062e-11 -0.0530486 -0.226122 -0.188188 -0.331231 -0.299666 -0.24085 0.146724 -0.288003 -0.0749938 -0.0579365 0.532075 0.0564504 0.0906446 0.00606994 0.102933 -0.135038 0.167696 -0.109658 0.797285
0.164091 -0.312066 0.159924 -0.0911317 -0.353453 -0.237002 -0.458369 -0.520476 -0.00849368 0.00940052 0.101526 0.215888 0.255601 0.103045 -0.160579 0.0810849 -0.0388144 -0.138253 -0.308312 -0.4 -0.143614 -0.0832455 -0.271428 -0.563271 -0.0478201 0.45549 0.288823 0.0954975 0.116304 -0.0591319 -0.194738 -0.0745291 -0.43026 -0.391561 -0.120337 0.442499
0.286073 0.0796386 -0.247073 0.419846 -0.267411 -0.23227 0.0116293 -0.279235 0.545115 0.0507813 -0.594187 0.164058 0.0257917 0.0298246 0.142221 0.0623252 0.0519596 0.0525308 -0.515393 -0.739987 -0.0775026 -0.4 -0.466658 -0.447805 0.0952818 0.329696 0.0186256 -0.0548153 0.000746023 -0.430143 -0.450397 -0.0139488 -0.268487 0.146948 -0.0246299 0.654111
0.934113 0.486262 -0.32854 0.328656 4.54696e-11 -0.139247 0.147887 0.0528294 0.4 3.77396e-11 -0.0068316 0.308833 0.364098 0.453547 -0.0406992 -0.161483 -0.1697 0.126981 -0.464771 -0.292036 0.301606 -0.221176 -0.315335 0.0157241 0.223088 0.390878 -0.0362011 0.289905 0.470345 0.10492 -0.107166 0.102682 0.0874804 0.32925 0.193394 0.875221
0.127507 0.349214 0.369853 0.515885 0.170275 0.0707175 0.0558304 0.309376 0.0575843 -0.163608 -0.0230682 0.200293 0.611312 0.150135 0.0253599 0.244034 0.423828 0.0268458 0.252208 0.0811485 0.129643 0.0649507 -0.107924 0.0122048 0.335702 0.0687326 0.287876 0.0827447 0.546285 -0.065201 0.0433825 0.340013 0.8 0.469478 0.128434 0.526239
0.508267 0.495238 0.441523 0.610503 0.546086 0.139729 0.151729 -0.148519 -0.139607 0.0772997 0.480614 0.139188 0.312753 0.436867 0.539513 0.522404 -0.213906 -0.107058 0.00485324 0.216658 -0.151466 0.0580686 0.0195512 -0.164003 0.222326 0.0699701 -0.0851687 0.460652 0.0193193 0.285254 -0.135679 0.240133 -0.190507 0.81455 0.190294 0.570756
0.434647 0.314263 0.521033 0.544882 0.701414 0.127334 0.357592 0.42942 0.0951579 -0.0524362 0.494143 0.337483 0.587731 0.439779 0.672466 0.208573 0.177983 -0.0391015 0.306941 0.4 -0.167636 0.245526 0.108868 0.252197 0.344606 0.290722 0.272982 0.454093 0.279284 0.614266 0.51998 0.916299 0.828514 0.313989 0.782024 0.638423
0.839672 0.55312 0.10314 0.823765 -0.014749 0.305061 0.0329719 0.143849 0.493462 0.51906 0.347634 0.314919 0.284815 0.505319 0.197896 0.197382 0.446657 0.193678 0.0397717 0.155149 1.77192e-13 0.0207794 -0.263807 -0.0664122 0.180361 0.648322 0.516791 0.342343 0.45746 1.11749 1.26783 1.47162 1.04729 0.462638 0.733629 0.728718
0.933713 0.642586 0.69168 0.289085 0.637136 0.570924 0.109254 0.4 0.413357 0.455691 0.209656 0.15994 0.843474 0.565794 0.135054 0.308209 0.200854 0.151321 0.0465771 0.272205 0.0898864 0.190391 -0 0.230131 0.706614 1.01335 0.529218 0.301947 0.959323 1.23083 1.91341 1.3611 1.2 0.53695 0.494345 1.10208
2.21817 2.30834 0.415056 -0.203145 1.54241 -0.0674116 0.210752 0.297136 0.416594 0.239335 0.224473 0.0790224 0.877092 0.558032 0.269674 0.438093 -0.0860221 0.116236 0.154753 0.152852 0.0286581 4.77396e-14 0.120748 0.190605 0.623058 0.231399 0.488534 0.606498 0.806676 0.703509 1.34151 1.62776 0.966947 0.542139 0.638868 0.548242
1.19959 1.10537 2.62561 0.526349 2.5321 1.8874 0.564245 0.527772 0.0173336 0.375577 0.31751 0.218278 0.620611 0.94808 0.496205 0.369206 0.236222 0.4 0.107252 0.21507 0.290692 0.258906 0.247533 0.671548 0.365133 0.610822 0.640697 0.842187 0.658655 0.96068 1.36574 1.37482 0.936231 0.944584 0.587758 0.908386
0 0.581735 0.695907 0.373889 0.656496 0.237222 0.421447 0.458929 0.154568 0.47901 0.243857 0.291267 0.771994 1.03164 0.342535 0.560881 0.361765 0.777696 0.212009 0.4 0.59784 0.229875 0.4 0.285397 1.03441 0.179737 0.708416 0.526067 0.879931 1.01096 1.01061 1.15216 0.955564 0.774141 0.580886 1.00269
1.5562 0.655697 0.835105 1.64471 0.489746 0.809356 1.00982 0.631067 0.431013 0.591716 0.381878 0.625699 0.840188 0.517727 0.599995 0.88787 0.602823 0.70739 0.485353 0.584871 0.794365 0.299975 0.323547 0.777123 0.58945 0.426654 0.788543 0.750198 1.2 0.867296 0.729265 1.00715 0.84049 0.913463 0.999443 1.39581
0.772523 1.16514 0.182441 0.894917 0.753744 0.73763 0.483297 0.634497 0.671869 0.827483 0.4 0.525293 0.715198 0.8 0.494402 0.783948 0.456175 0.446978 0.476343 0.717291 0.56561 0.211481 0.410652 0.456463 0.725629 0.514364 0.712921 0.859899 0.598033 0.657602 0.766865 0.538955 1.01234 1.03755 1.45065 1.40718
1.08004 1.31517 0.846393 0.91195 1.04766 0.725837 0.685369 0.774995 0.89613 0.403813 0.559972 0.586077 0.839102 0.694669 1.02537 0.715091 0.835677 0.677643 0.998329 0.853089 0.502996 1.03243 0.575236 0.786461 0.648432 1.1754 0.702683 1.11842 1.38835 0.984941 1.21716 0.75073 1.10322 1.28138 1.48831 1.70291
0.366417 1.31853 1.48499 1.03552 1.10329 0.93521 0.831111 0.96533 0.813391 0.545853 0.607294 0.691578 0.893996 0.992671 0.951105 0.864709 0.711925 0.812455 0.55019 0.863054 0.747075 0.545228 0.65326 0.545141 0.822264 0.979363 0.750546 0.687005 0.742726 0.697154 1.35885 1.19513 1.71021 1.06183 1.59485 1.39956
1.34254 1.27013 0.8 1.10656 1.20163 1.50085 0.906112 1.1465 1.20566 0.947845 0.832917 0.588964 0.982396 0.893023 0.804881 1.22145 1.03145 0.989234 0.826598 1.05485 1.20123 1.6 0.64967 0.914414 1.15858 1.2922 0.990059 1.32214 1.63663 0.978718 0.811643 1.03988 1.47748 1.6 1.2 1.34093
1.21634 2.12937 -19.7673 19.2 1.34225 1.02796 1.05593 1.28626 1.05786 0.678934 0.446569 0.520648 0.93188 0.987163 1.00747 0.848692 0.860637 0.33145 0.8 0.8 0.691292 0.822578 0.771893 0.891738 1.07178 0.852272 0.950667 1.04356 1.07698 1.46467 0.8 1.2 1.06801 1.53587 1.58411 1.22399
2.38779 2 0 8.8 1.62784 2.18674 2 1.80973 1.2 2.04892 1.27826 1.06937 1.98854 2 2 1.464 1.70138 1.45564 1.6 2 1.57953 1.33373 1.35181 1.75037 1.42089 1.83609 1.158 1.38793 1.568 1.70725 1.57395 1.65558 2 2 1.42945 1.55114
