8 0 8 64 0 64
0 0 -2.71092 0.00388493 0 0 8.38682e-12 -0.0228739
0 0 -0.0146596 0.0215325 0 0 0.0266257 0.00668712
0 0 -0.00996017 -5.33865 0 0 0.0233707 0.0076345
0 0 1.20025e-11 0.0199776 0 0 0.0317214 0.00627674
0 0 -5.18377 0.0229824 -0.0111076 0.00339438 0.0228208 0.0162244
0 0.052533 3.55414e-09 -5.60881 0.0113119 0.0099681 0.00795581 0.0164504
0 0.0176619 7.9718e-05 0.0212766 0.021439 0.0249531 0.0122904 0.00945803
0 0.0265147 0.0011058 0.0146712 0.0194868 0.0189613 0.0125722 0.00944433
0.0688883 0.0182537 -0.0131543 0.0258931 0.00933193 0.0116374 2.10863e-08 2.90046e-14
0.0314569 0.0368122 -5.55334 0.00973868 0.0231656 0.00615232 0.0151681 0.00675632
-6.29242 0.0260645 -5.51891 0.0160723 0.02097 0.0181886 0 0.00884505
0.0136588 -0.117382 1.79351e-12 0.0145369 0.0379856 0.0178461 0.0297662 0.00383272
0 0.0271213 -0.00261944 0.0192454 0.0230921 0.0204879 0.0257213 0
0 0.0272744 0.000423558 0.00694649 0.0271964 0.0311057 0.0052426 0.00328143
0 0.0313514 -5.39117 -5.47917 0.0407482 0.0177004 0.0181227 0.00845262
0 -5.55455 -5.72128 0.0188802 0.0393982 -5.42583 0.019293 0.0139477
-5.46593 -5.3 0.712011 0.00632599 0.0494912 0.00289178 0.00512503 0.00680871
-5.48329 -5.4 0.00195071 0.0121052 0.0196672 0.0140014 -5.62824 -5.35663
-5.428 -5.34439 0.00550962 0.00818707 0.0287584 0.0142982 0.0204769 0.0128558
0 -4.6501 0.00293748 0.0127196 0.0275377 -5.41926 0.0369666 0.0153238
0 0.0225234 -0.0041373 0.0189953 0.0288145 0.00974358 0.029275 0.0147554
0 -5.53449 0.00166277 0.0166463 0.0326186 0.0159968 0.0172577 0.0182348
0 -3.77296 0.00571904 -5.53339 0.0192586 0.0159089 0.0176696 0.0225281
0 0.0172465 -5.41675 0.0190788 0.00818023 -5.4919 0.022068 0.0215934
0.0115159 0.0158243 0.00977204 0.017674 -0.0117003 -0.0135613 1.75021e-12 2.95083e-11
0.0196991 0.0154191 0.0101378 -5.45653 0.0163909 0.010296 0.014453 0.016242
-5.08027 1.02186 0.0072837 0.0277638 0.0379225 0.011302 0.0197754 0.0166266
0.0541258 0.0186009 0.0112257 0.0220461 -0.0142503 0.00703969 0.0278405 0.0111462
0 0.0173566 2.68424e-13 0.0330229 0.00690801 0.00513643 0.0432478 0.0189792
0 0.00433813 0.00723982 0.00967092 0.0204836 0.00737806 0.0291406 0.0196905
0 0.00770382 0.00333769 0.0153052 0.014064 0.00822751 0.0390137 0.0331065
0 -5.9416 0.00662504 0.0187745 0.0115645 -5.3 0.0260976 0.0316836
-5.36856 1.3628e-13 0.0212507 0.00937275 -0.0226064 -0.0183395 -5.53579 3.30454e-10
-5.48225 0.0157709 0 -4.19412 0.00827299 0.00596816 0.0214334 0.02321
-5.39392 0.014279 0.00871532 0.0248147 0.00384026 -5.197 0.0182524 0.0321126
0.0127558 -5.26678 0.0101788 0.0297748 0.00660622 0.00659398 0.0266457 0.0310377
0 0.0268784 -5.43243 0.0452718 -5.33158 0.00626839 0.0297878 0.0245074
0 0.0251841 -5.50716 0.0386668 0.0068552 0.00912226 0.0243104 0.0263317
0 0.0269229 0.0177865 0.0283873 0.00816112 0.00873149 0.0195749 0.0267491
0 0.0315514 0.0121695 0.035882 -0.00422388 0.00987616 0.0259965 -5.59309
-5.06376 0.0119761 0.0070349 0.0197834 -0.0233882 -0.0250648 -0.0228 0.0122526
-5.33916 0.0204833 -5.53021 -5.47403 0.00841786 0.00504543 0.016763 0.0251456
0.0619712 0.0159814 -5.50511 0.0312244 0.0109932 -5.09964 0.0240293 0.0264974
-5.59859 -3.87415 0.0115638 0.0336969 0.00373363 0.00531442 0.0320043 0.0274876
0 0.0207589 0.0494607 0.0339995 -0.01107 0.00699415 0.0306604 0.0278586
0 0.0136217 -5.47893 0.039823 -0.0183122 7.50698e-05 0.0187228 0.0256656
0 0.00757537 1.66533e-16 -5.4956 -0.0180675 0.0133047 0.0105508 0.0274386
0 -0.0103318 -0.0585126 0.0293705 -5.35201 -5.22278 0.0172243 0.0296252
-5.37764 0.00715204 0.0107223 0.0231201 -5.4 5.22636e-10 -5.52377 0.0156038
-5.22359 0.0125709 0.0166554 0.034357 -5.46069 0.0122233 0.0335853 0.0237822
-5.36693 0.109947 0.0204174 0.0391965 -5.3946 0.0108107 0.0316664 0
0.00562795 -0.117963 -5.53421 0.0403277 -0.0154297 -0.0199111 0.0293827 0.0288286
0 0.0129021 0.0315179 0.0347009 -0.0108139 0 0.0384243 0.0189605
0 0.0179384 0.0235687 0.0354462 -0.0151684 0.00859441 0.0341936 -5.38321
0 -4.90795 0.0199416 0.0292128 3.99064e-06 0.00838928 0.0307285 0.0328779
0 0.0233993 0.0130141 0.0334922 -0.0145606 0.00474872 0.0266881 0.0341378
0.0300375 0.0121443 -5.65071 0 -0.0345422 -4.08468 -0.0972575 -0.0257484
0.00341004 0.0186806 -0.0548184 0 -0.00922765 -5.46018 0 -0.0320889
0.00812766 0.0221417 0 0 -0.00312478 0.0479341 0 0
0.0115049 -6.13536 0 0 8.63754e-10 0.0130307 0 0
0 0.0117032 0 0 -0.00897823 3.71089e-12 0 0
0 -5.58578 0 0 8.97991e-11 -0.0282532 0 0
0 -4.64388 0 0 -0.00680829 -5.5401 0 0
0 0.00904524 0 0 -5.43434 -5.02399 0 0
