48 0 48 97 0 97
1.0623 0.8 0.176287 0.179649 0.456523 0.0186814 0.484153 0.379682 -0.839492 0 0.0117132 0.8 0.930069 0.496766 0.816464 0.979618 0.8 0.894892 0.291031 0.615142 0.970363 2.5091e-14 0.106687 0.355411 1.30695e-12 -0.22488 4.54703e-12 -1.05278 0.0237067 -1.20176 0.8 0.16288 -0.445791 -0.0772559 -2.01896 0.135302 1.16554 1.22903 1.18193 0.929584 1.10452 0.928712 1.51236 1.04182 0.8 1.6 0.0521967 1.34063
0.5717 -0.8 -1.80526 -0.53216 -4 2.27443e-11 -1.6 -2.14723 -0.188423 -0.806956 -4 -0.691052 -1.01775 -0.653223 0.8 -0.239973 -0.712903 0.63306 2.66227e-10 -1.28918 -0.39757 -0.983654 8.13064e-10 1.62537e-12 0.344112 0.8 -0.529725 -0.729176 0.8 -0.789632 -1.2231 0.332615 0.207486 -1.58918 -3.2 -1.75159 0.846115 -2.4 3.76144e-13 0.0401728 0.0902465 0.264259 0.561068 0.132107 -0.540643 0.0405094 -0.62453 0.993849
0.062254 -0.37425 1.95524e-11 -0.663058 -0.778151 4.47598e-12 8.33098e-11 -0.8 -2.37649 -0.989951 -1.05324 0.396613 0.8 -1.32224 -0.618315 -1.32932 -0.289153 0 0.741041 0.245887 -0.720815 -1.77517 -1.11313 0.8 0.129975 0.376298 -1.87103 -0.748684 -0.885226 -1.54975 -1.08794 -1.21375 -1.6 -1.10398 -2.4 1.62093e-13 0.178265 0.0898449 -0.143378 -0.574157 0.589991 0.194008 2.75941e-11 2.35234e-12 0.351899 2.65678e-10 0.085994 1.6
0.14294 -0.561636 1.14042e-12 -1.70994 -2.88931 -1.06654 2.83018e-11 7.86327e-12 -2.5073 -1.76682 -0.491802 -1.26475 -1.71505 1.58096e-13 -1.96624 0.196751 0.295234 7.74794e-11 -0.508125 0.539531 0.094433 -0.364589 2.77112e-13 -0.500095 1.25189e-12 1.91375e-10 0.230924 0.244676 1.14067e-11 0.0910926 -0.624183 0.0197591 -2.10991 0.819693 -0.766785 -0.816875 -0.204618 0.154917 0.403368 0.461999 0.317989 0.324477 1.28644 0.715246 0.467828 0.8 1.1555e-11 0.906273
0.3196 0.132915 2.67342e-12 -0.8 -3.42858 -0.660231 5.78426e-13 -0.47798 0.028928 -0.120654 -0.709697 -0.695523 -0.934317 0.8 0.570601 0.144654 0.507326 0.0650021 -1.74139 -0.0127024 0.532056 -1.23151 -1.0381 4.91294e-11 -0.566442 -0.554295 0.399383 0.960916 8.14859e-12 -0.892046 1.49858e-12 1.42841e-12 -2.44081 -2.68091 0.248134 -1.23222 0.0487984 2.58198e-11 0.370075 0.171464 0.127084 1.26891 0 0.84158 0.12285 0.156001 4.52705e-12 1.25199
-0.303923 -0.421253 1.31362e-12 -0.262911 -0.735564 6.69834e-10 -1.40004 2.51887e-12 -0.547663 -1.14227 -0.766303 -0.492778 -0.823988 -0.724493 0.840842 0.335144 2.44437e-10 0.479627 0.8 -0.312757 1.07061e-11 7.21867e-13 -0.478108 0.427861 -0.847777 2.44033e-10 -0.658869 0.599807 1.95437e-10 2.54112e-09 1.29803e-11 5.58122e-11 -1.82109 -2.31096 -0.659664 -1.20793 4.19664e-14 4.12315e-11 0.0644653 0.745713 0.430876 0.411083 1.12442 0.361484 -0.15596 3.51945e-11 0.0201752 0.8
2.38698e-13 3.63518e-11 5.72653e-12 9.32054e-12 0.8 -0.8 4.34137e-11 -1.36253 0.128662 3.97136e-11 0.114012 0.183295 -0.92817 0.878706 -0.644735 0.306439 3.91687e-13 0.38867 -0.774012 -0.8 5.73008e-12 -0.388469 -1.1614 -0.251601 -0.140276 -0.8 1.03789 -0.60501 1.10429e-10 1.08176e-10 0.548935 0.461606 1.44531e-11 -2.65152 1.29574e-11 0.448408 0.00066203 4.54081e-13 0.359772 0.852173 0.147691 4.52971e-14 -0.283378 -0.535584 0.25299 0.188617 3.76352e-11 1.59297e-11
2.73084e-11 4.44089e-16 0.657117 -0.8 0.993037 1.40526e-10 -0.8 2.80664e-13 0.0563771 -0.993137 1.95679e-11 -0.263683 -0.23529 -0.708961 -0.8 -1.6 0.0884988 0.590501 7.2764e-13 2.01172e-13 1.00374e-10 -1.6 -0.8 -0.994023 6.32072e-12 0.590677 0.406885 1.19542 -0.492529 1.19833e-11 0.843268 -0.408933 -0.8 0 -0.338422 0.268157 0.8 -0.125841 -0.0900251 -0.215259 0.346831 0.107982 -0.783676 0.13292 0.406582 1.64397e-05 1.22347e-12 0.907944
2.33375e-06 -0.929795 0.569896 -0.8 -0.218598 -2.55223 0.345239 0.369158 6.35905e-11 -0.781412 -0.388446 0.946245 0.214608 0.0369663 0.021333 3.0731e-13 -0.229616 -0.567932 0.606519 0.8 -0.544863 -0.947917 0.157091 2.00773e-12 0.8 3.10201e-11 0.596755 0.15234 -0.252224 0.417629 -0.400439 -0.347246 5.46304e-10 0.0670682 0.322738 -1.81476 0.441355 0.292401 0.8 0.145192 0.894107 0.95197 0.00739233 0.245935 0.661865 0.162543 0.138771 1.6
1.21329e-10 1.64981e-11 0.840994 -0.691134 0.321779 -0.8 -0.1198 -0.823631 -0.864292 -0.602112 0.111221 2.88428 0.717481 0.0334998 -0.488073 0.8 0.258466 0.222664 -0.449321 -1.06619 0.567519 1.06464 0.223478 -0.599598 0.360367 -0.393346 -0.212296 -0.308177 -0.329001 -2.02747 8.1012e-10 9.27933e-11 0.152469 -0.563552 5.76872e-13 0.368579 0.246123 0.185262 0.292555 0.136 1.29288e-11 -0.234246 0.268359 0.043956 0.8 4.97997e-10 0.00920423 1.18137
-0.547718 -0.8 -0.8 0.110266 -0.506266 -0.220028 -0.517939 9.44711e-12 -0.49906 -0.591126 0.0522876 9.41958e-12 0 0 0 0 0 0 0.0627748 5.69322e-13 -0.371748 -20 -0.603913 -0.493865 1.24228e-10 -0.259702 0.375231 -0.329012 0.272948 0.101582 -0.29866 0.583275 -0.660713 0.242831 0.161554 -0.64246 0.175592 -0.492782 -0.213158 0.399511 0.186525 0.0567809 0.0123093 -0.219918 -0.193884 0.863604 0.0547524 0.326588
-0.894908 0.808162 -0.262243 -0.642401 0.839605 -1.34901 -0.227609 0.623232 0.159112 8.43636e-12 0.8 0.858372 0 0 0 0 0 0 0.00472984 -0.561011 0.212485 -1.19835 0.0903375 2.69e-11 0.184625 0.242778 0.480723 -0.666932 0.0583993 1.01701e-09 0.281097 -0.730253 5.5107e-12 -0.388354 0.334532 0.373217 -0.18457 0.191622 1.32559e-10 0.619368 0.24841 0.474135 0.292544 6.23679e-12 -0.302799 0.568853 0.357942 0.81671
0.196602 0.113129 0.126695 0.517268 1.0331 0.445562 -0.468911 -0.276151 0.0128059 -0.615968 -0.541184 0.460459 -1.84679 0.377647 -0.425125 0.00184142 0.550148 0.0996577 1.29087e-10 0.267943 0.517166 0.383007 0.410684 0.605119 -0.359816 -0.177101 0.187695 0.328854 0.398178 0.930846 0.240294 -0.191506 -0.40512 -0.828001 -0.248841 0.518853 2.2047e-11 0.237649 0.8 0.280728 5.54354e-11 2.38832e-10 0.513496 0.178053 0.0836177 0.111284 0.50147 1.06451
-1.66424 0.0890254 2.79776e-14 4.04876e-12 -0.930251 2.53775e-12 0.40388 -0.16645 -0.400095 0.388201 0.491572 0.951468 0.617766 0.0876871 0.450381 0.326948 -0.211309 8.52651e-14 0.446828 0.513956 7.49933e-12 0.346965 -0.304503 0.829135 0.0441244 0.545873 0.986378 0.574579 -0.384204 -0.550082 0.319393 -0.429475 0 9.74854e-11 -0.458988 -0.41034 1.2386 -0.616787 -0.311096 0.0963069 -0.598787 3.81473e-13 -0.683121 0.166888 -0.249024 0.500981 0.467973 0.405886
0.108379 -0.258105 1.09144e-10 0.00936189 0.205765 0.119663 0.588668 0.512008 -0.649422 2.44125e-11 0.302577 2.78666e-13 0.552813 0.182246 0.183676 -0.452438 0.455117 -0.275222 -0.182941 -0.78736 0.326055 -0.177193 0.0729688 -0.273855 1.66732 0.955658 0.300366 0.628575 0.336871 0.8 0.186222 0.180421 0.155375 4.60635e-10 0.481844 0.289015 0.8 0.601025 0.112751 -0.296678 -0.236782 -0.8 0.519928 0.228977 -0.0930152 0.874845 -0.325395 1.26269
0.180374 0.494218 0.909939 0.348675 0.436085 3.30846e-14 -1.13481 3.95239e-14 0.209792 4.33045e-11 0.596804 -0.454963 -0.309949 -0.582307 0.204104 1.33227e-15 1.29345 3.30846e-13 1.07329e-10 -0.571047 -0.8 -0.689979 0.0748777 1.22486e-09 0.03677 -0.24092 0.267351 1.1518 0.244531 1.23146e-12 0.320206 0.41489 -0.318652 1.04659 0.156357 0.41078 -20 0.532446 0.221144 -0.225275 6.04183e-12 0.322922 0.278879 7.01084e-12 0.113007 -0.376494 -0.767128 0.847767
0.143677 2.12719e-13 -1.04227 0.0310676 -0.167138 -0.266235 5.9952e-15 0.489324 0.0611962 1.5995e-11 0.804808 0.0396676 1.19265e-11 -0.219932 0.0335864 6.6906e-11 0.553698 0.464721 -0.190293 -0.269996 1.31317e-12 -0.530336 0.169183 0.8 0.331866 0.520668 0.0546778 0.298734 1.34839e-11 0.924548 0.648516 0.219825 -0.161992 0.15037 0.115521 0.251782 0.370659 0.0892143 -0.342273 0.0651435 0.116377 0.0057789 0.0884465 0.147151 0.375656 0.8 0.8 1.11977
0.0712215 3.30292e-08 -0.8 0.245354 6.38125e-11 -0.300866 0.987118 0.349844 3.1648e-12 5.43808e-09 0.200755 -0.494063 0.8 -0.483153 0.995198 0.236814 1.38261e-10 7.53577e-11 0.712086 0.318351 0.211763 0.149151 -0.371817 0.238575 -0.545501 0.498864 -0.393953 0.359067 0.0828614 0.966562 3.41758e-11 0.430298 5.44231e-13 -0.810022 0.52306 6.36231e-05 -0.389361 0.202522 0.879973 3.24631e-09 -0.334201 0.322779 0.112084 0.377849 0.8 -0.149482 0.132363 0.196453
0.534537 -0.342902 -0.291819 0.575655 -0.8 -0.931588 -0.402865 -0.426486 -0.478667 -0.438846 -0.688127 -0.466211 0.818594 0.0354356 0.0401145 -0.216288 0.216988 0.0700255 0.340745 -0.293405 0.543635 -0.237024 -0.434754 0.304559 0.0346281 -0.680949 -0.741043 6.43929e-14 0.486298 0.469187 0.0816103 -0.466117 -0.451645 5.46696e-12 0.8 -1.06894 -0.217721 0.27985 6.19549e-12 0.38323 0.0179114 -0.284942 0.130788 -0.220654 -0.467773 0.0954637 0.278258 0.606197
0.143536 -1.23256 0.0908521 0.302124 -0.563674 -2.26185 0.1774 2.114e-11 0.177046 1.62403e-12 1.88858e-11 -0.465805 -0.249969 1.42448e-09 0.0104193 -0.0962784 0.440474 0.219769 0.0630192 0.0476737 0.374658 0.14826 -1.23007 7.74917e-10 0.131157 3.10041e-11 -0.250702 -0.344347 -0.487808 0.8 0.442869 -0.19236 0.414686 0.211833 1.11871 0.250043 1.56227e-10 0.674116 -0.8 -0.287191 0.312646 -0.456468 -0.396188 0.0676713 0.20941 0.0630715 0.0561561 0.0881928
0.338481 0.0557464 0.469961 -0.385249 -0.8 4.59885e-11 -0.274202 0.16045 -0.684336 -0.148813 -0.633074 -0.490514 -0.8 0.502764 -0.944445 -0.402641 0.0687019 0.718769 0.188878 0.8 -0.503962 0.352008 0.0636224 -0.312714 1.63758e-11 -0.436397 0.025159 -0.414969 1.14242e-12 0.989321 0.409114 -0.0938563 9.7925e-11 2.40252e-12 1.56875e-11 0.436076 -0.8 0.256613 -0.219836 0.123555 0.0487692 0.037776 -0.43334 -0.620178 0.348678 0.0815603 0.588 0.8
1.70387 0.133416 -0.487594 -0.539134 -1.23786 -0.506841 0.480159 0.440942 -0.753037 -0.285043 -0.231726 -0.638915 0.0523364 -0.204649 0.0718826 0.127536 0.50435 0.465949 0.345421 0.8 0.398022 6.82476e-12 0.140968 9.32587e-15 -0.382885 -0.312819 -0.491773 0.0062383 0.342796 -0.0725363 0.448508 0.406449 0.162896 1.24789e-13 0.0873834 0.370176 -0.339303 0.359493 -0.485976 5.02509e-12 -0.263751 -0.466948 -0.227823 -0.14025 0.075015 -0.397932 0.540493 0.8
0.987579 0.459709 0.180214 -0.307989 1.45084e-12 3.66588e-10 -0.483304 0.458003 -0.485989 -0.717058 -0.464095 -0.583146 0.368259 0.367641 0.0529867 -0.8 19.7128 0.614385 -0.381303 -0.436563 -0.154799 -2.4 -1.32989 -1.12728 0.162724 -0.256691 -0.382398 1.89206e-10 0.153892 0.14617 0.447744 -0.448989 0.104532 -0.245666 2.64566e-11 0.627373 0.158268 -0.335763 -0.402536 -0.441242 -0.410961 -0.411422 0.161896 1.41967e-10 1.49671e-11 -0.584303 5.61142e-11 1.25721
0.8 -0.370999 3.35287e-14 0.480002 0.0936874 0.184585 0.172448 -0.249155 -0.394277 -0.351178 -0.8 -0.2449 0.132042 0.375259 0.225725 3.5425e-12 6.58849e-10 0.470121 -0.946004 -0.479604 -0.96089 -0.393273 -1.21206 -0.259698 0.401509 0.182092 0.0102052 -0.313974 0.47596 0.8 0.581965 0.253361 0.524613 -0.304048 0.614249 0.440384 0.134651 0.229465 -0.685712 0.406189 -0.242662 -0.221396 -0.741296 0.350891 0.0847631 -0.0927246 0.0157817 1.06341
0.484903 -0.8 0.303553 1.77998e-09 5.78915e-12 1.82812e-11 0.180918 1.01807e-12 0.189595 0.267393 2.82885e-13 -0.73781 0.319398 0.0932521 0.8 -0.339161 0.391319 -0.615351 0.378381 2.03452e-10 -0.403503 -0.423442 -0.571927 -1.02466 0.546909 -0.155918 0.146335 0.8 1.14455e-09 8.35376e-12 -0.272036 0.402996 0.107045 0.342898 5.05067e-11 0.0710341 0.25894 -0.23585 0.568132 2.74447e-12 -0.385333 0.25131 6.25044e-10 7.16033e-05 0.332185 0.096997 0.506833 0.408034
1.09028 0.8 0.405981 6.11378e-12 2.01839e-12 0.575009 0.31548 0.8 0.8 0.398922 5.74829e-12 -0.163137 0.532249 -0.429328 -0.149739 0.427395 0.694402 0.902593 0.268725 0.101367 0.167832 0.466075 0.319519 0.100065 -0.274442 0.218555 -0.496784 1.84768e-11 0.268664 0.8 0.0997025 0.185204 0.288311 0.437078 6.35891e-12 0.204811 0.851111 0.141306 0.209817 0.552119 0.0292246 0.125923 -0.339482 2.63971e-09 0.369183 -0.647018 0.200334 0.379434
0.0361497 -0.169755 0.427944 -0.8 0.406589 4.9849e-13 0.275088 -0.343754 -0.382151 -0.8 -0.383027 -0.8 0.210193 -0.382646 0.480181 0.0472259 0.181393 0.303379 0.416553 -0.161531 -0.254987 0.0828504 0.478004 -0.144094 7.39822e-11 0.0589341 0.8 -0.382556 0.8 -0.152569 -0.274951 0.970711 0.152578 0.0722408 0.0891739 0.981621 0.272982 0.47652 0.0519787 0.307316 0.478422 0.326938 -0.285031 0.135432 0.8 0.565511 0.0595818 0.26405
-1.30056 0.354006 0.0591416 0.517021 0.637274 2.37187e-10 -0.783748 0.384797 0.522853 0.806912 0.523452 0.38087 0.844186 0.143909 0.284322 0.354929 0.639998 0.151871 -0.283992 0.826205 0.325662 0.00570006 0.113297 0.462908 -1.17178 0.375776 -0.332526 -20 0.499409 0.0444977 5.55556e-13 2.72449e-13 -17.6 -0.542456 -0.311824 0.8 0.321687 0.506622 0.458623 0.339046 -0.392965 0.179759 0.462326 1.19805e-08 0.00681943 0.443749 0.286027 0.235339
0.227272 -0.306658 -0.616229 -0.374484 0.0354101 0.180364 -0.186519 -0.377121 0.721132 0.297686 0.806999 -0 -0.410929 0.17293 -0.280944 -0.257392 0.520089 1.03778 0.298962 -0.539377 -0.461342 -0.61797 0.276666 3.24576e-11 0.168432 0.221127 0.450231 2.15428e-12 -0.498204 -0.364294 0.0833902 0.871984 0.485316 -0.237182 0.0101783 0.365656 0.108905 1.58256e-11 0.190088 0.226787 0.635536 0.0369186 1.18619 0.162643 4.0067e-09 0.35315 0.852228 0.586985
0.8 0.426279 2.16493e-13 0.0720985 4.44089e-16 0.8 1.10929e-11 0.0803985 0.516246 -0.590585 0.549473 0.55519 0.437101 0.253572 0.494819 0.557252 0.8 0.8 -0.64686 0.588192 0.553501 1.17684e-09 0.149402 0.265965 -0.8 9.03055e-12 0.230398 0.336163 0.722578 0.552663 0.612895 0.537207 7.18844e-10 0.8 0.541653 0.569139 0.332607 0.426598 0.177904 0.456867 0.180184 0.8 0.418569 0.485283 3.97971e-12 0.291889 -0.384841 0.523369
-0.402868 1.41131e-10 0.026939 0.298272 -0.8 0.20345 0.292141 -0.501584 0.12495 -0.72753 -0.775058 -0.37247 -0.567394 -0.310416 -0.276858 -0.175731 3.07754e-12 0.363889 0.125876 0.0547597 0.282511 0.0595454 -0.341568 0.8 -0.499838 0.0266576 9.93257e-11 0.296696 0.8 0.207333 0.548995 0.107691 0.174726 0.350281 0.537343 1.23412e-12 -0.604722 -0.225827 0.00351233 0.114 0.268558 0.298918 -0.703481 0.349041 0.229428 0.205342 -0.605277 0.528893
0.8 0.88178 1.17745 0.541555 0.173912 -1.16806 0.0829289 0.0820641 -0.405659 -0.639265 0.154428 0.0920709 -0.268534 -0.287318 -0.0837351 -0.143139 -0.243803 0.555814 0.434877 0.179431 0.421349 0.532005 0.584631 0.305462 6.56715e-11 -0.8 0.495736 -0.41991 0.334046 0.0100554 0.440445 0.8 0.152184 0.8 0.0421243 0.770874 0.231003 0.012612 -0.500178 -0.186248 -0.244014 0.166409 0.189651 -0.27657 0.251158 -0.8 0.0513692 0.8
-0.37703 0.0557568 0.0630964 0.592782 -0.165884 0.0376094 0.692512 -0.524485 0.132435 0.565389 0.00500153 0.558526 0.395399 0.863252 0.517803 -8.8 0.534392 0.147488 0.0599785 0.0333598 -0.169787 -0.284447 0.533735 0.899297 0.219901 0.8 0.068626 1.21685e-11 0.860478 4.25191e-10 2.09499e-11 1.01316 0.122176 0.358239 0.897466 -0.169275 0.0503913 -0.082498 -0.27043 0.270975 -0.731479 0.188126 -0.579573 0.12872 0.200262 1.5814e-12 -0.624983 0.401214
-0.0925005 0.144559 7.81109e-12 0.22369 -0.168203 2.03209e-11 0.113541 0.0762291 -0.587889 -0.161317 0.162035 -0.169943 0.724983 0.251802 0.487484 0.8 0.41291 0.350124 0.317457 0.277657 1.05706 0.544378 0.0116362 0.657442 1.91015e-10 5.8975e-12 8.9214e-11 0.0258852 0.000626904 0.261259 0.443656 0.276363 0.390052 1.38501 0.21343 0.342561 0.0443929 -0.25857 0.257807 0.104277 0.253157 0.382933 0.22024 0.331656 -0.274111 0.122635 0.186133 0.449643
0.855514 0.644778 0.0791744 0.255297 0.393226 0.170957 1.17435e-11 0.493534 9.13265e-11 0.8 3.09863e-12 -0.294504 1.63112e-11 0.274429 1.06121 1.15778 0.47038 0.230226 0.348216 0.264485 -0.437002 0.130486 0.146395 -0.237704 0.289265 -0.639764 0.0665926 0.196619 0.221784 0.268565 0.0616098 0.8 0.8 0.441236 0.359649 0.806641 -0.374976 -0.293085 0.174113 -0.371154 5.1894e-12 -0.461604 0.251224 0.56862 -0.50148 0.457741 1.50346e-11 0.879552
1.82783e-08 0.0461097 -0.140593 -0.243058 -0.344278 0.148592 -0.311079 0.217142 0.8 -0.163435 0.390254 0.0483101 -0.363008 0.345194 0.423294 0.8 0.136758 0.0157771 0.368421 3.50533e-11 0.406981 -0.316694 0.30996 -0.197602 0.8 -0.482641 0.065006 0.124829 0.190482 0.81497 0.300197 -0.423049 0.331149 0.397327 -0.403445 0.413065 -0.389789 0.00241345 6.02851e-13 0.8 -0.253318 -0.8 1.03095e-12 0.321857 -0.273658 -1.6 0.453082 0.913751
1.16543 -1.10951 1.02568 0.396832 0.251505 0.538275 -0.190714 0.323313 0.237014 -0.708424 0.222329 0.354449 0.8 -0.302002 0.332706 0.159735 5.05991e-11 -0.56517 1.48327e-10 3.85051e-10 0.299206 0.164668 0.284054 6.47704e-13 2.15454e-11 0.0195501 7.8595e-09 0.320396 2.43539e-12 7.47449e-11 -0.0642569 0.335901 0.149236 0.404156 0 0.513094 0.573487 0.8 0.253697 0.447906 -0.344588 0.38891 0.581081 0.8 0.248979 0.256412 0.338762 0.585063
0.437905 0.308991 0.39731 -0.349437 6.66134e-16 0.8 1.36335e-13 0.331894 0.172462 0.843754 0.457358 0.036094 0.244461 0.271857 0.298862 0.266324 0.182508 -0.260472 2.63409e-10 0.248933 0.297054 0.0441521 0.0789323 0.631413 -0.397109 3.43285e-11 -1.0487 0.220017 0.8 0.742024 0.703654 0.00855461 0.371153 1.03473 0.588923 0 0.8 0.91649 0.523262 1.00734 0.11076 0.932133 0.452362 0.8 0.936295 6.53102e-10 0.363683 1.01977
0.749836 0.545072 0.235226 -1.23497 0 0 2.33888e-11 0.387124 4.72955e-13 0.562285 0.142608 -0.186571 0.258109 3.30291e-12 0.314395 0.551184 -0.0438672 0.395963 0.100171 0.269536 0.8 0.190253 0.147341 0.9437 0.0708877 -0.237414 8.9574e-10 -0.542851 -0.537837 -0.864713 0.8 -1.6 0.277849 0.0594922 0.69056 0.573164 -0.270593 0.8 0.50929 0.335139 0.400867 0.533955 0.416955 1.26699e-12 3.48359e-11 -0.395148 -0.274505 0.514186
0.8 8.8507e-13 0.243756 -0.606734 0 0 0.890491 0.0753458 0.162001 0.0963741 0.205955 0.0845262 0.145122 0.81726 -0.227303 1.00973 0.166706 0.492817 0.158936 0.303571 0.481159 0.453553 0.8 0.451233 -0.14523 -1.48093 0.00622037 0.214926 0.536175 0.221148 -0.343427 -0.8 0.367952 0.0610056 0.075996 0.461349 0.212681 0.221911 0.456795 0.116996 0.475561 -0.114984 0.535016 0.526117 0.379328 0.168857 0.0789321 0.955882
0.255587 -0.423142 -0.959467 0.375602 0.0822996 0.473438 0.14149 0.212001 0.830464 0.337287 -0.464596 0.692381 2.44171e-10 0.23863 0.10139 0.0181681 5.49019e-09 0.102961 0.155174 0.0405206 0.817301 0.136793 0.220087 -0.846206 0.529809 -0.265965 7.25656e-10 0.313436 0.0888575 0.489663 0.417133 -0.436129 0.339115 2.1303e-12 0.152681 -0.228282 1.05092 0.449677 0.00979823 0.354919 0.262529 0.391935 0.614399 0.132744 1.84097e-12 -0.297371 0.0410138 0.804842
0.229488 0.8 1.26721e-12 -0.383112 0.572573 0.118004 0.224879 -0.256178 0.800272 0.0643425 0.540093 0.8 4.00371e-11 0.232571 0.172753 0.333739 0.8 2.64211e-12 -0.360236 0.180368 0.409254 0.442408 0.500536 0.8 0.336056 -0.402356 -0.235705 0.218217 0.564716 1.11857e-11 0.364706 0.214798 0.177912 0.256009 0.514309 0.140865 -0.347426 0.366853 0.233132 0.587727 0.000469634 -1.6 0.52981 0.0376752 -0.946368 -0.248157 0.0189734 1.02249
0.462705 -0.570995 -0.275559 0.281228 0.00152459 -1.45661 0.213122 0.229202 0.0787538 0.512204 0.0365013 0.8 0.181676 0.157053 0.316335 0.16507 0.0170107 0.500564 1.42604e-11 0.463959 0.375844 0.0583163 5.29511e-05 0.507898 0.124855 0.317729 0.385537 0.33236 0.570653 0.25996 0.0833779 0.517777 0.17705 0.000250622 -0.122531 0.202125 0.184618 0.167042 0.43067 -0.146902 -0.390889 0.169375 -0.134011 0.352205 -0.0573815 1.48224 1.31554 0.979789
0.8 -0.241483 -0.289214 0.154505 0.840175 -0.316704 2.02682e-12 0.186132 0.485873 0.508679 5.11868e-10 0.94472 0 0.281228 0.0386048 0.163381 -0.306256 0.455223 0.225021 0.389749 0.0852636 0.297051 1.33606e-11 0.8 -0.303475 0.24377 0.69589 0.0323421 0.423123 0.651517 0.347733 0.353912 0.236129 0.141713 0.307227 0.110004 0.169638 0.361622 -0.399341 -0.104509 1.62736e-11 0.125053 0.100184 -1.27026 1.47729 1.6 1.53029 0.620304
0.480642 0.0175223 0.20147 0.0396171 0.160389 0.208385 -0.407648 0.0923429 2.22045e-16 -0.329439 0.151642 0.318239 0.0548688 0.350516 -0.589958 0.203608 0.223773 0.03229 4.45421e-13 0.8 0.29206 0.133207 0.276117 0.310883 2.43117e-12 0.485121 0.0499504 0.367445 0.099742 0.213319 0.252634 0.8 0.247249 0.134021 0.263672 -0.166486 0.0908468 0.0171599 2.0981e-11 0.262178 0.644338 0.439631 0.227435 -0.392062 -0.644064 1.62141 1.64479 0.8
0.405116 0.0840701 0.50041 1.98705e-11 0.248452 0.8 1.00004e-11 0.345737 1.18909e-10 -0.362889 -0.294175 0.291256 -0.623474 0.434063 0.219894 0.199953 -0.2148 -0.0119726 0.214406 0.227669 0.767349 0.359438 0.458591 0.209931 2.03982e-08 0.176318 0.11155 0.248419 0.0161303 0.463878 0.495224 4.14883e-09 0.293934 -0.576299 0.384201 -0.350597 0.0394876 0.406733 0.00171225 3.67928e-12 0.254213 0.636244 0.357425 0.628017 1.60518 1.18941 -0.228763 0.8
0.92782 -0.602057 0.0903059 0.0222871 3.34373e-11 0.218498 1.10325e-11 0.115007 0.40069 -0.418785 1.03474e-10 0.604688 -0.8 6.05422e-11 3.53184e-12 0 0.8 0.075526 6.55165e-12 0.159428 0.306195 -0.275001 0.321124 0.8 -0.121939 0.336668 0.106197 0.431653 0.270064 0.460053 0.8 0 3.15232e-11 -0.137139 0.533906 0.317233 -0.167552 -0.544559 0.211374 0.188617 -0.524797 0.413154 -0.326638 0.413818 2.03385 1.6 0.276235 0.306691
0.350071 9.66393e-10 0.350501 0.46852 0.399582 0.215777 0.401831 -0.222727 0.8 0.131949 0.209611 4.88187e-12 0.8 -0.359906 0.33157 0.349573 0.187297 0.217333 0.469848 0.0796202 0.27859 0.491932 0.0398359 2.1738 -0.235339 0.118747 0.210105 0.101856 0.0768218 0.19866 0.234964 0.55836 0.647756 -0.498157 0.139771 1.05324e-10 0.8 -0.8 -0.238157 -0.268492 1.98365e-09 0.467305 -0.165448 -0.305078 1.75067 0 2.41513 0.0278158
0.728955 5.87574e-12 0.517076 0.133078 0.273122 -0.305117 0.184655 0.133384 1.61472e-10 5.36526e-12 -0.380147 0.254681 -2.98766 -4.18814 -3.28669 -2.82809 -2.64017 -2.15791 0.156611 -0.0708125 0.156772 3.50724 0.012551 -0.215696 0.0340215 0.114585 0.235388 0.395888 0.319557 0.131043 -0.251026 1.02021e-11 -0.222642 0.140083 -0.353919 0.192567 0 0 0 0 0 0 0 0 0 0 0 0
1.0819 -0.11633 4.93107e-10 0.0349253 3.15015e-12 -0.346431 0.156979 0.22098 0.106871 -0.388745 0.242757 0.318928 -2.12498 -4.29204 -8.60145 -3.09321 -2.13166 -2.74653 0.0032398 0.192062 -0.197584 0.13823 0.187842 0.084032 0.00593431 0.0963731 0.8 6.90481e-05 0.8 1.73617e-12 -0.135085 0.251645 -0.576546 -0.448457 -0.126134 0.459166 0 0 0 0 0 0 0 0 0 0 0 0
0 9.52902e-11 0.379727 0.870223 0.256942 -0.443813 -0.456699 -0.36928 0.0122988 -0.638452 0.0265503 1.43936e-10 0.453514 0.359774 1.69615e-08 -0.476939 -0.55186 0.254548 8.5818e-12 0.446769 -0.159747 -0.206175 0.0669645 7.22473e-09 0.272786 0.516951 0.806727 0.822059 -1.95444 0.8 0.292881 0.0314184 -0.587245 0.45902 0.118488 0.389443 0 0 0 0 0 0 0 0 0 0 0 0
1.18089e-10 1.01612e-11 1.47631e-10 0.383126 0.142987 0.0208928 0.191853 0.416001 0.3606 0.0666979 0.0150208 -0.8 0.26939 0.475267 -0.323011 0.204028 0.0976549 0.504906 -0.109894 0.365437 -0.281467 0.150033 7.87328e-10 0.204194 -0.108006 0.128498 0.530189 0.8 0.389126 0.58976 0.489245 0.215735 0.445089 0.268956 0.0129079 0.8 0 0 0 0 0 0 0 0 0 0 0 0
6.84653e-10 2.07237e-09 -0.239387 1.60163e-09 5.31575e-12 -0.355673 -0.358755 0.0170538 1.22726 -0.193291 0.343967 -0.232237 1.15652e-11 0.104168 0.230774 0.475687 0.436237 0.290333 0.320852 0.0130114 -0.136281 4.42141e-08 -0.146857 -0.106021 0.274437 0.281163 -0.223896 0.244057 0.129633 0.420312 0.406467 0.0559768 9.41025e-13 -0.200228 1.27194e-10 0.166285 0 0 0 0 0 0 0 0 0 0 0 0
1.22664 -0.8 -0.673822 0.119507 0.180239 0.278434 -0.315964 0.111428 -0.235732 -0.371353 0.46951 0.515353 0.134886 0.332416 -0.172949 0.201214 0.197245 0.269755 0.157696 0.110386 0.0172014 0.274826 0.8 0.487903 2.52436e-11 -0.8 0.321189 0.436525 0.0133568 0.6608 0.168434 0.00467921 -0.346758 -0.401483 -0.60236 0.147648 0 0 0 0 0 0 0 0 0 0 0 0
0.355947 -0.230052 0.54433 0.307963 -0.871565 0.0516991 0.0609015 -0.32935 7.72249e-12 -0.432882 0.207053 0.0033693 0.0856578 0.191783 1.46771e-12 0.273364 -0.179606 0.239672 -0.271016 4.5316e-10 1.47158e-11 0.027826 1.82072e-11 0.223367 3.00262e-11 -0.164467 0.186423 0.243019 4.20775e-13 0.00505854 0.0845433 6.07026e-12 -0.373132 4.21551e-10 -0.23022 0.480002 0 0 0 0 0 0 0 0 0 0 0 0
2.05005 -0.328216 -0.299148 -0.240425 0.193259 -0.752712 -0.304762 0.0373492 0.192713 0 -0.65227 0.476779 4.3573e-08 0.11773 0.0513364 2.85993e-13 -0.297781 0.28996 -0.324689 4.53702e-11 0.164081 -0.0922014 0.225488 0.0262634 0.188875 0.129005 8.26139e-12 0.27577 0.0690807 0.198058 1.06581e-14 0.0190062 1.32783e-13 2.30926e-14 -0.0824871 0.245093 0 0 0 0 0 0 0 0 0 0 0 0
0.8 -0.651968 0.159637 0.0624066 -1.42155 -0.327504 0.304039 -0.62657 -0.566161 -0.300369 -0.479611 3.30846e-14 -0.0875036 1.30751e-11 0.276084 0.548546 -0.408143 0.186723 0.221615 0.24879 0.179753 1.99818e-12 4.2244e-12 0.238698 0.126331 -0.224854 -0.8 3.55271e-12 4.58009e-11 0.478858 7.52731e-14 0.50403 1.92493e-11 3.193e-13 0.468208 0.421598 0 0 0 0 0 0 0 0 0 0 0 0
0.972416 0.383784 2.8491e-11 -0.491934 -0.747426 0.8 -0.67234 0.361586 -0.8 -0.661994 0.158724 0.118505 0.413817 0.185465 0.422998 0.156054 0.564667 0.192671 -0.589701 0.00787574 0.48132 2.64925e-10 -0.363941 0.245577 1.06914e-12 0.105969 0.249086 0.41933 0.470249 0.0920187 6.77725e-12 1.28564e-13 6.73448e-10 1.48805e-08 -0.0326895 2.68698e-11 0 0 0 0 0 0 0 0 0 0 0 0
0.69657 -0.463512 0.317987 0.216711 0.8 0.522889 0.0954328 -0.4301 -0.506235 -0.150585 -0.574068 0.0040284 8.2617e-11 0.148926 0.8 0.0820175 0.0339864 -0.0572534 4.15254e-11 -0.229609 0.0592576 -0.120099 0.483259 0.275579 1.87395e-07 -0.309488 0.382884 0.121387 0.40928 0.0691501 -0.11218 0.436516 5.6718e-05 0.0863422 0.335562 0.453087 0 0 0 0 0 0 0 0 0 0 0 0
0.8 -0.496485 9.07496e-12 0.0160299 -0.343178 -0.785647 -0.301553 -0.403147 5.26956e-12 -0.255404 0.101467 1.8241e-11 0.119737 0.0913704 0.0546454 9.10383e-14 -0.289087 0.221776 0.480622 5.39946e-12 0.563641 0.0398686 0.4308 0.227065 0.801964 0.121781 1.05915e-13 0.140882 0.0446386 0.0371154 0.191409 1.32205e-11 0.00400331 0.190508 0.22269 0.1654 0 0 0 0 0 0 0 0 0 0 0 0
0.8 -0.8 0.313374 -0.493101 -0.563248 0.200686 0.389074 0.321468 0.446545 0.462586 0.240172 0.348597 4.40756e-11 -0.686292 -0.614434 -0.151493 0.111099 -0.434987 1.29934e-10 -0.542354 7.44017e-10 0.148523 0.8 0.8 2.00284e-13 1.04144e-10 -0.8 -0.200007 0.086572 0.0221605 0.130726 2.77556e-13 -0.544844 0.57925 0.447696 0.125596 0 0 0 0 0 0 0 0 0 0 0 0
0.448233 -1.55734 7.0528e-12 -0.545132 -1.36047 -0.414679 -0.313691 0.354455 -0.472222 0.565705 0.49897 0.112578 -0.290373 -0.267722 -0.195731 7.91265e-11 -0.0736684 0.113146 0.184581 0.0164292 0.439932 0.0178814 0.12285 0.332959 0.235861 0.0776169 0.380484 0.329455 0.190807 0.303086 0.31624 0.0653196 -0.150691 -0.259877 0.123628 0.0690476 0 0 0 0 0 0 0 0 0 0 0 0
0.573957 0 -0.329233 0.592108 -1.6 0.15774 1.59903e-11 -0.450595 0.486255 8.60179e-11 7.4313e-11 0.513001 -0.799863 -0.498337 -0.190919 0.484265 0.481682 0.242558 -0.486075 -0.777597 0.22494 0.1602 0.199138 0.462276 0.0488772 0.148257 0.390832 -0.39127 0.136158 0.197666 0.215234 0.240075 0.107144 -0.176806 0.142491 0.55352 0 0 0 0 0 0 0 0 0 0 0 0
0.287574 -0.312669 0.14343 -1.13431 -0.76708 -0.331385 -0.441791 -0.570916 -0.298629 -0.0963415 0.301227 0.489539 -0.445573 -0.658615 0.20841 -0.114977 0.22733 0.519846 -0.756164 0.213262 0.58571 0.248851 0.280971 0.0556428 0.469316 0.208894 0.818406 0.324675 0.241396 0.30366 0.199676 0.523947 6.94111e-13 -0.245036 0.0620447 0.506722 0 0 0 0 0 0 0 0 0 0 0 0
0.8 6.1241e-11 0.338619 0.149621 1.15171e-10 7.30549e-12 -0.734602 0.390248 0.226748 0.0579433 0.175074 0.317266 0.8 -0.261494 -0.57276 0.243495 0.0672256 1.76836e-11 -0.132691 0.166523 -0.356063 0.0780047 0.528406 2.4 5.11255e-10 0.0778867 0.0540394 -0.212516 3.50853e-12 0.0435719 4.49228e-09 0.0506534 0.201887 -0.512413 0.184492 0.651085 0 0 0 0 0 0 0 0 0 0 0 0
0.468479 3.00648e-13 -0.526569 0.490296 -0.378254 0.197284 0.00329304 0.0488126 0.659812 0.423077 1.25621e-09 6.88116e-13 0.110058 0.145784 -0.147941 0.806385 0.561046 -0.399646 -0.118625 -0.375029 -0.321581 -0.228252 0.8 0.805261 1.76237e-12 -0.590685 0.241934 0.369255 -0.352412 0.8 -0.70231 1.6 3.86598e-10 4.35141e-12 0.174215 0.706528 0 0 0 0 0 0 0 0 0 0 0 0
0.287544 4.34852e-12 -0.459632 -0.32729 0.0804292 -0.641808 9.1477e-11 0.107816 0.0993451 -0.8 1.58549e-11 -0.122004 2.42029e-14 -0.377719 0.224594 -0.405047 -0.585932 -0.29311 -0.48548 5.078e-10 0.81363 -0.31623 0.482787 0.351972 19.4651 17.3544 7.2 9.6 8.03156 14.2559 1.08142 14.7567 19.2 20.8 19.4985 19.8004 0 0 0 0 0 0 0 0 0 0 0 0
1.01888 -0.597655 3.92975e-12 -0.710674 -0.568192 1.87095e-12 -0.69867 -0.456761 -0.207069 0.158823 1.31692e-11 8.195e-12 -0.469739 1.74175e-10 0.00239578 0.328971 -0.8 -0.109306 -0.282596 -0.140714 0.565169 -0.249813 1.65248e-11 0.8 20.8 20.8 18.4 16.8999 18.6825 17.1125 4.65881 19.855 20.8 20.8 19.7467 9.54396 0 0 0 0 0 0 0 0 0 0 0 0
0.44486 -0.190335 -0.924236 0.0876028 -0.367886 3.79696e-14 1.67446e-11 1.56386e-12 -0.429838 -0.158939 -0.345826 -0.133188 0.0673639 -0.249741 3.35731e-13 -0.136848 -0.685105 -0.374717 -0.639339 -0.507131 -0.389535 0.8 0.131226 0.284987 0.162866 -0.199645 -0.36413 -0.423201 -0.259798 -0.367882 -0.394729 -0.283242 -0.322102 0.153696 0.211049 -0.0752776 0 0 0 0 0 0 0 0 0 0 0 0
0.461193 6.60444e-10 -0.618295 -0.515367 -0.714913 -0.744781 0.0261967 -0.293536 0.215304 0.67545 0.00506466 1.05003 0.00531631 -0.447763 0.23586 -0.576078 -0.217418 6.48393e-10 -0.966763 -0.143051 2.16769e-11 1.80209e-11 5.79701e-11 0.240793 -0.596399 4.42846e-11 -0.285156 -1.6 0.366474 -0.743629 0.0339921 0.172394 0.0299193 -0.244149 0.215407 7.28306e-13 0 0 0 0 0 0 0 0 0 0 0 0
1.89981e-12 -0.46775 -0.497419 -0.8 0.238715 -0.8 -0.489978 -0.652143 1.90292e-12 -0.578543 -0.616111 -0.572434 -0.192661 5.8674e-10 0.463335 0.0894712 -0.629987 -0.675761 -0.384948 -0.294573 -0.743926 -0.361252 3.95435e-11 0.8 -0.118335 -0.31965 0.320552 -1.19912 -0.574899 -0.601859 -0.0800925 -0.334655 0.133967 0.0367517 0.301015 1.61231e-10 0 0 0 0 0 0 0 0 0 0 0 0
2.75505e-08 -0.376268 -0.8 -0.460663 -0.376436 -0.8 -0.530912 -1.07812 -0.8 -0.65684 3.24691e-11 3.01315e-13 -0.468735 0.396834 1.73582e-09 6.08402e-13 -0.8 -0.156147 0.429847 -0.548186 -1.49601 -0.363662 0.138169 0.336058 -0.229791 -0.199521 -0.253176 -0.374246 0.000728426 0.818205 0.373486 -0.373835 3.8589e-10 0.00851971 -0.460146 1.74327e-12 0 0 0 0 0 0 0 0 0 0 0 0
0.377895 -0.663096 0.40705 0.398675 -0.259568 0.117907 -0.160714 0.598736 -0.436842 0.261531 0.391398 0.119751 -0.911586 -18.6065 -0.202065 -2.50924 0.132213 -0.693202 -0.8 0.13257 1.23361e-10 -0.573666 -0.703317 0.0401555 -0.693672 -0.8 -0.365427 -0.8 1.37668e-14 0.0311278 0.0379017 -0.714687 -0.68162 0.247677 -0.26842 0.427619 -2.3186 -1.29564 -1.66951 -1.28148 -1.07784 -1.203 1.57832e-10 2.01239e-12 -0.139988 -0.104345 9.51701e-11 -18.6179
1.30862 0.408519 0.274628 -0.0367312 -1.75676 -0.748567 0.169307 0 -1.6 -1.6 0.114568 0.578277 -1.10454 -0.855745 -0.730917 -1.58221 -0.478807 -0.8 -0.272617 0.64931 -0.404099 -0.491595 0.280848 0.176953 0.150319 -1.50404 -1.25391 -0.659843 0.201101 0.270952 -0.365434 -0.511635 0.326962 0.103634 2.70495e-12 0.361941 -1.87175 -2.05082 -2.1109 -2.76472 -2.21077 -2.04119 -0.70479 0.10083 -0.773886 -0.8 0.269484 -1.45881
-0.810193 0.0406709 -0.751311 -0.648883 -1.5426 -0.799998 -0.378766 -0.151955 -0.144006 -0.248967 -0.8 5.86116e-10 -0.27082 -0.480718 -1.21751 -0.689266 -0.475722 -1.11172 7.68274e-14 0.21998 -0.344079 -0.768941 1.0051e-10 -0.455636 -0.731046 -0.685527 0.0278597 -0.472286 -0.592576 -0.898458 0.196954 -0.515139 0.938186 -0.514448 -0.934341 0.229747 -0.321498 -0.131836 -0.192591 -0.46145 3.91864e-12 1.26765e-12 -0.572379 -0.261255 0.519617 -0.211775 1.76507e-10 0.136644
-0.300796 -0.460841 -0.546693 -0.448546 -0.313647 -0.772478 -0.281015 0.366736 -0.271784 -0.675956 1.13044e-10 3.99506e-10 -1.27466 0.163383 -0.353421 -0.393566 -0.445663 -1.12369 0.0736485 3.95239e-14 -0.599969 -0.319643 -0.526339 0.0328916 -0.8 -0.531694 -0.8 4.05054e-12 -1.22168 -0.567231 -0.770888 -0.331975 5.46674e-13 0.21034 -0.669799 -0.67746 -0.366814 -0.434565 -0.390717 -0.137416 -0.498245 -0.452632 4.01523e-12 0.0619233 -0.491275 -0.311837 0.88899 2.78434e-09
1.12369e-09 0.203774 -0.39916 0.367275 -0.263535 0.248751 -0.284593 0.390514 0.41499 0.352443 0.122402 -0.7868 -0.552191 -0.515367 -0.490395 -0.418171 0.274297 0.0256119 -0.669985 -0.622559 -0.219392 0.32427 -0.52713 0.276559 -1.12951 -0.8 -0.624229 -0.519632 0.276947 -0.776181 0.259854 0.116209 0.37994 8.63754e-14 -1.75898 1.19459 -1.10151 -0.132903 -0.31443 0.8 0.114748 0.12855 1.9984e-14 -0.726054 0.296168 -0.308096 0.168184 -1.23644
0.228271 -0.177335 0.113907 0.4417 -0.678216 4.33964e-12 0.437498 5.36282e-12 0.263888 -0.369641 0.49307 -0.26252 -0.38792 -0.409154 -0.64317 0.371007 0.269567 0.266124 -0.135497 -0.200091 -0.252199 -0.299656 -0.438805 0.494924 5.59812e-11 -0.483426 3.9968e-15 0.415844 -0.398763 -1.03326 -0.500906 -1.15209 0.0954277 4.17233e-11 -0.246836 1.17271e-11 -0.491234 -0.700834 1.95135e-11 4.7883e-11 -0.881337 -0.621947 17.5997 8.39551e-12 -0.501703 0.16223 0.164733 0.0282685
1.32783e-13 1.37745e-11 0.00596782 1.26634e-11 2.11269e-11 -0.622275 0.0520723 -0.185932 -0.530466 -0.8 1.46654e-10 1.5461e-12 0.590368 0.257853 -0.662878 -0.241166 -0.157859 -0.719534 2.62657e-12 -0.64275 1.66202e-10 -1.28248 4.19419e-10 1.05915e-13 -1.74739 -2.6877 -2.04264 -1.33359 -1.36439 -1.20944 -1.17896 -0.775838 -1.15325 -0.8 -2.36434 -1.80064 -0.277107 0.00694802 7.14069e-09 4.52385e-11 0.192716 0.471858 -0.0170371 0.0210294 -0.0608201 0.138372 -0.786133 0.489555
0.314445 9.27569e-12 -0.794181 -0.8 0.0285823 3.87754e-11 0.16878 0.133378 1.77636e-15 -0.775041 -0.8 -0.732606 -1.03763 2.82885e-13 0.422467 -0.731992 -20 -0.437135 7.90101e-12 -0.536904 3.40852e-11 8.9706e-14 2.96553e-10 -0.8 -1.34944 -1.66177 -2.40001 -2.10687 1.34535e-09 -0.218058 -2.62661 -1.4258 -0.434042 -0.8 -0.746524 -1.17012 4.37339e-11 3.16236e-12 -0.494002 -0.107238 -0.470721 -0.231491 -4 -0.279177 -0.0441001 -0.120539 -0.477892 -0.331748
0.0139005 -0.8 -2.11857 -0.750165 8.02935e-11 -0.419974 -0.293461 -0.458584 1.46549e-14 -1.61737 1.04886e-10 1.6 -0.588926 -0.8 -0.320025 0.179972 0.0904998 -0.329887 0 -0.758494 -0.729472 -0.432242 -0.336683 -0.745557 -0.696265 -1.34829 -0.412079 -0.597141 -0.459569 -0.758455 -0.8 -0.778742 -0.45619 2.83462e-12 -0.8 -0.99615 0.321372 -0.781187 -0.21454 0.132661 -0.203819 -0.51618 -0.372138 0.4206 0.223107 0.228266 -0.379982 0.437526
2.30926e-14 -0.728666 -0.760017 9.63674e-14 -0.337432 0.229872 -0.60569 0.0339175 2.77089e-10 -0.837484 5.41789e-14 2.34235e-12 -0.670168 -0.432778 4.28546e-14 0.564512 -0.490384 -0.675603 0.139813 -0.8 -0.8 -0.700344 -0.8 -1.44491 -1.35633 -0.731318 -0.669851 -0.44875 -0.753396 0.315946 -0.8 -0.211125 -0.663329 -0.460733 0.0420315 0.274797 1.12654e-09 0.177203 -0.355465 -0.226408 -0.335599 -0.0707616 0.0182698 0.502559 -0.119623 0.336616 0.17731 1.1809e-07
0.503374 5.19325e-11 -0.478035 0.374472 -0.376646 1.6831e-13 8.07798e-13 1.1382e-12 1.52181e-10 -0.8 0.261775 -0.669137 4.2642e-10 3.31513e-12 -0.788468 -0.499504 -0.486729 1.7049e-11 1.3205e-11 7.46048e-12 6.52589e-12 -0.8 -1.20173 -0.409226 -0.602363 -0.8 -1.9688 -1.24281 -0.476 -1.08765 -0.400011 -1.04633 6.95e-14 -3.2 -0.8 -1.32186 -0.477994 -0.440227 -0.8 8.70726e-12 -0.8 -0.556732 -0.649122 -0.900576 -0.604313 -0.521763 -0.158771 6.23102e-12
2.67702e-08 -0.451236 2.65743e-11 -0.649801 -0.39651 0.10152 0.11718 -0.499684 -0.395719 -0.8 -1.6 -0.573809 1.09808e-11 -0.620646 -0.538272 -1.01817 -0.421445 -1.13124 1.12621e-11 -0.524759 -1.6 -0.243522 -1.10398 3.83249e-13 -0.8 -1.31094 -2.4 -1.41706 6.09106e-11 -0.751061 -1.52154 2.96585e-12 -0.617872 -0.744454 -0.502693 -1.12071 0.0265753 -0.655471 1.01777e-09 -0.484837 0.106858 2.06906e-11 -0.8 2.48934e-12 -0.640884 -0.237599 -0.517335 0.265446
0.43155 0.307007 4.01548e-11 0.263893 0.294034 0.0168302 2.10601e-06 0.130814 -0.502143 -0.7084 1.38918e-10 4.44089e-16 6.21017e-11 -1.49397 -0.638473 -0.729562 7.63434e-12 3.86136e-13 -0.387466 0.17084 -0.799151 0.512471 -0.286093 -1.36351 -1.34893 0.000190817 -1.5537 -0.405988 -0.656128 -0.499646 -0.8 -0.546245 6.16815e-11 -0.549545 -0.707901 5.14483e-10 -0.8 -1.27932 -0.98098 -0.948909 0.276078 -0.583829 -0.103791 0.256282 0.123003 5.87739e-11 -0.81786 0.8
0.905219 5.19584e-14 0.0356884 -0.451252 5.66288e-10 -0.8 0.256874 4.18527e-11 0.0652709 1.46142e-10 -0.793904 3.71791e-12 -1.15328 0.17248 9.18792e-11 0.0995873 -0.287346 0.16686 -0.557899 1.0258e-11 -1.6 -0.748997 -0.599807 2.6481e-12 0.308467 -1.18538 -0.545413 -0.505185 -1.17654 -4 2.18692e-12 -0.962267 0.503642 -0.8 0.244481 -0.823396 -1.6 -1.01634 -2.4 -0.8 -0.717623 -0.8 1.08136e-12 -0.281123 -0.4002 -0.571576 -0.55588 -1.44576
0.455486 2.08722e-14 -0.42405 8.41327e-13 0.34195 -0.8 0.312468 -1.22384 -1.36586 4.2697e-11 -0.675441 -0.623613 2.30437e-10 -0.946229 0.313482 3.91087e-12 -0.8 0.190518 -0.8 -0.348359 0.040798 0.0362217 -0.0833398 7.78488e-13 -0.8 -0.494294 -0.915249 -0.688233 1.56444e-11 -0.686841 -0.684184 1.25273e-11 0.202581 0.341123 0.244127 -0.76286 -0.8 -1.48813 -0.611182 -1.12634 -0.8 -0.643413 -0.633299 8.41452e-09 -0.560576 -0.903164 8.77669e-11 0.503807
0.00285088 9.59435e-11 0.239831 -1.6 -0.956175 1.48558e-10 6.88338e-15 1.59872e-14 1.5663e-12 -0.8 -0.619794 1.19194e-12 5.93405e-11 -0.833134 1.20659e-12 7.83373e-13 1.09823e-12 -0.668366 -1.55822 -0.8 -0.329178 -0.8 0.499574 -1.15433 -2.13861 -0.220603 1.57874e-13 1.03983e-12 2.02371e-12 -0.578234 0.0766012 6.88694e-12 1.63026e-10 -0.629104 2.82885e-13 -0.50098 -0.902616 -1.06406 -0.233581 -0.704703 8.6028e-10 1.04303e-11 -0.45903 -0.0327398 0.269687 -0.67534 -0.8 -0.553385
0.270312 1.3243e-11 2.8233e-12 0.8 8.14466e-11 -0.8 2.73115e-13 0.385462 -0.8 -0.8 -1.49318 7.13007e-12 0.8 -1.02222 -0.952724 -1.74285 4.15548e-11 -1.82373 -0.8 -0.86981 0.100496 2.05271e-10 -0.8 -0.577097 -1.30707 -0.8 -2.16642 3.24494e-11 -0.8 2.63003e-11 0.158894 -0.8 0.0324871 2.58846e-09 5.62173e-12 -1.70036 -0.552511 -1.66783 -0.340957 -2.11101 -1.73632 -1.00877 0.427906 0.231748 3.74563e-11 0.145533 -1.01243 -0.8
0.8 -0.250078 0.20865 -0.317527 2.91189e-12 1.06353e-10 2.75291e-12 4.43312e-12 8.24896e-13 3.99734e-10 -0.566887 -0.606249 0 -0.537055 2.44382e-12 -0.8 -0.663928 -1.12441 -0.176623 -1.18467 0.125503 -0.733466 0.333123 2.64362e-10 -0.344875 -1.10657 -1.27482 -1.65241 1.08358e-13 -0.716768 2.3721e-12 1.20361e-11 -0.571674 -0.656783 -1.04984 -1.03097 -1.27378 -0.683821 -0.936823 0.317472 1.63443e-11 -0.839388 -0.899359 -0.0789939 -0.776382 -0.8 1.24683e-08 -0.888821
-0.0116928 7.98939e-12 3.41371e-12 9.50351e-14 -0.629969 1.61582e-12 -1.1135 2.97762e-12 2.77558e-11 4.77973e-12 5.21936e-11 -0.690617 -0.596078 7.3701e-12 8.2645e-13 -0.63055 -1.44346 9.6551e-11 -1.47445 -0.247044 -0.291242 -1.27617 -0.8 -0.536053 6.13953e-13 -2.4 -0.982278 -1.15243 -2.4 -1.15028 0.500702 0.584808 0.182728 -0.0244164 -1.63978 -0.786506 -2.10845 -0.79837 -1.6 -0.8 -2.4 4.26493e-10 3.2585e-11 0.552921 2.00306e-12 -0.422781 -1.64757 -1.13656
0.421641 0.8 1.14257e-10 -1.89764 -1.6 -1.06079 -1.20125 -0.8 3.57633e-10 5.67502e-12 5.37925e-12 1.76303e-13 0.0723792 -1.23837 -1.17867 -0.777816 -1.74392 -0.8 -0.448974 -0.8 -0.883416 -0.833124 -1.4336 -0.442017 -0.429572 -0.159108 -0.875399 -1.58774 -2.14163 -0.160561 0 0 -0.988816 0.8 -3.2 -1.38573 -1.27702 -1.02828 -1.10121 -0.8 -0.8 -3.2 -0.730013 0 -0.8 -1.28778 -0.80518 -1.25254
0.8 -0.8 -0.09635 0.194087 -1.25506 -1.0279 -0.420115 7.56457e-11 -1.06082 -2.41292 -0.956978 -0.24 5.04374e-12 -0.771201 -1.26258 0.489912 5.11133e-11 -1.11322 -1.1923 -1.6 -1.65471 -0.725717 -1.65451 0.0494929 1.22902e-11 -0.3598 -3.2 -1.63733 -1.9734 -2.26559 9.25371e-12 0.122889 2.01719e-11 -1.6 -1.43846 -1.95594 -2.4 -1.29102 -1.37057 -0.584199 -2.35634 -1.94944 -0.0429632 1.2906 2.62223e-09 -0.677758 -1.33512 -0.948922
-0.479516 4.10056e-10 -1.65655 1.74752e-10 -1.5901 -0.747692 -1.26195 -1.38223 -0.98918 0.426231 -1.6 -0.769637 -1.7523 -1.50273 -0.8 1.16351e-13 -1.43919 -1.6844 -1.6 -1.6 -0.458198 -1.65496 -0.994154 -0.61889 -2.15287 -2.4 -1.93792 -2.46346 -2.77325 -0.919895 -2.58063 -0.8 -2.01696 -0.8 -0.783366 -2.79973 -1.58999 -2.4 -0.947551 -1.36455 2.7678e-10 -1.38214 -0.708361 -0.8 -0.835432 0.45639 -0.424855 -0.674623
0.0985039 -0.970516 -2.05973 1.57941e-10 0.8 -0.683513 -3.2 -0.73518 -0.94681 -2.4 -0.933555 -1.75256 -1.45269 0.0502113 0.384834 -0.686638 2.69601e-08 -2.36054 -1.40821 0.251061 -0.8 -1.53529 -2.4 -0.358687 -0.612502 -0.869403 -3.13508 -1.57818 -3.82326 9.17089e-12 0.474806 -17.4128 1.39227 -0.754327 0.732305 1.67144 -2.85202 -1.24654 -0.608939 0.147774 -0.8 -1.6 -0.433279 1.66304 -1.88288 0 0 0.251576
0.8 -0.582678 0.823232 0.0169764 0 0.8 -0.865319 -0.111682 1.24125 0 1.32001 0.80384 -0.822684 0 0.8 -1.43847 0.8 -2.08694 1.11515 -1.08845 -1.67268 0.8 0.219323 -0.387206 0.8 1.04218 -0.545422 0.0944993 -0.280175 0.540682 4.8295 0.337453 0 1.13915 6.61728 -18.4 -1.62549 -1.94889 -0.861194 0 5.46008e-13 -1.51152 0.231064 0 -1.00916 7.62477e-11 2.47327 0.396459
0 0 0 0 0 0 0 0 0 0 0 0 0 0 0 0 0 0 0 0 0 0 0 0 0 0 0 0 0 0 0 0 0 0 0 0 0 0 0 0 0 0 0 0 0 0 0 0
