48 0 48 97 0 97
0.8 1.49316e-09 0.293324 0.420537 0.465756 0.612251 0.531508 0.809089 0.464492 0.521544 0 5.72764e-12 0.333187 -0.889784 0.143061 4.21685e-12 0.292061 1.6 0.8 1.01417 0.499775 0.626094 0.8 0.886297 1.23073 0.974448 1.64921 1.75415 1.41452 0.0679158 1.11618 1.37377 0.8 1.01669 -0.533615 0.993607 1.2378e-10 0.577241 1.26453 1.07512 2.05232 2.26289 0.633959 1.15225 1.16529 1.13368 1.7288 1.4499
1.49839 0.364524 1.11556 0.495627 3.96556e-09 -0.8 0.813853 -0.682841 0.550642 0.8 0.9911 0.302636 0.00938318 -1.62296 0.8 -0.285159 2.05211e-09 0.0886232 0.231125 1.00033 6.57963e-09 0.351165 4.73526e-10 0.226789 5.09703e-12 0.040587 0.8 0 2.7075e-11 0.692153 0.8 0.8 0.8 0.130658 0.8 0.8 1.21202 0.337324 -16.006 -14.4 0.451633 0 0.831687 8.16014e-12 1.05205e-12 0.357888 3.28086e-07 1.71035
0.463776 0.8 0.8 0.107563 0.282899 0.0379635 6.73368e-11 1.22519e-09 0.191674 0.314521 0.185032 2.4847e-11 -0.401156 -0.8 -0.8 -0.0521539 -0.0998534 0.381252 1.25965 2.01663e-11 0.385441 -0.330872 -0.28891 0.490501 0.802751 1.16947 0.8 0.879915 1.03343 0.360432 0.8 0.8 0.359383 0.386632 2.07252e-09 1.06937e-12 0.814378 0 0 0.880027 2.94308e-10 1.12907 -0.8 0.890741 0.8 2.28861e-12 0.970723 0.8
1.88236 0.0400567 -0.8 0.8 0.351955 4.54081e-13 1.89728e-10 0.165921 0.535531 0.8 0.177333 -0.454224 -0.71688 0.0631439 1.11845e-10 -0.147531 0.770117 1.28037 0.624378 0.947702 -1.16811 0.270677 0.183029 0.508197 1.13267 0.362061 1.10006 0.483164 0.00515324 1.62469e-10 0.414139 1.78302e-13 -1.85259 0.837526 2.74192e-11 0.490692 1.12307 1.72295 0.672412 0.8 0.8 2.26885e-12 5.1581e-12 1.68013 0.604495 0.8 0.520565 0.0695648
0.180809 0.126893 0.8 4.53012e-10 0.240089 7.30567e-11 4.23306e-12 0.8 0.619316 0.290198 1.48392e-11 0.44358 -1.3428 -0.62946 7.04392e-12 3.68283e-12 0.510791 0.32821 1.03119 0.0430425 0.138697 1.90179e-11 0.181986 -0.692053 2.11712 0.377877 0.403859 0.8 0.226647 1.8213e-09 9.2244e-12 0.929153 1.75231e-11 0.084252 2.05391e-12 5.4317e-11 -0.0929524 0.8 0.8 7.44027e-12 1.33111 1.10636 0.8 2.4 0.175966 0.8 1.97886e-12 0.44153
0.910227 0.445289 0.600952 0.438918 1.04405 7.83151e-12 0.8 0.162919 3.09617e-11 6.24256e-12 0.412938 0.492685 1.25596e-10 6.21008e-11 0.277158 0.307154 0.13211 1.18082 0.724504 0.255881 -0.8 0.577255 0.8 0.0147779 0.216348 -0.672982 0.186186 2.55418e-12 0.571808 0.340407 0.521394 0.0583141 0.141307 -0.929862 0.8 9.38361e-13 1.68926 0.0798336 0.8 3.36398e-13 -0.4985 0.8 0.325982 0.338937 0.8 0.8 0.8 0.317285
1.12989 1.22689 0.189632 4.50751e-14 0.195265 1.00033 0.438377 0.548935 -0.299022 0.478342 0.8 0.130931 1.56303e-10 0.228255 6.90181e-12 0.851187 1.85185e-12 0.376014 -0.464831 0.417789 1.24634e-12 0.517608 0.594927 1.74083e-12 0.395588 2.94564e-12 3.35132e-12 0.8 0.395911 -0.48789 1.15085 3.92997e-12 0.594148 0.455973 0.382999 0.333845 0.309699 1.02968 0.8 0.8 2.03202e-10 1.2876 0.503685 0.387724 0.8 0.8 -0.723187 0.364972
1.19105 0.151157 0.338123 0.490933 0.332972 0.278438 0.380713 0.402151 0.159969 0.308978 0.733187 0.424523 1.50119e-10 0.268885 0.8 0.287213 0.311463 0.0936889 0.956081 0.831806 0.492579 9.45666e-12 0.910016 0.182406 1.68054e-11 0.0155158 -0.608741 -0.302759 0.899099 0.600478 -0.280122 1.19163 0.160831 0.11495 0.465654 0.361649 0.8 0.964516 0.412006 5.30036e-10 0.8 0.196699 1.01022e-08 1.09495 0.8 5.39568e-14 0.531223 1.77929e-11
0.473014 0.0223912 1.22344 0.280257 -0.8 0.207167 0.438358 1.04587 6.28209e-12 0.427632 0.60431 1.03859e-11 0.158775 0.12063 2.76869e-10 1.70935 0.068869 0.213974 0.345096 0.270319 2.49902e-11 0.357197 0.726092 0.465496 0.503434 0.0485056 4.56213e-12 -0.318136 0.207127 0.10654 0.644585 0.439474 1.175 0.508661 4.61984 3.80056 0.873803 0.534286 1.04019 0.291718 0.347392 0.671084 0.0980502 1.40106 0.554792 -0.0172364 0.515649 0.132295
0.906947 -0.379471 0.38267 0.754169 0.532384 0.534393 0.8 1.50528 0.16203 0.813933 0.581548 1.14154 8.46301e-12 1.65155e-11 0.893507 -19.8734 0.0872616 1.16368 7.64964e-11 0.607391 0.49166 4.87789e-10 0.227356 0.65956 0.0502718 0.0838361 0.131079 0.400462 2.85598e-11 4.85589e-09 -0.088349 0.209758 0.340991 2.34901e-12 1.22049 0.158026 1.16015 1.13241 0.533196 0.163703 0.0512309 0.724956 0.484199 0.62349 0.818121 0.59434 0.265856 -0.173204
1.2786 0.0471414 0.0427755 0.644382 0.0849766 0.295731 0.320143 0.8 -0.0291625 0.117794 0.269395 0.532704 1.72373e-12 0.00793139 0.0734394 0.8 2.31806e-11 0.989839 2.19602e-12 0.0151806 0.543918 0.461335 0.262277 1.00451 0.635036 6.8819e-11 -0.438114 7.90923e-13 7.70395e-11 0.424191 3.05298e-11 0.0659529 0.426853 0.656625 0.224995 0.586323 0.992173 1.21457 0.588268 0.428765 1.6 1.70563 -0.769499 1.01805 0.865103 1.72296e-11 1.22712 0.125085
0.58719 0.606305 1.43118e-08 0.447359 -0.237112 0.923496 0.24686 0.217248 -6.4 1.01411 0.0429592 0.374529 -0.239303 0.209201 0.8 0.512497 0.152107 -0.259668 0.988638 17.6 0 3.34845e-11 0.590324 0.43594 -0.603844 4.09808e-08 0.431682 -0.430505 2.02061e-14 0.0879241 7.34302e-13 -0.526056 0.50347 0.879333 0.841203 0.423016 0.930607 0.53592 0.8 0.865332 1.04743 0.918811 0.435277 0.8 1.01286 0.8 0.337428 0
0.8 8.50797e-11 0.333029 0.175531 0.331986 0.327971 0.253781 0.453886 1.15774 0.0300548 4.11449e-12 0.0594013 0.1402 0.561587 0.8 0.387235 -0.8 0.130362 0.297889 0.124422 0.921313 7.49623e-13 1.16563 0.253615 1.04244 0.926321 0.27429 0.0877217 0.956177 1.21409 0.493346 0.587202 0.39165 -0.706468 0.299712 0.844344 0.279976 0.8 7.70295e-11 0.170471 0.0845634 0.391934 0.371343 0.8 0.8 0.8 1.45578 1.62407
0.287676 -0.613959 0.108877 0.8 0.231696 0.395388 2.4454e-11 0.0314387 3.03868e-12 0.173564 0.22525 0.8 0.352114 0.351889 0.454979 -0.197645 1.14671 0.35575 0.531775 0.304588 1.52673e-11 0.320366 0.0963861 0.89974 1.19651e-11 0.0908859 2.80223e-10 0.408621 0.450072 0.0951427 0.858338 0.52351 0.428848 0.114389 0.611799 0.478751 0.47848 8.1164e-12 7.51044e-12 0.752696 0.528639 0.73681 0.440965 0.723234 0.252153 0.368248 0.91343 1.2271
1.07507 7.87059e-12 0.110057 0.511495 -15.4723 0.246192 1.57333 -0.567921 0.551029 -0.8 0.316631 0.289321 -0.595896 0.355043 0.0119985 0.206989 0.159774 0.291593 0.466752 0.138068 0.695868 0.488929 0.657855 0.0928078 0.591274 0.290152 0.357793 0.0507963 0.585841 1.06809 0.357879 -0.188405 0.0854661 0.70184 0.271157 0.0340402 0.523277 0.266189 0.0709451 0.321903 0.362116 0.251119 -0.215882 1.06899 0.477828 0.927158 0.475974 1.18223
0.578599 0.0353538 -0.283516 0.882775 0.432596 -0.612701 0.336782 0.171605 -0.612203 0.701272 0.29856 0.517736 0.433034 -0.8 0.330879 0.364849 0.362024 -0.8 0.158149 0.100304 0.325637 0.287669 0.543222 1.3695e-11 0.0785132 0.309439 0.687486 0.450609 0.630932 0.317452 0.820731 0.320762 0.364615 0.661974 0.324529 0.665759 0.594999 0.323473 0.543382 0.317825 0.456961 1.0441 0.467949 0.505511 0.649611 0.672656 0.178485 0.874029
0.816456 0.73606 0.822922 1.01855 1.31006e-14 -0.314986 0.536643 4.58857e-10 0.252336 0.610473 0.604072 0.412916 0.380429 0.237927 0.857598 0.8 0.413098 0.236737 0.389033 -0.313761 0.628695 0.0658037 0.294379 -0.161778 0.295375 -0.68389 0.230004 -0.25832 0.543254 1.19948e-12 0.8 1.05242 0.0495228 0.286707 0.233963 0.8 0.448234 0.0919665 0.820018 0.033645 1.046 0 0.329363 0.595666 0.167321 0.619802 0.294069 0.287397
1.30342 0.180581 0.5009 0.428779 0.422313 0.178431 0.342406 0.376247 0.227714 0.131774 0.591411 0.744451 0.655937 -0.183202 0.695869 0.972133 0.0164247 0.466568 0.8 0.122486 0.538924 -0.414075 0.108771 0.534527 0.243779 -0.25738 0.147542 0.696098 0.316467 -0.107359 0.0121797 0.651092 0.567621 0.175482 0.381031 -0.648277 0.973126 0.337486 1.29279e-11 0.92086 0.467843 0.429188 0.816336 0.380239 0.565187 3.11307e-12 1.6 5.7846e-11
1.18326 5.10149e-10 -0.386042 0.190599 0.625657 0.799203 0.227838 2.24598e-12 0.0850803 0.439235 0.8 0.279747 7.07521e-11 -0.614432 9.27751e-10 -0.0881514 0.416517 0.904331 0.431324 -9.62012 0.279954 0.0495864 1.01476 1.19783 1.00933 0.318622 0.0426625 0.45781 0.294322 -0.216574 0.453879 0.8 1.92897e-10 2.50466e-13 1.12637 1.00122 0.620038 0.471478 3.25142e-11 0.786653 1.73544 0.595013 -1.46149 2.63385 0.519808 0.911442 4.59188e-13 1.00517
0 0.8 0.256832 0.528905 1.20037e-12 0.137703 -0.36648 0.226685 3.062e-10 0.248817 0.615615 0.0289714 5.04774e-12 0.0171531 8.27534e-11 1.4674 0.569386 0.0268548 0.0945367 0.413981 -0.570021 0.556938 0.0201448 0.470037 -0.246736 -0.199261 0.272013 -0.105877 -0.37571 0.215421 0.336439 0.667758 0.400217 1.08801 0.552429 0.674986 0.835072 0.8 0.8 0.29491 1.90791 2.54523 2.17614 -0.853084 0.10785 0.26629 0.823131 0.355159
0.8 -0.525827 8.58886e-11 -0.294923 -0.57638 0.28604 7.7371e-11 0.0386999 8.57519e-11 0.43126 1.01986 1.3733e-11 0.8 7.76454e-07 -0.242455 0.0150933 0.608331 0.640888 0.405099 0.72093 0.0816959 -0.401491 1.6 1.10869 1.53218 0.381749 0.0998971 0.234384 1.6 0.313291 -0.122377 5.33277e-09 0.526691 0.496191 0.867109 0.355939 1.71152e-11 0.343806 0.350853 0.630497 0 -0.445538 0 -10.4 -0.611244 0.267276 0.477404 0.349602
0.579907 0.47688 0.28475 0.275762 7.51621e-13 -0.348171 0.126111 0.41081 1.32938e-12 0.337748 0.8 0.545242 0.279568 3.52728e-10 0.436479 0.271133 0.363776 0.211082 0.451938 0.485859 0.700609 0.353317 0.361842 1.09462 1.14393 0.498014 0.111055 0.167368 1.53793 -0.0888427 0.308297 0.40702 0.307894 0.552252 0.287189 0.032566 1.11382 0.750981 0.728797 0.8 2.92577 0.501995 3.28195 3.39506 8.34111e-11 0.263905 0.49796 1.41768
1.35325 0.335812 0.193005 0.370856 -0.174176 -0.437055 -0.703468 -0.339169 0.0440032 0.602124 0.414595 8.16677e-10 1.279e-09 0.182515 -0.434212 0.338845 0.900962 0.468405 2.02641e-10 0.435476 -0.300698 0.281045 0.0832639 0.978016 0.429447 1.6 -0.177642 0.631532 2.63839e-10 1.04424 0.439752 0.124337 0.363204 0.442372 0.547584 0.472553 0.277139 0.118417 9.78106e-13 -1.02344 3.67071 2.6804 3.10853 2.91383 -0.257769 0.108771 -0.303619 0.997387
0.8 0.605392 0.264199 0.325493 -0.191225 0.415886 0.143795 2.94946e-11 2.43587e-11 0.422483 0.121822 0.502743 -0.537971 -0.387812 0.243414 0.373889 -0.242096 2.98073e-12 0.351435 0.100325 -0.189951 -0.800977 0.10083 1.6 0.470444 0.251431 1.16461 0.571601 0.362767 0.0129176 0.0433345 0.317641 3.64129e-11 0.253778 0.536932 0.227176 0.292816 0.645835 0.168894 -0.117164 -0.435153 -0.829377 0.10794 1.52391 0.117647 5.02627e-11 0.945854 0.183327
1.19175 -0.177885 0 0.8 1.33904e-11 9.32587e-15 0.615458 1.74016e-12 0.00283255 0.306996 1.6503e-10 0.166898 0.24454 0.890494 -0.371045 -0.8 0.515894 -0.618763 9.80704e-12 0.483422 0.870533 0.332332 0.660089 1.16084 0.306705 -0.511758 -0.172084 0.527181 0.137312 0.609239 0.0578168 0.8 0.8 0.397322 0.8 0.371048 0.634178 0.303689 0.274454 0.996937 0.82763 0.435709 -0.23587 0.638903 0.8 0.115771 0.5334 0.8
0.8 6.24678e-12 0.112127 0.310253 1.58762e-13 1.94067e-13 0.222398 0.142959 -13.6 0.128591 0.191809 3.89391e-11 1.00229 4.53615e-12 0.677246 0.478952 0.00947181 0.376471 0.877706 0.928819 1.02568 0.0775591 0.474041 0.293035 0.605226 0.49825 0.0131546 0.536523 0.518586 0.593521 0.139151 1.00226 3.81424e-11 7.54979e-10 0.311763 0.360556 0.650658 0.347422 0.8 0.527659 0.180942 0.836502 4.86513e-11 0.8 0.401274 0.823085 3.33178e-11 0.8
0.468519 0.0610979 -0.135567 0.0378946 7.45848e-12 1.00009e-11 0.0561649 0.8 1.2741 0.46112 0.740622 -1.19704 0.181062 1.06034 0.263443 0.327597 -0.227592 0.689835 0.61274 0.671604 0.611644 0.113043 0.845917 0.432599 0.651381 0.8 0.0124645 0.473909 0.454871 0.8 0.231201 0.8 4.92133e-08 0.330739 0.997418 0.934723 0.306059 -19.9999 0.881688 0.224295 1.35494 0.8 0.268623 0.361544 1.03562e-11 0.105152 0.478615 -0.373196
4.82103e-12 -0.317092 0.0831069 1.75064e-11 0.181455 -0.436682 -0.8 -0.382265 -1.6 0.602019 0.293669 -0.371589 0.969507 0.850903 0.903592 0.474807 0.260376 0.424045 0.62603 0.8 0.613919 0.945502 0.556717 0.591946 0.867007 0.245771 0.549222 0.420031 0.985045 0.377682 0.930809 -1.6 0.475567 0.318736 0.703325 0.88357 0.354511 -0.138388 0.8 0.626382 0.183614 0.514185 0.512733 0.808972 -0.258816 0.496364 6.26033e-12 0.488016
0.859801 5.05807e-11 2.31548e-12 1.26038e-10 -1.18871 -0.296999 0.225159 0.316099 1.84381e-09 0.828155 0.572662 0.854363 0.680971 1.46994e-13 0.319192 0.253611 0.379607 0.659703 1.27902 0.0973862 0.508696 0.970856 0.308484 0.977309 0.0273298 5.68057e-12 0.239579 0.283301 1.04125 1.02377 0.491779 1.18721 0.200026 0.8 0.843443 0.542635 0.238904 0.544346 0.627007 1.00591 0.447546 0.8 0.54414 0.906819 1.04079 1.11495 -0.250089 0.951739
0.8 0.0966516 0.0662507 0.000671978 0 -0.340095 -0.689206 -0.334518 0.832159 1.04793 0.518961 0.8 0.8 0.188843 1.19269 0.8 0.899513 0.578003 0.801814 0.836539 0.937658 1.17686 1.05033 0.8 -0.8 0.978533 0.8 0.832776 5.15588e-13 -0.8 0.210823 0.886687 0.824484 0.8 0.307628 0.553336 -0.486226 -0.631157 0.18303 0.519093 0.450981 0.897164 1.13369 0.464583 0.512005 9.62341e-13 0.170896 0.871431
0.491968 0.437111 0.188755 -1.04519 -0.286437 -0.260058 -0.646445 0.507768 -0.458015 0.146858 0.25147 0.8 0.604569 0.387589 1.00724e-11 1.09538 1.03788 0.227629 0.968978 0.26798 1.01905 -0.364781 0.8 0.61491 0.331781 0.606381 0.297842 0.508322 0.252073 -0.232619 0.356871 0.565183 0.49568 0.482277 0.61992 0.526882 -0.417961 0.0181687 0.8 0.542617 0.804231 0.988556 1.83163e-10 0.596493 0.8 0.30544 -0.246711 1.30058
0.719279 2.93099e-14 0.730543 -0.0298876 0.291298 2.40474e-13 2.47383e-10 0.10744 0.62275 0.393494 0.8 0.8 0.208574 1.07689 0.407442 0.8 0.8 0.813849 6.4424e-12 0.313224 0.8 1.14207 0.461973 0.999439 0.113726 0.8 1.00024 0.8 0.601957 0.459825 0.8 0.875135 -0.300092 0.373443 0.8 0.505871 0.494424 3.61267e-13 0.308594 0.578317 0.500989 0.448355 0.8 0.534091 -0.8 0.558234 1.00561 0.8
0.819978 2.56017e-13 0.588274 -0.327379 -0.253427 0.202426 3.10862e-15 -0.207377 0.8 0.395386 1.08029 0.996875 0.8 0.476785 0.8 0.605307 0.8 0.821257 -19.9994 0.65721 0.695001 0.8 2.09395 0.801575 0.124154 1.09744 -11.2547 0.8 0.860928 0.869464 0.492487 0.0953219 0.125145 0.722667 -0.527511 -0.540148 1.13997 0.283886 0.600775 0.956963 0.607161 0.8 0.241974 0.938081 -0.510926 -0.8 0.263685 0.0688924
-0.337935 0.194671 -0.8 0.346935 -0.246149 0.0913673 -0.214718 0.936679 -2.4 0.8 0.8 0.867028 0.805997 0.999764 9.76996e-15 0.277032 0.460307 0.438921 0.957867 0.669498 0.851643 0.8 -0.379574 1.6 6.61693e-14 1.01334 2.37628e-11 -19.4891 -0.234814 3.68594e-14 -0.0933698 0.400654 0.405438 0.593549 0.388393 -0.741293 0.121363 0.311323 0.8 0.436809 0.219439 0.196688 -0.926067 0.22987 -1.6 -0.8 0.362703 0.193529
0.658154 -1.33564 -0.8 -0.8 -0.342164 -0.514224 5.28374e-10 0.40391 0.632961 0.390353 0.8 0.8 0.413816 0.543764 0.8 0.500158 0.134517 0.51259 0.651049 0.134547 0.8 0.30414 0.658063 0 -0.159202 0.8 -0.412885 0.0928822 -0.448592 0.13743 0.280409 -0.705359 0.152782 -0.470988 1.33471e-12 -0.430824 4.9738e-13 0.0689739 0.283558 -2.17598 0.458038 1.11777 0.482164 1.08032 0.8 1.07804 0.227384 0.445441
0.207283 0.251106 -0.525595 0.880005 -0.60569 -0.0865802 0.436543 0.8 0.0505829 0.8 0.256353 0.231328 0.8 0.419363 0.16147 0.410257 0.485447 0.918542 0.535712 0.458613 0.489938 0.877591 0.49251 0.677863 -0.714422 -0.252193 0.322466 0.228517 4.44089e-16 7.30006e-10 -1.19023 0.395448 0.550615 0.369126 -0.8 0.095766 0.432553 0.414744 0.392514 0.344555 0.8 0.8 -0.680234 0.8 0.0812887 0.209399 0.598631 1.19677
1.08494 0.155865 3.9253e-12 4.4853e-14 0.0285454 -0.252539 -0.0566872 0.637384 0.444031 0.899115 0.317529 0.0217256 0.188832 1.26834e-09 0.927887 0.21837 1.02378 0.960455 0.909783 0.8 0.809416 0.213282 0.178534 0.890624 1.18618 0.530394 0.523027 0.537055 0.831468 0.112378 -0.414049 0.993244 0.146326 0.0651056 0.991648 0.677714 0.0939485 0.425592 1.19465 0.8 0.8 0.8 0.307869 0.444644 0.0999942 0.834111 -0.721573 1.20519
1.23041 -0.374519 0.511027 2.52554e-12 -0.342388 0.0858432 0.150046 -0.754266 0.53625 0.491673 0.550668 1.06871 0.464726 0.212081 0.184176 0.8 1.25281 0.8 0.909808 0.486867 0.8 0.940988 0.986086 0.205583 1.03387 0.648785 0.712763 0.921301 0.5106 0.0912729 0.660745 1.08911 0.636183 0.489147 0.678259 0.474784 0.18075 1.43892e-11 0.583002 -1.57494 0.622489 0.267843 0.56744 0.472922 1.0509 -0.401322 0.314832 0.882382
0.8 3.07776e-12 -0.488488 1.41887e-13 0.00237684 0.284049 0.182383 0.0262002 0.492621 0.8 0.8 0.453868 -0.60241 0.0709377 0.383645 0.801024 0.8 0.0243898 1.01417 0.339383 0.519216 0 0.360481 -3.2 0.143213 0.274293 0.815125 0.430298 1.30403 0.409606 1.07222 0.972675 0.530589 1.32963 0.674354 0.556616 0.19112 -19.9242 0.860593 0.449244 0.613145 0.8 0.584144 0.477222 0.082184 0.0921502 0.31327 0.466033
-0.0862285 0.659999 0 -0.322184 -0.364723 3.31064e-10 -0.328413 0.534335 0.0750792 0.8 20.4227 0.856838 0.374556 0.252223 0.931503 0.531506 0.936975 0.451795 1.03674 0.949124 0.915395 0.107759 2.69082 1.20765 0.207046 0.693076 0.850694 1.21869 0.439919 0.436315 0.657812 1.232 0.598438 1.02895 0.891855 0.00183935 0.291269 9.94396e-11 0.1915 0.341126 0.658728 -0.41864 0.8 0.39615 0.8 0.412355 0.411661 1.15129
-0.164057 0.43362 2.52198 1.73805e-11 0.325248 0.0617613 -0.8 9.07145e-11 0.432392 0.368385 0.147507 0.8 0.8 0.8 0.844504 0.8 0.508108 1.08093 0.527424 0.421139 0.000134834 0.465582 -0.209972 0.339449 -0.00833621 0.332745 0.452528 0.23957 0.596903 0.486913 0.473919 0.250022 0.24954 0.566352 0.341807 0.0553772 0.581113 0.163069 0.332267 0.560095 -0.353096 0.276607 0.0322106 0.260383 0.858567 0.154401 9.40115e-12 0.8
0.688334 -0.491666 7.60008e-08 -0.0632966 -0.8 -0.8 -0.35641 6.0103e-12 0.158403 0.396901 0.406943 0.482935 0.955372 0.323586 0.330277 0.8 0.344976 0.318799 0.0381739 0.808784 0.332731 4.64127e-10 0.540773 0.879448 0.601244 0.691237 0.598318 0.0322018 0.587696 0.359242 0.668529 0.511955 0.849473 0.465452 0.103601 0.0812591 0.391656 0.233886 0.146011 0.0230556 0.246196 -0.226603 0.0266723 -0.30617 0.8 -0.414434 -0.308641 0.8
0.341626 0.201865 -0.431504 -0.601239 3.94983e-10 -0.556046 -0.8 0.251878 0.255291 0.253459 0.058065 0.536169 0.283036 0.538052 0.471024 -0.466404 0.51761 -0.238921 0.8 0.93796 0.444236 0.337494 0.369167 0.405648 0.299248 -0.182773 0.617175 0.328184 0.558114 0.8 0.600331 0.31743 0.613152 0.358721 0.365188 0.534691 0.889243 0.497084 0.858461 0.834622 0.642709 0.505224 0.611601 -0.0375606 -0.168882 -1.29703 -0.8 1.14535
0.679977 2.00693e-11 2.22045e-16 -0.245242 0.273805 0.154349 0.801217 0.382788 0.220533 0.251846 0.8 0.834759 0.8 0.392437 0.8 1.02962 -0.403219 4.81818e-09 -0.273178 0.8 0.8 0.449369 0.302956 0.511953 0.903205 0.273334 0.8 0.8 0.539197 0.872126 7.63782e-06 0.846819 0.8 0.67469 0.470174 0.183793 0.862766 0.747605 0.561734 0.647517 0.459547 0.715196 0.858792 0.861583 -0.8 -0.791214 -0.368465 1.01601
5.28713e-09 -0.730125 0.34312 4.84364e-11 -0.0642584 -0.10236 -0.0792837 0.239798 0.519362 0.8 0.520884 0.507494 0.254744 0.44877 0.455765 1.69513e-11 1.17721e-11 0.458246 0.16467 0.365616 -1.0873 -19.5391 2.42799e-11 0.55863 1.05485 0.8 0.8 0.258375 0.8 -1.41747 0.816955 0.869234 1.15696 0.861025 0.544698 0.8 0.343146 3.59268e-13 0.249157 0.591288 0.205947 0.206117 0.47436 1.11194 -0.52767 -0.516256 0.488947 0.557611
0.24628 -0.700934 0.126917 0.305525 0.477584 0.130312 0.0247343 0.0787793 0.189193 0.504664 0.8 0.374888 0.291586 0.233831 0.613428 0.446364 0.92461 0.453513 0.510374 0.8 -0.8 0.167754 0.868895 0.566821 0.802973 0.954287 0.428814 0.814718 0.812799 0.640011 0.0120269 0.839894 0.845029 0.8 0.418359 0.885839 0.444735 0.312621 -0.171203 0.509041 0.576158 0.8 0.191468 0.8 -0.505869 0.340656 2.27529e-11 3.39593e-11
0.528262 -0.304701 -0.955775 9.79268e-11 -0.626138 0.819381 0.0752906 0.0129322 0.8 0.218003 0.508092 0.719228 0.424653 0.231927 0.0959599 0.43831 0.405255 0.8 0.474389 0.554617 0.30871 0.306589 0.401608 0.492503 0.106107 0.8 0.504254 0.296972 1.23831 0.418656 7.89369e-13 0.8 0.0684501 0.322001 0.237431 0.352718 1.16629e-11 0.309611 0.442074 0.296269 0.328924 0.251658 0.19597 0.222183 3.42304e-12 -0.260243 -0.560903 0.410554
0.84981 -0.417357 0.129506 0.224436 -0.265701 -0.237734 0.273349 0.259321 0.90785 0.826951 1.03664 0.343252 0.379153 0.8 0.522229 0.176044 0.416918 0.464024 0.220156 0.8 0.338307 0.350761 0.364585 0.223355 0.0033983 0.8 0.8 0.0176879 0.356798 0.529073 0.236193 0.565996 0.362801 0.8 0.116099 0.8 0.8 0.023713 -0.739034 0.236885 0.149684 0.482488 0.438155 0.8 0.226057 1.17061 0.163969 0.968097
0.421734 -1.6 0.337505 0.0759836 0.0669412 -0.348187 -0.328213 0.287787 0 0.52152 0.906739 0.180998 0.428547 -0.27952 0.8 0.374073 0.355809 0.800005 0.8 3.86979e-11 0.924601 0.352 0.8 0.474607 0.414219 0.400521 -0.280881 0.598933 0.8 0.54777 0.198515 0.493007 0.577196 0.603959 0.265119 0.856234 0.8 1.10602 0.174986 1.29823 0.8 0.271712 0.178103 0.8 0.8 -0.00837536 0.8 1.42523
0.140114 0.033337 0.214834 -0.282371 0.626774 -0.110188 0.126812 0.291659 5.77052e-10 0.492437 0.172513 0.235745 1.90958e-14 0.8 0.487299 0.0825182 0.838506 0.275516 0.492568 -0.403737 0.930706 0.517466 0.8 0.8 0.375561 0.257613 0.938916 0.431404 0.420945 0.276216 0.479486 0.575481 0.8 0.209881 0.227162 0.647239 0.631753 1.05603 0.8 0.8 -1.46877 0.8 0.207702 0.80117 0.0201809 5.42736e-10 -0.0857432 0.530105
0.85722 0.0103368 0.331237 0.0354188 4.62286e-10 0.310859 0.51793 0.448031 0.311525 0.348289 -0.218313 0.360775 1.6547 0.18837 0.439116 0.294533 7.2391e-12 0.387479 0.287294 0.131305 0.619413 0.8 1.1769 0.8 0.378428 0.551436 0.813928 0.524387 0.8 0.8 0.8 0.8 0.801126 0.518073 0.500814 0.402878 0.562653 0.859146 -0.507665 0.8 0.18575 0.4356 -0.266076 0.284201 3.59333e-11 9.01501e-14 0.424448 1.3008
0.930063 -0.336215 -0.278456 0.204959 0.440723 0.283441 0.0539526 1.48119e-11 -0.435704 0.420243 0.8 0.8 0.393408 2.9652e-08 0.5678 0.922663 0.358744 0.260945 0.819705 0.310817 0.61573 0.342841 0.37199 0.440324 0.610695 0.738044 0.630432 0.33818 0.249745 0.408113 0.427895 1.33227e-15 0.893444 0.574316 0.344196 0.8 0.850114 0.474829 1.19052 0.226634 -0.307151 0.407958 0.372639 0.820212 0.690875 -0.494886 6.98186e-11 0.400248
0.390059 0.297014 0.179259 -0.636993 0.251515 0.134436 -0.165423 -0.240517 0.396914 0.8 0.0627728 0.8 0.8 0.221079 0.846587 0 0.8 0.430789 0.328122 0.550949 0.435378 0.512797 0.8 0.397225 0.29566 0.368211 0.576113 2.69389e-11 0.376727 0.357037 0.387412 0.574751 0.555883 0.800377 0.294124 1.34839e-11 0.8 0.0450306 1.36672e-09 1.06102e-11 0.0440884 0.233192 0.134044 0.8 -0.320806 -0.419765 0.215991 0.171291
0.62942 0.269673 -0.647579 -0.34716 -0.133488 0.17155 0.172791 0.366456 6.33082e-10 1.4988e-13 0.52671 0.129524 0.551903 0.359134 0.588097 0.317823 0.801146 0.466594 0.208342 0.159264 0.947955 0.934706 0.848724 0.891653 0.208927 0.41382 0.226006 0.0888497 0.988631 0.260046 0.8 0.017707 1.16742 0.358735 0.606503 1.00938 1.11306 0.451311 0.353511 0.8 0.207078 0.356818 0 0.204347 0.942395 0.23467 0.595686 1.13365
0.403032 -0.500043 0.00197059 -0.335225 0.354785 -0.166692 -0.0667441 0.288988 -0.133063 0.8 0.8 1.2226 9.45199e-12 0.0978357 0.0972563 0.474374 0.965254 0.360884 0.326693 0.482268 0.315515 0.342295 0.258204 0.531783 0.302854 1.59117e-12 0.499302 -18.8611 0.573293 0.251755 -1.95204 -4.48731 -5.33465 -3.9539 -9.78482 -13.7214 0.8 0.358465 0.496824 0.8 0.8 0.804533 0.606471 5.9881e-12 0.216872 0.0302167 1.17019e-08 1.32841
0.0960903 -0.8 0.225231 0.133267 1.03381 0.191744 -0.159517 0.191603 0.231044 0.924789 0.8 0.8 0.103472 1.35003e-13 0.0905483 0.546729 0.8 0.610527 0.543572 0.52855 0.13025 0.248304 0.474836 -0.469642 0.223925 0.501341 0.0925093 0.286541 0.629341 0.540987 -18.9848 -1.87489 2.2855 -12.0127 -5.6 1.6 0.84715 0.525581 0.466631 0.319307 0.625763 0.522174 0.330276 -0.381302 7.2431e-13 0.333269 0.0810521 0.889892
0.448455 0.0279713 9.81117e-10 -0.434237 0.654816 0.452842 0.463402 0.376121 0.0940909 0.101028 0.442397 0.512263 -0.393039 0.194977 0.212795 0.354773 0.202118 0.00315079 0.0712511 -20 0.472716 0.33977 0.500414 0.509146 0.113159 0.948279 0.809954 0.133283 0.657273 0.38673 0.5996 0.800315 -19.7584 0.581804 0.28722 0.634785 0.533104 0.217071 0.8 0.670098 0.139754 0.0201993 -0.443584 0.200583 0.287332 -0.131299 0.200467 1.04693
0.637327 0.122802 -0.116064 0.8 0.162968 0.579461 0.321604 0.208981 0.251757 1.05756 0.452898 0.972568 -0.550922 0.569947 0.27849 0.42835 1.6 0.296999 0.260345 -0.197606 0.0298851 0.292935 0.823655 -1.02483 0.416821 0.13442 0.8 0.043144 0.612 0.524349 0.8 0.011591 1.32796 0.509515 0.00145955 0.0831042 0.313742 0.424288 0.513274 0.858269 0.350846 0.243567 0.571122 1.92162e-11 0.113917 0.21314 0.894629 0.959469
0.306742 -0.962292 0.211682 0.231831 0.233907 0.292483 0.305478 -0.0735789 0.463489 0.193065 0.109151 1.11361 0.125753 1.2812e-13 0.384381 0.527707 1.17367 0.23768 0.225271 0.933613 0.8 0.8 -0.8 0.446182 0.292242 -0.316034 0.524003 0.502845 0.349551 0.305231 1.08528 0.047748 -20 0.308948 0.8 1.32186e-09 0.180251 0.530656 0.183715 0.8 1.01674 0.204531 0.498809 0.242946 -0.203562 0.173011 0.292621 0.46592
0.589324 -0.234874 0.36127 0.492239 0.26288 0.352246 0.168049 0.558073 0.281269 3.5083e-14 0.135543 0.517291 0.321484 -0.35181 0.8 0.567696 0.381977 0.1174 0.340801 0.236091 2.18048e-13 0.8 0.351147 0.930303 0.436278 1.66576e-11 0.0201497 0.869551 0.8 0.880815 0.882997 0.39933 0.880428 0.394989 0.694168 0.312053 0.384735 -0.13646 0.0473699 0.8 0.580713 0.172046 -0.0882641 0.261395 0.292001 0.1732 -0.268276 0.8
0.681615 0.62462 0.639156 0.190751 1.07934 0.418645 0.911499 0.601182 0.365753 0.0363102 0.0355697 0.65802 0.642245 0.208785 0.145693 0.535679 0.61853 0.8 0.320978 0.377729 0.155706 0.995023 0.992476 0.800092 0.141213 0.8 -0.383661 -0.256324 0.8 0.594115 0.334826 0.232365 0.552265 0.096551 0.310453 1.17299 0.340868 0.329617 0.8 1.13373 -0.213655 -0.326766 0.717864 1.04081 0.11572 -0.301834 7.62874e-11 0.93776
0.51258 0.113828 0.189233 0.456293 0.477651 0.807895 0.432825 6.03533e-10 0.231426 -0.436275 -1.3171 0.8 0.303151 0.116984 0.460203 1.00309 0.528971 0.262419 0.8 0.541654 0.933164 0.856303 0.879595 1.08507 0.484335 0.37002 0.897732 0.111747 0.345807 0.480143 0.356504 1.15235 0.353809 0.478911 0.587639 1.83937e-11 0.212462 0.556543 0.453744 0.311379 0.924169 0.24186 0.486865 0.673891 0.203952 0.589943 0.8 0.954121
0.346884 -0.2284 0.575881 0.369947 0.491647 0.04077 0.584173 0.549594 -0.215492 0.272433 0.212272 0.402343 0.455413 0.485932 0.445209 0.8 0.640901 0.593709 0.347279 0.0660751 0.969415 0.835516 0.8 0.908026 0.267354 0.25508 0.532949 0.0482618 0.304499 0.275698 0.8 0.8 -19.1575 0.87109 0.233445 0.435426 -0.0680754 -0.184652 0.464049 0.867719 0.308594 3.41312e-10 0.423502 0.28629 0.600477 0.0580833 0.255375 0.646884
0.512048 0.386127 9.65894e-14 0.126974 0.243997 0.625416 1.88747 0.556031 -0.8 -0.240456 0.43347 0.438089 0.820315 0.827659 0.8 0.526587 0.187105 0.8 0.172473 0.546186 -0.306458 0.248448 0.902035 1.01106 0.221995 0.059915 0.463758 0.309253 0.991418 0.0259371 0.31409 0.355856 0.548207 0.113999 0.246099 0.8 1.9734 0.8646 0.457038 0.8 0.471475 -0.414009 0.253065 -0.485848 0.0340003 0.59777 0.418503 1.33861
0.816863 0.215709 0.194751 0.0290211 0.215076 0.107306 0.206559 0.659949 0.0216773 0.514472 -0.8 0.582037 0.8 1.08302 0.381531 0.530953 1.12346 0.0436707 3.82667e-11 0.0547475 0.840228 0.253283 0.8 0.566679 0.140885 0.641386 2.82196e-12 -0.315712 2.37588e-14 0.556256 0.530646 0.0218477 0.264208 1.20378 0.350404 0.38489 0.589582 0.486133 0.8 0.121473 0.489341 6.15619e-12 0.238123 0.430321 0.643833 0.162637 0.125555 0.401914
0.181636 -0.750105 0.0227718 0.673253 1.38228 0.453397 0.519537 0.972177 0.238705 0.177221 0.0785406 0.245398 0.618158 0.586052 0.563046 0.48992 0.868297 0.264505 0.255812 0.369051 0.421697 1.1166 0.883383 0.558108 0.0630701 1.06798 -0.549657 0.213171 0.8 0.399623 0.942699 0.808127 0.572202 0.360663 0.149554 0.898139 0.570789 1.03369 0.404372 0.473402 0.582349 1.10272e-11 0.384166 0.812939 0.892379 0.0596572 0.559672 1.30601
0.104569 -0.251421 0.8 0.693981 0.131382 0.320019 0.29511 0.0750068 0.0549028 0.347864 0.527244 0.530035 0.606442 0.8 -0.248447 0.8 0.60397 5.3495e-11 0.376693 0.371935 0.725219 0.801491 0.934826 0.596476 -0.489381 0.0185062 8.21565e-14 0.314559 0.467986 0.183613 0.204919 0.235687 0.487002 8.57536e-13 0.166256 0.831637 0 0 0 0 0 0 -0.239544 -0.772297 0.397253 0.316153 -0.440288 0.260298
0.8 -0.177599 0.269044 -0.3749 7.16538e-13 0.372277 0.561984 0.20341 0.310984 0.325326 0.43668 0.620645 -0.25228 0.339939 0.8 3.9446e-10 -0.615448 0.684281 0.63069 0.538125 0.50851 0.243163 0.701243 0.8 1.04231 0.375035 0.276116 0.49034 0.512905 0.279143 -0.176709 0.263447 0.285373 0.517069 0.471296 0.851885 0 0 0 0 0 0 0.259789 -2.36968 -0.769401 0.441952 -0.498002 -0.420212
0 1.14693e-11 0.246178 4.2486e-12 3.07159e-10 0.918996 0.0906819 0.438803 0.382839 0.0676379 0.231534 -0.0793698 0.0679226 -0.218432 -0.209445 0.325369 1.12226 0.623405 0.557965 0.58684 0.890768 0.284566 0.582356 0.494994 0.227575 0.659227 0.878285 1.16465 0.354802 0.247223 1.17055 -0.206673 0.824875 1.1223 1.14469 1.83985 0.499038 1.19988e-11 0.309465 0.545935 0.97706 3.6563e-09 0.442521 0.0761939 -0.145249 4.49087e-11 0.0710885 0.0496046
1.03847 0.8 0.271127 -0.8 -0.916883 0.325511 0.142237 0.0820897 0.361327 0.223431 0.246968 0.890584 4.56917e-10 -1.16325 7.13651e-13 0.915664 0.460327 0.177381 0.521074 0.525247 0.531756 0.6049 0.117677 0.642437 0.360513 0.637031 0.365836 0.814825 0.137601 0.899758 0.63448 0.220412 1.79131 0.827801 2.11321 0.934178 0.262768 0.123829 0.613254 0.279784 -0.242486 1.30813 0.070689 0.444837 -0.509553 0.356239 0.301311 0.838121
-1.82059 -0.494805 0.782969 0.39658 -0.8 0.53913 -0.67301 -0.307884 0.590957 -0.616074 0.32453 0.171649 -0.277493 0.67645 0.152107 -0.8 0.431132 0.495852 8.32565e-11 0.8 0.220636 -0.514014 0.8 0.496394 -2.2875 -1.81257 -1.6 -1.5315 -2.18934 -2.58982 -1.21284 0.71577 -0.602474 0.222133 0.270107 -0.201586 0.8 0.286076 0.581901 1.81119e-09 0.286253 0.493539 0.303686 0.8 -0.317427 1.06311e-11 0.430831 0.48013
1.31081 -1.1163 0.500793 0.47282 2.8535e-11 -0.28886 3.41727e-13 1.30342e-11 -0.10291 1.85814e-11 0.423209 0.52514 0.506667 1.64992e-11 -1.02757 0.8 0.25703 0.446364 0.256211 0.397452 0.413836 6.43929e-15 0.8 4.2472e-11 -1.6 -2.98638 -1.6 -2.15431 -2.89125 -4.23212 -0.502583 -0.656347 4.64295e-13 0.915347 0.312476 0.477046 0.366479 -0.664456 0.223437 1.22243 -0.460792 0.0388944 -0.540393 5.7192e-12 -0.615887 0.416296 1.26787e-13 0.8
0.871525 0.453547 -0.0506483 0.183874 -0.919098 0.252235 0.0765909 0.172249 -0.174556 0.266069 0.151436 0.189613 -0.2584 0.296096 0.238046 0.453262 0.281086 0.123101 -0.0163046 0.3393 0.460364 -1.02404 0.767707 0.900528 0.960294 0.120694 0.97423 1.12097 0.457869 0.303385 1.15918 0.318482 0.481891 0.734955 0.177055 0.893849 -0.476671 0.46744 0.481701 0.819101 0.137192 0.363231 0.520227 0.339689 0.956674 0.226893 0.42933 1.37381
0.321523 0.243588 -0.162813 -0.0457506 0.749701 -0.209053 -0.344432 -0.487634 0.176305 0.8 0.0986306 0.711347 0.102809 0.302146 0.229536 -0.476911 1.008 0.398242 1.04219 0.156786 0.743822 0.421609 1.10821 1.26 0.498279 0.721769 0.973628 0.625071 0.295422 0.978341 -1.46161 0.75472 0.483485 0.470702 0.489021 0.705947 -0.204914 -0.65369 0.541466 -3.82868 0.468736 0.11491 0.0985174 -0.0223806 0.606281 0.691057 0.751052 1.32999
0.229028 0.725377 0 0 1.08208 0.496395 1.04903 -0.139858 0.423916 1.71505e-09 -0.566214 -0.0306906 -0.208417 0.209818 0.132409 0.0193451 -2.60421 1.18772 0.0255007 0.0175159 0.484205 0.841585 0.744835 1.06023 0.64304 0.403514 0.577154 0.436171 0.405461 0.193065 -0.371942 0.494336 0.0495807 0.109657 0.192375 0.258225 -0.469925 0.644407 0.42835 -1.59466 -0.07788 -0.157757 0.214976 0.189804 0.670368 -0.463668 0.480166 0.774975
0.667916 0.37444 0 0 -1.33913 -0.291568 1.36033 0.656337 0.0356723 0.0918333 0.0111895 0.593274 0.174617 0.207914 -0.400439 0.467097 0.547853 0 -0.0812409 0.557389 0.158298 0.641033 0.037544 0.907129 0.700341 0.418609 0.0411897 0.670154 0.335048 0.371987 1.05915e-13 0.578512 -0.0652349 -0.0124972 0.0410914 0.704932 -0.210238 -0.395545 0.371532 -0.132591 -0.0168108 -0.508382 -0.288703 -0.175521 0.40293 0.510041 0.273211 0.248147
0.986211 0.223079 0.148177 0.2875 0.314007 -0.130319 -0.605664 0.442526 0.505746 0.192758 0.982065 0.810329 0.494057 -0.0350694 0.101554 -0.205659 0.0638474 0.390312 0.00542644 0.258372 0.754001 0.8 0.318026 0.715311 0.673791 0.299879 0.55313 0.858153 0.634241 0.439391 0.726938 0.290018 0.885468 0.209567 0.525738 0.666216 -0.115587 0.0439328 -0.222542 -0.364194 3.79369e-10 0.200363 -0.198521 -0.00406358 -0.0680352 -0.30625 0.290206 0.155013
0.83054 0.25547 0.607957 0.349274 0.351275 0.0322785 -0.28977 0.215877 0.27284 0.0759951 0.388394 0.235881 0.189349 -0.0546449 -0.107849 0.333949 1.04649 0.383313 0.486179 0.612608 0.98385 0.834153 0.762125 0.61641 0.0739702 0.598649 0.591217 0.523805 0.445408 0.0578196 0.231943 0.397901 0.169396 0.596655 0.252976 0.532204 -0.200011 -0.477212 0.268464 0.135034 0.0493833 -0.0563604 0.0299814 -0.232942 -0.451198 -0.223088 0.023991 1.40229
0 -0.0175298 -0.488818 0.36519 0.594556 0.0214242 -0.8 0.558689 -0.153874 -1.1644 2.92932e-11 -0.182652 0.386171 -0.436404 0.391615 -0.0447124 0.24752 0.088885 -19.1991 0.417739 -0.103913 0.0472661 -0.289393 -0.419847 0.393686 0.587232 -0.170893 0.297318 -5.87422 0.455303 0.0772351 0.188185 0.146006 0.033093 0.391764 0.0450513 0.645725 -1.3283 0.338849 -0.178024 0.212671 -0.135432 3.51208e-12 0.446216 0.435352 -0.174617 0.28518 1.05784
0.673021 -0.148365 0.0587343 0.433601 0.398832 -0.12961 1.0919 0.430074 -0.403186 -0.852502 -0.702261 0.136133 0.180331 0.0601328 0.447915 1.03116 -0.0125209 0.300326 0.153346 -0.046526 -0.329349 -0.153588 0.266908 1.04269 0.42741 0.440727 0.189898 0.0630266 0.69321 -0.298069 0.469811 0.439315 0.322632 0.455807 0.481113 0.327719 -0.111848 0.700172 0.112359 0.380254 0.392727 0.210021 -0.19648 0.309584 0.700078 0.227979 0.0846647 1.10508
0.33889 -0.510436 -0.248153 1.27301 0.15323 0.42202 0.810856 -0.026227 0.15667 0.0809215 0.335203 0.180695 0.514087 0.344697 -0.0597936 -0.0435018 0.013692 0.162254 0.495086 -0.81732 -0.238631 -0.33466 -0.453614 -0.8 -0.351302 0.0495656 0.112263 0.601643 0.0295797 0.505085 0.114955 0.206011 0.357719 0.636776 0.604802 0.298771 -0.0458311 -0.333906 -0.328081 0.194058 0.0012887 0.183926 0.164801 -0.73443 0.452296 0.689038 0.0975175 1.27924
0.842325 1.20336e-10 -0.152669 7.86704e-12 0.083425 0.460138 0.231611 -0.582617 6.44538e-11 -0.111706 -0.233627 0.0700351 -0.8 0.132478 -0.410891 -0.575746 -0.106906 0.524154 0.248386 -0.101889 0.379048 0.224368 0.122534 1.02447 0.0339402 0.0568436 0.0411405 -0.21224 -0.0374657 1.08125 -0.100379 2.23996 0.486973 0.639198 0.367827 0.5649 -0.210143 0.164693 -0.541734 -0.153295 -0.8 -0.00284066 0.0529089 -0.8 0.310061 0.496245 0.794652 0.850945
1.14725 -0.594814 0.187645 0.229176 0.527679 -0.119384 -0.198868 7.7734e-11 -0.423747 0.411374 2.34502e-10 -0.377257 -0.246436 -0.8 0.418273 0.202543 0.301466 0.496059 1.53481 0.32547 -0.317077 -0.112714 -0.196351 0.251656 0.418531 0.106654 0.304984 0.263138 0.711243 0.202884 0.834591 0.108659 0.590193 -0.470909 0.621455 0.832165 0.453156 0.242811 -0.8 0.407886 0.312083 0.691951 -0.244494 -0.8 0.0183646 0.417977 0.0787643 0
0.628521 0.247867 0.19734 0.538169 0.523759 0.503523 -0.117042 0.514824 0.866965 4.12035e-09 4.35207e-14 4.01812e-12 0.0870673 0.334031 -0.0799277 0.198149 0.253364 0.287807 -4.62207 0.670447 -0.589742 0.41273 0.0545079 0.214604 0.232734 0.409377 0.365647 0.872651 -0.468459 -0.0149845 0.0651788 -0.157913 0.507632 0.931341 0.754902 0.797508 0.196899 0.438189 0.712366 -0.332971 0.0159541 0.550506 7.41629e-14 -0.463317 0.0347112 0.264613 0.372253 1.07832
0.912772 1.06676e-09 0.464168 0.137737 0.322245 0.610426 0.0997993 0.0490811 0.184671 7.90923e-13 -0.645696 -0.8 2.10392e-11 0.437186 -0.344174 0.280929 0.8 2.20782e-10 0.962464 0.880783 0.42869 -0.791449 -1.2005 0.460158 1.17826e-11 0.160598 5.82086e-05 0 2.0715e-11 0.140209 0.517054 1.02955 0.165499 0.0177255 14.7329 0.359472 0.312 0.224596 7.05234e-11 3.33289e-13 1.14746 2.25597e-13 0.252124 1.09477 -0.265378 2.86555e-11 0.558836 -0.210104
1.01343 1.2179 -0.150826 0.309262 0.429617 0.8 0.755522 -0.8 -0.399217 5.33906e-12 3.30846e-14 -0.799989 1.29541e-12 8.30032e-11 0.187278 4.81837e-13 5.66414e-12 0.438731 0.386911 -0.480537 -0.766855 -0.604683 0.479242 0.0428783 0.0387416 -0.488804 1.71196e-13 3.33067e-15 -0.8 0.25122 0.525655 7.72189e-11 0.702347 0.447286 3.13083e-14 -0.771109 6.57892e-11 -0.035763 -0.530112 6.65468e-13 4.02017e-10 -0.159612 2.84017e-12 -0.438506 7.07034e-12 0.159404 0.801449 -0.255069
0 0.0160091 0.871047 0.8 0.800001 0.617286 0.00521399 4.04121e-14 0.457575 3.41949e-14 -1.47754 7.66276e-13 -18.775 0.469357 0.0387747 1.57681e-09 0.927978 0.277139 0.163155 0.174589 0.0716539 0.384346 0.0912367 0.552369 0.24219 -0.26631 -0.470826 0.8 4.08562e-14 0.354867 0.604278 -0.360764 -0.167099 6.70575e-14 0.539176 0.545476 0.0280909 3.59086e-11 5.32907e-15 -0.8 1.21211 0.8 0.61972 0.113695 0.357637 0.467708 -0.259331 0.402173
1.26887 0.839389 0 0.8 0.87725 0.164053 4.21885e-15 1.82425e-11 3.4226e-12 0.338804 2.10942e-14 6.4615e-14 0.305423 0.152993 2.65461e-10 -0.635173 0.160833 -0.571008 0.581537 0.364061 -0.518721 0.598159 -0.829988 0.497971 0.249331 0.577569 0.331523 -0.0728707 -0.126341 0.340699 0.267208 0.370435 0.258138 -0.0154318 0.0179479 0.426285 -2.07071 0.110621 -0.8 0.184659 0.178005 1.5316 0.00223786 0.239757 4.29456e-12 0.8 0.8 1.10639
1.10069 0.698926 0.810449 1.00597e-10 5.52915e-10 -0.334209 4.622e-10 6.13574e-11 1.329e-11 3.35292e-11 -1.00676 6.43041e-13 7.10987e-13 -0.544615 0.46902 7.60947e-13 -0.431836 0.45485 0.21385 0.170551 -1.6 -1.6 0.410708 0.618164 0.285096 3.46612e-13 4.44089e-16 -0.536749 -0.293166 0.414435 1.04054e-10 6.48179e-10 -0.216155 -0.507558 3.1094e-11 4.32987e-14 0.320818 0.204278 -1.28676 8.19345e-13 4.99971e-10 0.203244 0.461124 0.511153 4.44089e-16 1.83441e-10 0 -1.12347
1.10238 -0.232348 7.14719e-10 0.16422 0.242517 0.349972 5.76761e-11 0.080619 0.331481 0.8 -0.414346 5.88696e-11 -0.650112 -1.17008 1.04383e-12 0.226456 0.963303 1.10644 0.353476 0.354023 -1.12122 -0.8 4.9194e-12 0.193836 0.453643 -0.990415 -0.299667 0.27002 0.859237 -0.358122 2.17604e-14 0.602363 8.79033e-09 0.0715798 -1.1095 5.1803e-13 0.191401 5.89084e-13 3.66278e-11 -1.37234 0.151976 1.32012e-10 0.468231 5.12542e-10 1.25677e-13 -0.8 4.92095e-12 0.33656
1.53875 2.26708e-13 1.30176 -0.264772 1.45255 -0.135307 0.509253 1.21755 -0.210441 -0.146623 0.405199 0.8 6.05085e-11 -1.04789 4.252e-11 -0.8 0 -0.105438 4.6394e-12 -0.91713 -0.394156 -0.363215 0 0.0496718 7.83817e-13 -3.37739 2.74047e-12 0.214293 5.25335e-12 -0.909831 0.0528197 0.216176 -0.80831 2.32259e-13 0.404742 0.142787 1.67377e-12 1.39899e-11 0.04539 -0.576189 0.167177 1.24383e-10 -1.45583 7.29039e-11 1.01274e-10 3.1977e-10 1.7899e-12 1.6
0.886308 0.140917 0.8 1.16985 0.376962 4.67202e-10 0.773888 0.8 8.50465e-10 -0.319916 -1.14193 -0.423117 -0.175201 -1.6 -0.8 1.35747e-11 0.463898 -1.29175 5.53113e-12 0.230695 1.6488e-10 0.193743 0.60206 -0.506387 0.486689 -0.74643 -0.599008 4.5253e-10 3.33955e-12 0.25934 -1.31517 -0.591415 -0.241792 1.53758e-09 4.39395e-11 0.8 0.434582 0.8 0.320874 6.41909e-12 -0.751872 -0.868731 7.73537e-12 -0.8 0.434547 -0.8 0.511191 0.8
0.495606 -0.411167 0.929835 0.561324 1.08785 0.8 4.45064e-10 0.8 -0.822926 -0.613037 -0.493107 -2.4 -0.870712 -0.8 4.46796e-11 4.50449e-11 0.8 -2.05287 -0.744775 -1.6 -1.33842 -0.969543 -0.671629 -0.284269 -0.0463899 4.14313e-12 -0.297529 0.49352 0.280572 -0.607962 2.13123e-11 1.28273e-10 -0.434575 -0.268117 -1.6 -0.267898 -0.382126 -1.56639 0.306958 -1.76175 -1.26293 -2.22903 0.0170984 4.67206e-11 9.06164e-13 4.14406e-11 -0.908359 0.527084
0.526707 0.0164619 0.00548947 4.1923e-10 -0.174212 0.300649 -0.727387 5.61653e-09 -1.52701 -2.4 -1.03908 -3.2 -2.43213 -1.30084 5.86793e-10 -0.979277 4.96508e-10 2.32082e-10 3.04412e-11 -0.8 1.48757e-11 1.06773e-08 -0.315154 -1.75568 0.833519 -0.243618 -1.36629 5.71072e-10 -0.8 -2.4 -0.33495 -0.380831 -0.386661 0.097703 -0.54975 1.55637e-10 0.317481 -2.4 -1.64362 -1.6 0.343305 -2.39059 -3.2 1.83445e-10 0.446625 -2.4 -1.48268 0.8
2.13247 0.0136662 -0.8 0.0949687 4.18905e-09 0.781808 -0.808836 5.26934e-12 0.16085 -0.336024 0 0 -1.02276 -2.4 -0.866391 0.8 0.8 -0.471067 1.212e-10 0.360757 0.00967599 0.826149 -0.865131 -1.4356 0.8 1.09976e-11 -0.987748 0.489702 -1.31108 1.85434e-10 -0.275115 -0.938519 -1.33133 -0.493259 -0.8 -1.8662 0.725287 -1.70383 3.77076e-12 -1.25581 -3.2 -1.67503 -1.98145 -1.90981 -2.4 -2.4 -1.61884 1.33723
0 1.06737 0.174801 1.39816 1.6 2.06512 1.43665 1.92337 0.8 -1.6 0 0 -0.127138 1.20921 1.32883 0.31123 -0.848724 -1.27162 0.8 0.851773 0.316403 0 -0.719545 0.8 0 0.310409 -0.88329 -0.531214 -3.2 0.937068 0.550809 0.077194 3.70693e-10 0.900186 0.353119 0.8 0.118684 -0.313892 0.381068 -1.1497 -0.843341 0.8 -0.8 4.17621e-12 8.9484e-14 1.25423e-10 7.36615e-11 0.158515
0 0 0 0 0 0 0 0 0 0 0 0 0 0 0 0 0 0 0 0 0 0 0 0 0 0 0 0 0 0 0 0 0 0 0 0 0 0 0 0 0 0 0 0 0 0 0 0
