10 0 10 96 0 96
0 -0.0247875 -0.00167974 0.00328629 0.00744582 -0.0186194 0.0442174 -0.0217052 3.9424e-13 0.622288
0 0.0253376 -0.000651888 -0.00781006 0.0114295 -0.0139707 -0.145215 -0.0240141 0.0229638 0.0150017
0 0.7 -0.00335171 0.00349877 0.00445111 0.00762176 -0.00765113 -0.025184 0.0117316 0.00726961
0 0.0400248 -0.00328979 -0.00077246 -0.0101669 0.00104351 -0.011702 -0.0352559 0.0263334 0.00585472
-0.0388564 -0.0727983 -0.0028046 0 0.00066001 -0.0176684 -0.0151055 -0.0191476 0.0416176 0.0152298
-0.0345072 -0.034529 0.2 -0.00314858 0.0111348 -0.020874 -0.024888 -0.028131 0.0253909 0.00438213
-0.0111252 0 -0.00671909 0.00138757 0.00536765 -0.0165371 -0.018157 -0.0247404 0.027221 0.0101626
-0.0305018 0.299986 -0.00429682 0.0035024 0.0118658 0 -0.0298528 -0.0317528 0.00818783 0.00887135
-0.0189057 -0.00681374 0.000384264 -0.000528665 -0.00277612 -0.0164531 -0.0290263 0 -0.00425984 0.0025396
-0.0216551 -0.0114481 -0.00647445 0.0133938 -0.00288653 -0.000579926 -0.0287455 0 0.0117894 0.0110654
-0.0163213 -0.00876033 -0.00703344 0.00203512 0.000739022 -0.0319302 -0.0210584 0 0.0325398 0.0526042
-0.0221709 -0.00779326 -0.00762438 -0.00194432 -0.000372252 0.0238151 -0.0102835 0 0 3.86413e-13
-0.0170412 -0.0135406 0.000967542 0.00584836 -0.00453308 0.0187478 -0.0338019 0 0 0.0156337
-0.00966114 0.00498206 0.00184045 0.00270189 0.0139732 0.00683611 -0.0379333 0 0 3.75294
-0.00392515 0.00762412 -0.0072446 0.00695205 0.000879558 0.0446754 -0.0434248 0 0 -0.00589445
-0.00476532 -0.000143247 0.00105863 0 0.00054761 0.00196807 -0.000188734 0 0 0.0104594
0 -0.0289277 -0.00133124 0 0.0116428 0.0318991 -0.0645919 -0.0440591 0.0329852 1.02791
0 -0.0357859 -0.00811779 -0.5 0 2.45138e-09 -0.0137525 -0.0464249 0.135532 0.0102436
0 -0.0368305 -0.00911459 -1.8 0.0178284 0.0304706 -0.0376304 -0.055388 0.0301383 0.0110948
0 -0.0408236 -0.00610186 0.049621 0.0114831 0.00584413 0 -0.0412102 0.0421704 0.00164416
-0.0490926 -0.0475686 0.00543994 0.00595158 0.0106844 -0.00334534 -0.0373572 -0.0372362 0 0.00115286
-0.0773331 -0.037581 0.0531234 0.1 0.0222126 0 -0.0436671 -0.0403961 0.0302546 -0.00502438
-0.0525633 -0.0306289 0 -0.2 0.0108131 9.53404e-14 -0.033431 -0.0586586 0.122883 1.55374e-09
-0.0400407 -0.0212342 -0.00794519 0.400001 0 -0.00174605 -0.0461551 0 0.109723 0.0101646
-0.0339405 -0.0206775 0.00328399 0.0214585 0.00868556 0.00216283 -0.0870839 0 0.100087 0.0187409
-0.0351016 -0.00936424 0.00262746 0.011629 0.010076 -0.00733151 0 0 0.098961 0.0197566
-0.0287605 -0.0171706 -0.0119685 0.0113326 0.0123399 -0.0201013 0 0 0.0609634 7.99361e-15
-0.0258049 -0.0198167 2.04693e-11 0.0133898 0.0227259 -0.0281988 -0.0581917 0 0.1 -0.0183106
-0.0320178 -0.0106984 0.010242 0.014879 0.000184446 -0.00101899 -0.0888323 0 7.11686e-10 0.0114946
-0.0416417 0 0.00402918 0.0171128 0.00099906 -0.00677874 -0.0529813 0 0.065425 0.0365746
-0.0332784 -0.0144144 0.00419708 -0.000753585 2.99971e-10 -0.0133167 -0.0671222 0 -0.182821 0.00265092
-0.023423 -0.00813519 0.0189732 0 -0.000227791 -0.0337053 -0.0428245 0 0 -0.0172711
0 0.0071267 -0.00774355 0.0430758 0 4.15574e-08 -0.00233729 0.035105 0.3 0.0747519
0 -0.00196537 -0.00388284 0.0326763 0.0662506 0.000269623 0.0619931 0.0665882 0.0805782 -0.0211623
0 -0.0112948 0.0028881 0.0404414 0.0487974 1.41216e-09 0.0605856 0.065713 -1.49466 -0.0295972
0 0.00918729 -0.00052577 0.0341483 0.062181 -0.0186681 0.0463193 0.0281697 -0.896897 -0.028313
0 0.0172653 0.0158134 0.0616301 0.0607488 -0.0174641 0.065073 0.0414975 0.0705783 -0.0226019
-0.1 0.00410537 0.00935375 0.0691474 0.0386116 0.0117166 0.0498642 -0.00735452 0.0303176 -0.0223549
-0.0361512 -0.000424351 0.0114112 0.0512909 0.0375726 1.5725e-10 0.0475369 -0.0562963 0.0288296 -0.0418
-0.029832 0.00409995 0.00408591 0.0597431 0.0493179 0 0.0343862 -0.0832981 -0.0361021 -0.0163903
-0.1 -0.0170165 0.0287051 0.0693027 0.0150768 0.00291007 0.0208944 -0.0933157 1.0279e-12 -0.0801538
-0.0161487 -0.0175082 0.0318775 0.0541013 0.0276851 0.00228353 -0.0197935 0 1.79306e-11 0.839895
-0.0282383 -0.00723153 0.024448 0.05506 0.0136296 0.0305996 -0.0305166 0 1.83381e-13 -1.33365
-0.0329141 -0.0133048 0.0289514 0.0664836 0.0139518 0.0125747 0.0274339 0 1.88571e-13 -1.7
-0.0340394 -0.018741 0.0203086 0.0600936 0.0121402 0.022663 0.0455977 0 0.00338565 0
-0.0212945 -0.00828796 0.0199355 0.0603426 3.73783e-10 -0.012309 -0.0201519 0 0 0.334718
-0.0373259 0 0.0381998 0.0196675 0.00711032 -0.011205 0.0458901 0 0.00469781 1.37641
0.0261063 -0.0151004 0.0375432 0 0.00403387 -0.00673492 0.0669324 0 0 0.0277036
0 -0.010185 -0.0257343 0.0400682 0.2 0.0353101 -0.0132126 0.0273135 0.11432 0.1
0 -0.0234973 -0.0194293 0.0227917 0.0693812 0.0264987 -0.0110948 0.0328155 -0.0401866 4.08007e-15
0 -0.00630444 -0.00124117 0.0259859 0.0409883 0.0277052 0.0289471 -0.0110624 0.00989846 -0.0130459
0 -0.0130956 0.00793724 0 0.0702549 0.0116132 0.0149321 -0.0305246 -0.0272531 -0.00805849
0 -0.0141286 5.32371e-05 0.030967 0.0419152 0.019234 0 -0.0611465 0 -0.00335718
0 -0.0218119 0.0180509 0.0431474 0.026971 0.0914578 0.0240856 1.20742e-12 -0.0219528 -0.0209495
0.0102884 -0.00736109 0.0205191 0.0450453 0.0183751 0.0294948 0.0115049 -0.0356318 -0.0530033 -0.010698
0.0303712 0 0.00353983 0 0.127679 0.0478564 0.0567362 0.0234923 -0.0307093 0
-0.0437706 0.00580313 -0.5 0.0453422 0.0331144 -0.00826202 0.0536902 0 0.00271125 -0.0208211
-0.0260868 0.00669113 0.0508858 0.0566232 0.0451161 -0.00495505 -0.0401341 0 -0.0313481 -0.0332837
-0.0423335 0.0133182 0.0619928 0.0681637 0.0263931 0.00310879 -0.0387361 0 0.00262486 -0.0616858
-0.0362913 0.022359 0.756902 0.0761173 0.0261652 0 -0.0499746 0 0.01171 -0.0235174
-0.0450507 0.0234258 0.0122944 0.0914027 0.0134082 -0.0130103 -0.0447689 0 0.00608654 -0.019269
-0.0314162 0.00532121 0.0897619 0.0754271 0.0156917 -0.0114856 -0.0652752 0 -0.00420348 -0.0393648
-0.0391327 0.000940354 0.0297778 0.0586135 0.0143508 -0.0181143 -0.021674 0 0.0253316 -0.0345245
-0.0125657 0.00599843 0.108976 0 0.0314039 -0.0219098 0 0 0 -0.0510998
0 -0.0109376 0.00272222 0.0268935 0.0293799 0.0250316 -0.0109551 -0.0425651 0.0292388 -0.875447
0 -0.0295192 0.0139328 0.027676 0.0163093 0.0232304 -0.00621939 -0.0252522 0.00845894 0.0269257
0 -0.0194371 0.00273709 0 0.0116091 -0.0168828 -0.0225298 -0.0261109 0.0193555 0.124045
0 -0.0198169 8.01886e-13 0.0275704 0.0100001 0.0144807 -0.0178642 0 0 0.0469411
0 -0.0119983 0.00623492 0.0343863 0.0181979 -0.0206542 -0.0307542 -0.0499126 0.0105167 0.0297818
-0.131656 -0.0287959 9.5287e-10 0.0283306 0.0175926 5.12311e-08 -0.0232211 -0.0466426 0.00534807 0.0146685
-0.0316522 -0.0164302 1.6159e-11 0.0295059 0.0216979 -0.014861 -0.0290542 0 0.065352 0.0211527
-0.0114987 -0.0333211 0.00970629 0.034631 -0.0102462 -0.0217121 -0.0292863 -0.0633116 0.0134418 9.78686e-10
-0.0110591 -0.013058 0.00397266 0.0346865 0 0 0 0 0.0137912 0.0129043
-0.0296267 -0.0110939 0.00998227 0.0229546 0.00775434 0 0 0 0.0506465 0.0123209
-0.0333822 -0.0104831 0.00303502 0 0.042329 0.310046 0.0222681 0 0.0356381 -0.0293307
-0.0251265 -0.0205965 0.0120305 0.0266328 0.0261422 0.3 0.0410831 0 0.0394853 -0.0179601
-0.0323325 -0.00105214 0.0218891 0.0237862 0.0307176 0 -0.0266998 0 0.0609799 -0.0122857
-0.0296612 -0.0108588 0.0169944 0.0202251 0.00776603 0 0.00598015 0 0.0862389 0.0999993
-0.0323437 -0.00531945 0.00741213 -0.0642449 0.00311438 0 0.0199902 0 0 -0.0149112
-0.0374494 0.0184945 0.0272539 0 0.0321257 0 0.0199999 0 0 0.0359331
0 -0.0152111 -0.0100978 0.0196832 0 0.0990028 -0.0156702 0.000219383 -0.0306188 0.8
0 -0.0184571 -0.0117181 0.00932069 0 0.0112586 -0.0138759 -0.0120872 0.0181075 0.00697675
0 -0.0140217 -0.00940892 0.0122442 0.0742045 0.000372974 -0.0197684 -0.0309591 0.00147835 0.00765059
0 0 0.00531545 0.00674989 0.0871235 0.0379597 -0.00495668 0.024865 0.00386436 0.00255215
0 0.0127626 -0.00555557 3.09843e-11 0.0950193 0.00186912 -0.00625646 -0.0240594 0.0236335 0.00706323
0 -0.00668807 -0.00724257 0.00125903 0.03799 -0.00467028 -0.0149398 -0.0120641 0.0204845 0.0157395
-0.0423848 -0.0017595 0.00333183 0.00967989 0.0999999 0.00900797 0 -0.0268068 0.00156257 0.00483646
-0.0393499 -0.00600736 0.00450074 0.00616911 0.0591526 0.00895195 -0.0178423 -0.0356606 0.0116241 2.04881e-10
-0.0233844 0.000748539 -0.00198751 0 0 -0.00503543 -0.0234285 0 0.0150806 0
-0.0204114 0.00609319 0.321969 0 0.0498779 0.0201272 -0.00164536 0 0.0276749 0
0.00144911 -0.00128904 -0.00731598 0 0.0926466 0.00497212 -0.0228737 0 0.00422367 0
-0.0197463 -0.000255415 -0.00258093 0 0.119885 0.00447129 -0.018936 0 0.0150402 0
-0.00320326 -0.0157778 0.000300025 0.0204819 0.0211219 0.00711067 0.0147126 0 0.0246004 0
-0.0187537 2.42772e-08 0.0131135 0.029357 -4.34943e-11 -0.00408217 -0.0123566 0 0.0235689 1.71541e-11
-0.0259517 -0.00327912 0.00211102 -0.0143406 0.0288851 -0.0157004 0.0280835 0 0.0428423 0
0.0047404 -0.00170214 0.00802682 0 0.0479503 -0.0109502 0.00223894 0 0 -0.0116724
