36 0 36 72 0 72
0 0 0 0 0 0 0 0 0 0 0 0 2.8 2 2.48705 2.4 2.8 2.46304 2.56962 2.71256 2.38247 1.2 1.65683 1.91134 3.23034 2.00416 2.71828 2.65903 2.59818 2.87384 2.56368 3.25971 2.20844 2.55956 2.56516 3.29098
0 0 0 0 0 0 0 0 0 0 0 0 1.32046 1.78521 1.2 1.37011 1.43291 1.2 1.28973 1.6 0.649482 0.4 0.8 1.27929 1.62698 1.76882 1.28477 1.62817 1.76267 1.49932 0.972664 0.564334 1.60689 1.7141 1.43961 2.82594
1.2109 0.956035 1.6 1.35089 1.13171 0.939137 1.30659 -1.6 1.30393 0.862381 1.2 0.823197 1.36703 0.717016 1.18474 0.880687 0.851923 1.05051 1.2 1.2 0.915011 0.964453 0.8 0.974499 1.08351 0.8 1.90429 1.2 1.49247 1.2 1.04506 1.33943 1.0413 1.27976 1.11707 1.21738
1.39814 1.03764 0.615558 1.12122 0.910002 0.840121 0.60545 1.78756 0.846847 0.8 0.707585 0.888944 0.969509 0.953396 0.531455 0.740909 0.4 0.585858 0.777687 0.765508 0.23901 0.525366 0.110498 0.651477 0.509119 0.545112 0.384881 0.841057 0.474499 1.04381 0.66585 0.904284 1.06182 0.526452 0.865207 1.13162
1.63464 1.07884 0.851268 0.878522 0.899918 0.872598 0.766211 0.898136 1.18981 1.29892 1.17076 0.921668 1.09709 0.906557 0.0102466 0.942404 0.864388 0.71925 0.584043 0.740528 0.736544 0.528406 0.563036 0.482277 0.924024 0.691644 0.924691 1.04897 0.867811 0.707379 0.921485 0.86267 0.853868 1.00505 0.883398 1.34672
0.955353 1.63098 0.482081 0.73714 0.729278 1.24135 0.708882 0.641677 0.907143 0.814405 0.681328 0.685307 -3.2 0.502361 0.588032 0.662403 0.320936 0.350605 0.268359 0.505287 0.0666314 0.310241 0.123411 0.299748 0.431935 0.638592 0.61392 0.494901 0.4 0.355217 0.737503 0.815421 0.617341 0.391011 0.611884 0.884918
1.10639 0.683558 1.0305 1.0357 0.781314 0.94467 0.625946 0.31755 0.446723 0.716252 0.411327 0.318233 1.10584 0.517615 0.738891 0.571114 0.554845 0.587687 0.818208 0.262769 0.350967 0.275447 0.500964 0.453416 1.3049 1.1102 1.41609 1.30297 1.10801 1.0267 1.33877 0.801737 0.863444 0.865369 0.660796 1.52202
0.947329 0.66021 0.860056 0.821072 0.798966 0.648329 0.484312 0.527391 0.745047 0.379262 0.271312 0.309649 0.309473 0.241668 -0.0760344 0.439947 0.416256 0.624874 -0.417964 0.26493 -0.0697861 0.149808 0.138494 0.0920245 0.959105 0.529506 0.0119856 0.936059 0.902679 0.932432 1.22222 0.600657 0.349446 0.667119 1.01282 1.61027
0.765278 0.644807 0.52311 0.130475 0.159601 0.470206 0.130933 0.467898 0.20971 0.132196 0.235569 0.245896 0.435952 0.449324 0.0529815 0.366573 0.0307286 -0.3072 0.383983 0.102052 0.014194 -0.00337731 0.0349715 0.0720861 0.214183 0.277413 0.343376 0.25746 0.498753 0.590093 -0.110919 0.149779 0.278206 0.418331 0.224219 0.235911
0.868474 0.522601 0.846212 0.59944 0.370277 0.171195 0.4 0.202993 0.143057 0.203748 -0.132243 0.115225 0.28616 1.09912e-14 0.0531134 -0.0433884 -0.188415 -0.0666774 0.177976 -0.116912 -0.0766212 -0.281481 0.243589 -0.0250117 0.318957 -0.281506 0.640448 0.291609 0.133928 0.622543 0.521428 0.285159 0.454725 0.321519 0.286403 0.648012
0.903429 0.386159 -0.0231793 0.177704 -0.21063 0.405839 0.465517 0.113296 -0.180221 0.276623 0.470137 0.0359965 0.588064 0.0954125 0.349815 -0.23589 0.231571 -0.216045 0.417314 0.314752 0.244372 -0.0317547 0.173682 0.0915319 0.868419 0.279792 0.247965 0.280977 0.161654 0.438431 0.305506 0.346987 0.334012 0.178504 -0.0331324 0.752542
0.549795 0.538496 0.462594 -0.0888677 0.249225 0.180112 0.239835 -0.0660989 0.270325 -0.0825201 0.0637134 0.451198 0.485766 0.28907 0.517729 0.227408 0.204061 0.600253 -0.0866327 0.0828849 0.235967 0.225889 0.261672 -0.227792 0.337322 0.411419 0.106798 -0.0217186 -0.0451554 0.602631 0.44032 0.0799297 0.33872 0.43871 -0.024498 0.606731
0.978449 0.648333 0.468087 0.692881 0.411187 0.4 0.236667 -0.0351594 0.0623608 0.102832 0.0684739 0.0202709 -2.82204 -3.62808 -3.72241 -2.93216 -3.69938 -3.35071 -0.235217 -0.220968 0.162368 0.136614 -0.0541996 -0.062911 -0.268881 -0.434424 0.0116449 -0.0695178 -0.351938 0.0713795 0.187567 0.211755 0.119872 0.0492016 0.34346 0.922819
0.723259 0.328863 0.390274 0.618103 0.345984 -0.0534305 0.0250993 0.375111 -0.245989 -0.392814 -0.1907 0.0463201 -3.54164 -3.68719 -3.06605 -3.5904 -3.68918 -4.09325 -0.32563 -0.272235 -0.0669099 -0.291019 -0.0936225 -0.275473 -0.0937579 0.156757 0.428812 0.201304 0.147991 -0.291549 -0.173439 0.022625 0.281757 0.322084 -0.139795 0.415005
-0.0318286 0.529336 0.521781 0.819097 0.204744 0.459633 0.297742 -0.0697806 0.131071 -0.328128 -0.0158543 -0.0155024 0.130675 -0.237512 0.062814 0.201064 -0.144467 -0.486274 0.0662871 -0.0813298 0.424184 1.61e-11 -0.150948 -0.274059 -0.257795 -0.054141 -0.480841 -0.303695 -0.0235055 0.0440921 -0.348416 -0.212968 -0.619335 -0.21627 -0.291648 0.230216
0.340523 -0.168915 0.573288 0.533432 0.12106 -0.197108 0.0317284 -0.199057 0.00337924 0.306429 0.148616 -0.110236 -0.218329 0.0543348 0.311729 0.146916 -0.0559552 -0.0400206 -0.21428 0.163287 -0.255689 -0.393391 -0.191264 -0.529104 -0.106765 -0.144549 -0.568204 -0.404368 -0.441019 -0.284056 -0.210319 -0.0941995 -0.276822 -0.174833 -0.232874 -0.129958
1.14327 0.361753 -0.31014 0.4 -0.33206 -0.149653 -0.272943 -0.421628 0.220298 -0.443246 -0.0361469 -0.406038 -0.0551585 0.0793821 0.0950931 -0.525833 0.0609604 -0.126026 -0.138668 -0.854131 -0.572755 -0.252836 -0.28142 -0.572292 -0.201921 -0.101756 -0.00672297 -0.273597 -0.377626 2.22045e-16 -0.0908076 0.175026 -0.145735 -0.208187 -0.359004 0.126368
0.459228 0.650894 0.189363 -0.200763 0.27923 -0.0300403 -0.328712 0.0550864 -0.346175 0.0675065 -0.229214 -0.00567905 9.76806e-11 0.103055 0.129792 0.417855 -0.363646 0.102883 -0.0972843 -0.4 -0.220691 -0.174407 -0.200113 -0.297154 -0.188971 -0.726012 -0.227877 -0.50804 -0.268389 -0.149128 -0.345719 -0.0367305 -0.122767 -0.212144 -0.194051 0.363566
0.31771 0.305673 0.38226 -0.0122067 0.338687 0.646787 0.311731 2.64217e-08 -0.0779094 0.0993177 -0.143906 0.0563561 0.164772 -0.102669 0.0887969 -0.328922 -0.377364 -0.661756 -0.27473 -0.272583 -0.269937 -0.705348 -0.314325 -0.031121 -0.173089 -0.41203 0.0537893 -0.135833 -0.620693 -0.463445 -0.479761 -0.889824 -0.831469 0.0648432 -0.539967 0.131385
0.888242 0.925883 0.224113 0.566135 0.320883 0.806775 0.00986591 0.092648 -0.0885297 0.0193215 0.587175 0.0591083 0.126081 0.315228 -0.026465 0.0545807 0.154785 -0.300728 -0.696088 0.0542353 0.0819885 -0.238906 -0.589043 -1.18069 -0.152891 -0.521865 0.0158813 -0.0851943 -0.662292 -0.460115 -0.135494 -0.0409208 -0.384248 -0.225926 -0.660487 0.323891
0.786723 -0.0810726 -0.304382 -0.124449 0.536219 -0.131395 -0.701869 0.237539 -0.157994 0.848674 -3.10856e-05 0.120366 0.0431187 -0.107718 -0.145476 -0.156566 -0.571146 -0.4 -0.596041 -0.324085 -0.0125586 -0.519423 -0.28672 -0.312265 -0.632519 -0.580727 -0.526311 -0.428593 -0.85564 -0.347385 -0.514585 -0.226249 -0.390253 -0.531813 -0.692761 -0.221713
0.672048 0.467872 0.273607 0.167487 0.0736212 0.723951 -0.141966 0.0188303 0.34757 -0.192319 -0.0314323 -0.070749 0.231382 -0.0695217 0.366975 0.0034004 -0.998733 -1.07316 -0.286884 -0.576614 -0.100395 -0.10785 -0.353867 -0.517993 -0.0367079 -0.141198 -0.575619 -0.228336 -0.596679 -0.521033 -1.09912 -0.547588 -0.287144 -0.353084 -0.539495 0.649108
0.121879 -0.12065 -0.291167 0.0173724 0.189438 -0.393695 0.166366 -0.243912 -0.0110818 -0.992677 -0.00544296 -0.168769 0.726857 0.466644 0.8 0.461863 0.680276 0.428961 0.583238 0.226063 0.43596 -0.0790979 0.109444 0.15955 -0.0018278 -1.53721 -0.386554 -0.51087 -0.572895 -0.157674 -0.462808 -0.244434 -0.0872429 -0.294596 -0.287179 0.312551
0.589447 0.248884 0.373034 -0.169367 -0.0912937 -0.268878 -0.0982808 0.00808111 -0.0338784 1.08147 0.366954 -0.256739 0.434368 0.323792 0.935885 0.48876 0.315247 0.733064 0.499972 0.575351 0.416029 0.00594278 0.266341 0.236169 -0.305446 -0.559494 -0.57236 0.0521297 -0.620672 -0.0248536 -0.160266 -0.199752 -0.431906 0.0194753 -0.420765 0.403738
0.122437 -0.0458566 -0.171602 -0.12925 0.349632 -0.184796 0.0448849 -0.0922919 -0.0329734 0.0566425 0.223867 0.683358 0.208252 -0.119774 0.128101 0.181318 0.00919191 -0.132285 -0.147654 -0.170585 -0.167058 -0.184114 -0.297794 -0.23578 0.0600199 -0.816789 -0.245086 0.52724 0.0877028 -0.0876523 -0.21484 -0.630817 -0.300888 -0.0856178 -0.369329 0
0.758485 -0.194086 -0.177433 -0.0535429 -0.445745 0.136104 -0.345899 8.72635e-14 0.0325006 -0.198905 -0.391542 0.323809 -0.0378158 0.2483 -0.230091 0.207489 0.123434 -0.32797 -0.163314 -0.722145 -0.0952844 0.362653 -0.452193 -0.333175 -0.311903 0.131754 -0.982049 0.101328 -0.537873 -0.428073 -0.542746 -0.394459 -0.201544 -0.50381 -0.0755523 0.207543
0.396808 -0.163547 0.241146 -0.167762 0.241092 0.199783 -0.174027 -0.451394 -0.322394 -0.781124 0.261415 0.297609 -0.182779 -0.201261 0.0469026 0.289922 -0.280669 -0.600128 -0.536715 -0.757121 -0.240726 -0.561341 -0.786172 -0.496693 -0.272205 -0.346772 -0.166709 -0.0766343 -0.435383 -0.277106 -0.672711 -0.856059 -0.342238 -0.521637 -0.539759 -0.0461642
0.506112 -0.535942 0.0699357 -0.18693 -0.185246 0.384811 0.0862894 -0.200064 0.0710361 0.0534476 0.00709599 -0.0219015 -0.30551 0.147813 0.142119 0.0636258 -0.306434 -0.241901 -0.677782 -0.366314 -0.181382 -0.913222 -0.714609 -0.301959 0.0632887 -0.12591 0.269419 -0.564166 0.043534 -0.4 -0.491055 -0.577798 -0.218647 -1.29825 -0.607509 -0.222199
0.663865 -0.253503 -0.265157 0.0969155 0.190465 0.184199 0.0675146 -0.174226 0.109484 -0.508826 0.522326 -0.109677 0.283604 0.128302 -0.0983991 -0.582165 -0.0757183 -0.228493 4.78506e-13 -0.4 -0.4 -0.998927 -0.33466 -0.611397 0.262159 -0.250416 0 0.501894 0 -0.426057 -0.588831 0 0.36875 0.0505733 -0.540349 0.286945
0.550992 -0.196546 0.430182 0.22117 0.126093 -0.0980116 0.25999 -0.0267749 -0.222562 5.99685e-09 -0.156664 0.18475 0.0531485 0.0097053 -0.131443 -0.0363112 -0.114334 -0.298198 -0.284066 -0.315794 -0.303707 -0.323517 -0.284441 -0.252794 -0.291324 -0.371813 -0.00498407 -0.54134 0.295842 -0.919591 -0.271319 0.25554 0 0.196131 -0.23813 0.453162
0.515198 -0.26316 0.0502444 -0.116292 -0.524119 0.1348 -0.29438 -0.296574 -0.504204 0.611767 0.0101869 0.0132806 -0.144894 -0.12082 0.101521 -0.661167 -0.445348 -0.4 -0.234934 -0.731718 -0.448906 -0.516791 -0.245361 -0.775946 -0.557928 -0.5 -0.343382 -0.603239 -0.354066 0.0315521 -0.2951 -0.257141 -0.126 -0.502666 -0.4 0.304811
0.424603 -0.262807 0.197205 0.159601 0.191405 0.289737 0.336416 -0.0664113 -0.436071 -0.139129 1.68922 0.18188 0.216516 -0.172465 -0.0739645 -0.116558 -0.292268 -0.682045 -0.362538 -0.395337 -0.241495 -0.716996 -0.719229 -0.4 -0.298022 0.0675763 -0.173811 -0.743437 -0.454469 -0.229295 -0.575813 -0.443955 -0.32812 -0.338652 -0.704176 -0.0503467
0.293668 -0.371884 -0.091552 0.146176 0.256166 -0.971468 -0.665346 -0.393545 -0.374002 -0.470879 -0.446846 -0.201704 -0.193287 0.0337271 0.465474 -0.226592 -0.571064 -0.196713 -0.123379 0.0917688 -0.0941155 -0.474277 -0.31459 -0.416242 -0.21048 0.0335193 -0.113148 -0.462085 -0.277405 -0.4 -0.232161 -0.667458 -0.364279 -1.16062 -0.0908721 -0.352701
0.310536 -0.319434 1.44581 -0.398976 -0.291763 0.0365497 -0.576568 -0.645386 0.237794 0.310398 0.0450575 0.0412427 0.106828 0.0581275 0.43945 0.252266 0.00971101 -0.269758 -0.219209 2.85405e-11 0.170975 -0.171301 -0.440204 0.163943 0.059211 -0.0417427 -0.45952 -0.248224 -0.674041 -0.132622 -0.535639 -0.570495 -0.463476 -0.607553 -0.140844 0.53893
-0.260832 -0.707475 -0.125047 -0.198095 -0.471552 -0.566405 -0.106531 -0.429487 2.16965 -0.948621 -0.280922 -0.272183 5.57332e-14 -0.4 -0.183459 -0.292194 -0.171878 -0.292233 -0.693557 -0.349498 -0.376377 -0.796137 -0.922123 -0.62313 0.453746 -0.4 -0.104159 -0.609391 -0.425841 -0.493495 -0.643104 -0.517678 -0.722734 -0.632828 -0.195303 0.087547
0.655224 -0.157566 0.351468 0.125617 -0.227277 3.36472e-09 -0.635865 0.937079 -0.153825 -0.244933 2.05702e-12 0.0212855 -0.320431 -0.137321 -0.675244 -0.240997 -0.148275 0.0505154 -0.470454 -0.204862 -0.24093 -0.912989 -0.598456 -0.387323 0.0673208 -0.165096 -0.394969 4.28502e-12 -0.363396 -0.0820306 -0.356429 -0.168871 -2 -0.207996 -0.091814 1.11017
-0.519956 0.185297 -0.230478 0.354309 -0.322895 0.156854 -0.0579099 -0.48791 -0.4839 -0.562689 -0.424169 -0.672947 0.0520382 -0.0843499 0.00761942 -0.144477 -0.196768 -0.210133 -0.500571 -1.05786 -0.250024 -0.15704 -0.528565 -0.326325 -0.288555 -0.879873 -0.324535 -0.194623 -0.670901 0.0901605 -0.472335 -0.966931 -0.367805 -0.588925 -0.0967102 -0.885689
0.0995824 0.461995 -0.143187 -0.060732 0.286538 0.0885965 -0.356162 -0.189355 0.850225 -0.463676 -0.398701 -0.726396 0.21511 0.170977 4.06342e-14 -0.499041 -0.0487213 0.0550105 -0.478422 -0.322127 0 -0.206087 -0.711928 -0.47153 -0.652218 -0.361416 -0.1609 -0.463455 -0.516628 -0.527017 -0.563965 -0.696789 -0.28476 -0.237728 -0.517112 0.0892448
-0.00799156 -0.254471 0.0660932 -0.0773086 -0.137652 0.207408 0.626738 0.154735 -0.512767 0.579404 -0.292953 -0.176987 0.214311 -0.331604 -0.459658 -0.0916934 -0.127714 -0.4 -0.264267 -0.941538 -0.0885794 -0.34978 -0.583756 -0.524303 -0.276279 -0.187345 -0.592773 -0.305354 -0.205721 -0.290835 -1.6 -0.617967 -0.649061 -0.638572 -0.611683 -0.137349
0.273588 0.206656 0.15872 -0.327197 0.165802 -0.18831 0.436394 0.0425341 -0.456486 -0.246756 -0.273063 0.0348798 0.473302 0.13198 3.56193e-12 -0.212311 -0.214878 -0.26293 -0.280949 -0.375106 -0.137202 -0.4 -0.961426 -0.355672 -0.362976 -0.182356 -0.305676 -0.358081 -0.4 -0.421056 -0.634062 -0.564956 -0.307085 -0.465051 -0.387231 0.168141
0.46397 -0.254862 0.153885 0.111041 1.16174 0.561563 0.352163 0.157567 0.992931 -0.38254 -0.80838 -0.372239 -0.207327 0.0120364 -0.471936 -0.178287 0.270281 -0.751721 -0.485667 -0.377374 2.71783e-13 -0.175807 -0.48537 -0.397054 0.0690086 -0.51398 -0.75346 -0.714114 -0.534486 -0.823476 -0.604104 -0.4 -0.648139 -0.8 -0.330019 -1.2
0.370196 -0.165681 0.0869939 -0.0320062 0.179572 0.148229 0.15916 0.247682 0.235827 0.122261 -0.62902 -0.352847 0.25138 0.193223 0.210338 0.0272443 -0.321249 -0.120626 -0.256258 -0.345891 -0.166066 -0.122099 -0.275739 -0.487602 -0.529109 -0.563234 -0.1227 -0.357229 -1.1439 -0.597696 -0.275607 -0.481662 -0.630428 -1.02958 -0.625196 -0.512969
-3.03684 -3.21811 -2.92704 -3.26326 -3.40789 -2.90849 0.00557806 -0.147724 -0.293306 -0.317559 -0.297208 -0.0991706 0.165159 0.315029 -0.422189 0.0708969 -0.0763418 -0.208273 -0.587491 -0.154073 -0.624165 -0.261581 -0.688133 -0.382184 -0.276744 -0.483803 -0.265573 -0.359182 -0.237246 0.100112 -0.608026 -0.752987 -0.413821 -0.270142 -0.864587 -0.035969
-2.84489 -3.19521 -3.12745 -2.90535 -2.6186 -3.45881 0.111751 -0.220947 -0.398862 -0.271563 -0.765786 0.924276 2.75195e-11 0.0684333 4.43423e-13 2.11831e-13 0.117018 0.0368224 -0.309243 0.0322024 -0.269233 -0.172473 -0.59949 -0.498519 -0.412118 -0.235207 -0.195676 -0.0856809 -0.253663 -0.088536 -0.577523 -0.698287 -0.308573 -0.246619 -0.798476 0.0958675
0.214584 0.107071 -0.0385786 0.146924 0.482933 -0.193368 -0.0998385 -0.132262 -0.46666 0.135755 0.929171 -0.333102 -0.24198 0.0472187 8.06466e-10 0.249452 0.0488478 -0.343261 -0.728024 0.235048 0.375824 -0.482989 -0.612331 -0.936147 -0.038566 -0.264082 -0.154421 -0.181574 0.268324 0.228697 -0.541305 -0.149679 -0.0364027 -0.0652114 -0.080142 0.109183
0.089712 -0.431458 0.224557 0.196832 0.18013 0.325273 -0.113881 0.196324 -0.0298988 -0.569585 0.345099 -0.0488103 0.0705886 -0.0907185 -0.313168 0.0685405 -0.332131 -0.249812 0.0500139 -0.123604 0.0132784 -1.33132 -0.968746 -0.448964 -0.129874 -0.14043 0.309938 0.111687 -0.0267477 0.207831 -0.53523 -0.134182 -0.384395 -0.0945802 -0.341805 -0.206679
0.618956 -0.389713 0.270753 0.5343 -0.17517 0.635565 0.50831 0.0146915 0.0122826 -0.493577 -0.564502 0.0368041 -0.244786 0.474068 -0.272713 -0.0831975 -0.10815 -0.0729737 -0.183357 -0.244041 -0.128359 -0.818797 -0.347922 -0.288708 -0.428625 -0.38338 -0.0152875 -0.19606 0.059957 0.212745 -0.193884 0.0568667 0.000399984 -0.319028 -0.421402 0.27105
0.559264 0.125218 0.390301 0.591355 0.419431 0.090565 0.373916 -0.298409 -0.308167 -0.0486707 0.406555 1.81786 0.602957 0.215808 -0.0942615 0.20276 1.11022e-16 -0.482076 -0.51684 -0.104764 0.274219 0.220835 -0.451887 -0.283957 -0.178992 -0.256698 -0.362141 -0.319401 -0.0186553 -0.0288777 0.128255 -0.0688952 -0.633641 -0.543721 0.10468 0.384555
0.109561 -0.121177 0.410364 -0.0435855 -0.0328975 -0.398034 -0.177292 0.135238 -0.0802528 0.0759261 0.20046 1.31606 0.0274671 -0.122792 0.19029 -0.507646 0.00909584 -0.314873 -0.63316 -0.0725933 -0.181477 -0.424466 0.081232 0.0299224 0.0950178 -0.244968 0.11372 -0.0173984 0.217493 0.176826 -0.145711 -0.147883 0.0212376 -0.638127 0.065691 0.0514062
0.546212 0.725356 -0.0182039 0.221589 -0.132974 -0.0177696 -0.4467 0.370795 -0.138897 -0.311783 -0.0463778 0.0355314 0.259102 -0.199806 -0.157633 0.0155047 -0.115125 -0.374332 -0.14142 -0.128457 -0.114153 -0.203917 -0.390455 -0.198132 -0.0772766 -0.283126 -0.177781 0.0325533 0.0992612 -0.0237277 -0.606096 -0.426756 -0.160431 -0.124876 -0.112347 0.0319103
0.637425 -0.165902 0.196445 0.153561 0.443864 0.135534 -0.172778 -0.047218 -0.250055 -0.527696 -0.473163 -0.483239 -0.208412 -0.125811 0.451368 -0.256271 -0.328528 -0.593351 -0.203063 -0.251654 -0.124103 -0.189784 -0.210375 -0.439933 0.000855887 -0.0931403 -0.281476 0.490518 -0.736025 -0.0768007 0.0308366 -0.330446 0.140673 -0.0994111 -0.445342 0.3021
0.783634 0.0882324 0.0994445 0.348165 0.290198 0.14093 -0.0209399 -0.377514 -0.515988 -0.156314 -0.077054 -0.216346 0.0600303 -0.597186 0.148659 -0.337929 -0.129063 -0.133046 -0.267593 -0.382921 -0.305999 -0.308646 -0.314048 -0.210987 -0.324665 -0.33896 -0.369428 -0.172607 0.0288894 -0.171939 -0.198158 0.00889838 0.170789 0.108975 -0.134843 0.296005
-0.173528 -0.680236 0.204014 -0.148937 0.18222 -0.10808 -0.246385 7.26375e-12 -0.108671 -0.170723 -0.28981 -0.858337 0.226799 0.408929 -0.128712 -0.161808 -0.0459344 -0.251153 -0.348743 -0.610907 0.0963225 -0.0735627 -0.346638 -0.176602 0.0135093 -0.104421 0.141591 0.257761 0.000871048 -0.0883195 0.0353138 0.0259393 -0.205857 -0.283819 0.00603736 -0.0423168
-0.166364 -0.474162 0.447936 0.438714 0.557659 -0.0914515 0.695082 0.155167 -0.277115 -0.258681 -0.441083 -0.130536 0.541736 0.293724 -0.266615 0.206161 0.0854394 0.0446231 -0.370848 -0.318021 -0.106149 0.26551 -0.164899 -0.545101 0.31499 -0.304982 0.167854 0.214489 0.0440537 0.201233 -0.274509 -0.0113005 -0.516834 -0.483101 -0.0237993 0.448701
0.801539 0.121474 0.573063 0.538752 0.247179 0.237218 1.36311 1.02927 0.28908 -0.0672533 -0.430364 -0.4 0.506775 -0.0664677 11.6398 -0.4 -0.357393 0.0908041 -0.242911 -0.853666 0.0658596 0.102332 -0.473479 -0.589785 -0.196235 0.516944 -0.227003 0.0534735 -0.117745 0.209443 -0.31075 0.344818 0.231702 0.125826 0.0341197 0.298771
1.19463 -0.243701 0.544388 0.185214 0.407169 0.423582 1.36018 -0.412061 0.040505 -0.0236005 -0.293251 -0.601827 0.178944 0.239299 0.0141069 -0.210252 0.134205 -0.517756 -0.45764 -0.342421 0.243023 -0.148946 -0.201512 0.0571374 -0.0157876 -0.451156 -0.070115 -0.476072 0.00147523 0.0778366 0.0180837 0.0423748 0.219199 6.53033e-13 -0.0252595 0.623716
0.737522 -0.0603562 0.69033 0.309545 0.322467 0.637873 -0.0621974 0.484709 -0.333279 -0.698277 -0.0187331 -0.126592 5.58894e-10 0.309795 -0.4 0.0118352 -0.347771 -0.557691 -0.256414 -0.366627 0.0595387 -0.38111 -0.375439 -0.261774 -0.153474 -0.0567345 -0.305122 0.362389 -0.561738 0.0729486 -0.654949 2.68383e-11 -0.307643 -0.10449 -0.131487 0.72667
1.00727 -0.49595 0.201481 0.72223 0.386338 0.556514 0.370589 0.386724 -0.0579467 -0.255429 -0.0755416 -0.391124 -0.176808 0.00237427 -0.110671 0.0682652 0.263609 0.0315249 -0.0813724 -0.292006 0.25764 -0.245369 -0.452224 -0.246194 -0.0945489 0.209063 0.0390674 0.149473 0.141149 0.0925765 0.141827 0.129271 -0.205696 -0.218588 -0.119559 0.491601
0.779825 0.602563 0.303531 0.462432 0.0238267 0.525949 -0.471127 0 0.473263 -0.153132 -0.0668716 -0.0765383 0.23353 0.0767763 -0.17892 -0.371499 -0.131311 5.27578e-13 -0.111251 -0.473659 0.127095 -0.291469 -0.235238 -0.212972 0.211564 -0.106973 -0.0450506 -0.22101 0.0674077 0.00545673 0.141381 -0.0656891 0.0982784 0.413192 0.180572 0.221381
0.577689 0.253138 0.831822 1.16299 0.62821 0.746899 1.84844 0 0.377823 -0.0818244 -0.160148 -0.121377 0.268811 0.683683 0.227122 0.156879 0.12743 1.87561e-11 0.0400225 0.229583 -0.0528545 0.0531104 -0.206135 -0.300556 0.561863 0.0657093 0.0758667 0.473728 0.192799 0.337065 0.335272 0.129472 0.316095 0.54984 0.203848 0.860709
1.14178 0.261873 0.534122 0.0956171 -0.0443186 0.304106 0.394809 0.512221 0.33918 0.058231 -0.197738 0.0634302 0.133256 -0.333821 0.252666 0.0772179 0.164234 -0.137171 0.172427 0.000633982 -0.0934941 -0.142131 -0.0823437 -0.216983 0.46864 0.281986 0.556902 0.501852 0.428696 0.511419 0.341901 0.328176 0.223116 0.239878 0.343963 0.846872
0.944483 0.7439 0.967093 0.413568 0.697202 0.00357135 0.353922 0.0660281 0.530797 0.107812 -0.189764 5.88418e-15 0.161651 0.326003 0.0193887 0.590899 0.0118497 0.0518324 0.0771096 0.132971 -0.236166 -0.253951 -0.350212 0.0828224 0.197012 0.352892 0.460152 0.636341 0.212186 0.0990508 0.342302 0.589635 0.64102 0.664218 0.54734 1.78749
0.851064 0.8 0.893557 0.702247 0.48263 0.159473 0.588277 -0.0749826 0.265536 0.0815348 0.0359285 0.0856672 -0.151858 0.278855 0.482086 0.0360679 -0.154262 -0.285007 0.442417 -0.229123 -0.0430788 -0.0929139 0.139173 -0.0364224 0.575137 -0.171326 -0.253209 0.321474 0.224847 0.32369 0.00802157 0.313149 0.491648 0.396336 0.383267 1.45506
0.468805 0.793807 1.0011 1.29544 0.799613 0.667142 0.194128 0.466621 0.275644 0.0152868 0.254742 0.386382 1.00741 0.278878 0.0718939 0.543964 0.125131 -0.27717 0.387583 0.46445 -0.0385276 -0.30774 0.128736 0.0814562 0.42799 0.304239 0.589689 0.519291 0.548392 0.267937 0.216537 0.579016 0.329357 0.206582 0.283241 1.74168
0.992769 2.0288 2.09906 2.02762 0.685562 0.45284 0.263283 0.58801 0.223808 0.358109 0.264159 -0.569482 0.428863 0.328777 0.335703 0.4 0.290389 0.16835 0.42308 0.328702 0.149151 0.4 0.184057 -0.0118761 0.369337 0.464747 0.36502 0.28163 0.115037 0.291072 0.634384 0.4 0.68126 0.478299 1.06465 2.41306
1.92551 1.6449 2.18042 2.16992 1.3363 0.725067 0.855616 0.467474 0.658617 0.452044 0.4 0.623874 0.677467 0.479119 0.688878 0.694845 0.375082 0.249522 0.455081 0.478586 0.416706 0.410573 0.439898 0.459815 0.758681 0.805628 0.544963 0.930135 0.611787 0.794372 0.776825 0.842783 1.09661 0.908898 1.03723 2.05421
1.12656 1.06023 1.82623 1.53167 0.934543 0.8 0.491933 0.622308 0.401882 0.583978 0.225798 0.397398 0.8 0.679353 0.730055 0.706634 0.367181 0.199156 0.699613 0.4 0.741112 0.241858 1.09195 0.307283 1.05281 0.880255 0.979945 1.08418 0.447191 0.515061 1.02768 0.533317 0.892172 0.728058 1.29331 2.25183
1.40595 1.7994 2.42853 1.84934 1.17406 0.742456 0.917218 0.900337 0.847811 0.651083 0.873892 0.748887 0.965623 1.22674 1.10985 0.981599 0.750117 0.511681 0.823189 0.763205 0.88794 0.5919 0.989706 0.840218 0.926882 1.02324 1.02774 0.949743 0.967699 0.818717 0.845269 0.839373 1.49592 0.900773 0.142439 3.50378
1.26993 1.78164 1.45437 1.67586 0.868955 1.08092 0.524249 0.970774 0.40448 0.627337 0.586865 0.427495 0.505127 0 0.517074 0.8 0.562102 0.4 0.71244 0.538979 0.0877577 0.573818 0.333434 0.330847 0.719083 0.863039 0.530408 0.731764 0.458359 0.8 0.617546 0.606623 1.06806 1.01126 0.598213 1.90463
1.8433 0 1.64807 1.5422 1.39029 1.4629 1.48326 1.2 1.12582 1.11606 0.8 0.925235 1.38664 1.0747 0.828167 0.892642 1.04033 1.00256 0.799589 1.2 0.86395 0.8 0.4 0.66054 1.14937 1.00757 1.14315 1.23355 1.10898 1.20825 0.969593 1.20453 1.34532 1.69802 1.14664 1.20466
2.03847 1.58797 1.30732 0.8 1.09993 0.80068 0.970562 1.2 0.863388 0.710846 0.607447 0.936816 0.8 0.949451 1.11932 1.2 0.891818 0.891792 0.519294 0.8 0.898489 0.911874 0.818775 1.2 1.25966 1.49699 1.39849 1.2 0.802966 1.47676 1.07187 0.965513 1.25597 0.827357 1.0326 1.55324
2.16951 1.68388 2 1.78159 2.00106 2.05018 1.54587 1.75884 2 1.38353 2 1.85096 2.4 1.2 2.06934 2.4 1.96415 1.50964 2.61944 1.41665 1.35501 1.6 1.79234 1.89461 1.8051 1.30563 1.66247 2.15149 1.88583 2.21602 1.73442 1.68034 2.4 1.96759 1.79294 2.11613
