36 0 36 72 0 72
1.93886 2 2.09876 2 1.73501 1.81898 2 2 1.48404 1.91588 1.80714 2 1.84535 1.87245 2 1.73818 2.06177 1.6 1.88191 1.62293 1.55498 1.52064 1.50289 1.2 1.54787 1.66588 1.74407 1.90267 1.27793 1.6 1.45847 2.08789 2.12039 2.1101 2.43275 3.01889
1.36632 1.29622 1.34819 1.17967 1.24517 1.26128 1.19448 1.10949 0.847196 1.34571 0.686344 1.04559 0.712187 1.14533 0.994225 0.992184 1.10383 0.8 1.62112 0.703029 0.0946224 0.442088 0.276166 1.02553 1.32156 0.880218 0.8 0.899065 0.810132 1.2 0.902007 1.04368 1.32952 1.2 1.03364 1.93463
1.45944 1.18993 1.12 1.18117 1.11323 0.946294 1.11706 0.906119 1.0147 0.95544 0.879862 0.822811 0.63018 0.98893 1.0434 1.2 1.2 0.567904 0.58615 0.824892 0.417965 0.809457 0.638228 0.8 0.925214 0.8 0.531467 0.824955 0.842756 0.8 0.996743 1.04793 1.2 1.05746 1.54694 2.34031
1.01689 0.942348 1.31579 0.933398 0.727698 0.682893 0.810788 0.879591 0.589543 0.470781 0.4 0.414909 0.599949 0.686921 0.589828 0.4 0.549351 0.267239 0.498831 0.507386 0.0703587 0.429429 0.422387 0.74621 0.518087 0.258349 0.500522 0.575022 0.636198 0.614047 0.758329 0.823727 0.653223 0.915966 1.12977 1.92049
1.39844 0.841772 0.979715 0.583236 1.051 0.7277 0.715025 0.738265 0.898176 0.740829 0.830876 0.895478 0.768122 0.639699 0.672385 0.681554 0.616778 0.671012 0.414958 0.811148 0.919245 0.560912 0.582978 0.444062 0.868195 0.571469 0.721094 0.255604 0.725809 0.752732 0.885275 0.841066 0.712227 1.20594 1.01234 1.6051
1.10521 0.737605 0.623614 0.655009 0.270433 0.368762 0.4 0.544199 0.340489 0.451408 0.301998 0.87626 0.934498 0.573408 0.29361 0.71387 0.226627 -0.14957 0.230078 1.01135 0.201407 0.145042 0.170922 0.761533 0.434015 0.00202588 0.532877 0.483056 0.417803 0.828779 0.286505 0.766123 0.645576 0.772421 1.01737 2.03729
0.876963 0.8 1.04685 1.00226 0.470301 0.516056 0.4 0.359518 0.272302 0.198967 0.228273 0.0617199 0.415513 0.62006 1.85388 0.164013 0.871091 0.517555 0.109715 0.0725569 -0.0894116 0.252497 0.0498266 0.321206 0.477093 0.171986 0.732217 0.64344 0.29323 0.4 0.370332 0.853545 0.647004 0.8911 0.757929 1.79475
0.609602 0.500405 0.793628 0.574824 0.249739 0.4 0.265884 0.20866 0.059248 -0.185779 0.28012 -0.229987 0.213979 0.0589586 0.229503 -0.0533882 0.179045 -0.196274 0.303226 0.486053 0.242817 -0.195697 -1.05577 0.40824 -0.0370743 -0.0843434 0.134472 0.187161 0.376554 0.257025 0.420905 0.400003 0.0163585 0.547687 -0.542545 2.69604
0.930097 0.152875 0.53178 0.233116 0.360263 0.40782 0.0980076 0.261844 0.305211 -0.313726 0.108888 2.79265e-12 0.852201 0.18726 0.262658 -0.159865 -0.0597275 -0.200323 0.23499 0.0558354 -0.286836 -0.4 0.312482 0.260355 0.047742 -0.17801 0.145135 -0.076973 0.243976 0.372218 -0.136985 0 19.2 0 19.7391 -2.8
0.776596 0.583608 0.600527 -0.02072 -0.0203036 0.267347 -0.429543 0.101145 -0.0557506 -0.214391 -0.4 -0.17024 0.211596 -0.268656 0.057888 0.446461 0.149672 -0.0265722 -0.246273 -0.196096 -0.124515 -0.360095 0.230093 0.176498 -0.290025 -0.139341 -0.282103 -0.4 0.207622 0.396065 -1.83086 19.2015 9.6 17.7206 -5.6 -3.29415
0.555417 0.695774 0.34267 0.302331 0.346404 0.0187715 0.141763 -0.288541 -0.077306 0.189802 0.43525 0.537662 0.159446 0.152034 0.235124 -0.0260787 0.415918 -0.0359231 0.01817 -0.110585 0.493966 0.056409 0.225051 -0.109134 -0.190649 0.0286494 -0.107335 0.00619405 -0.546083 0.405549 1.02434 1.20089 2.95329 2.64501 -2.62683 4.19135
0.940317 0.254253 0.485567 0.530127 0.180007 0.337449 -0.147703 0.241827 0.0749474 -0.0631231 -0.295045 -0.0791455 0.46528 -0.0768949 -0.0895071 0.511291 0.336313 0.03558 0.202544 0.342259 -0.476997 0.400072 -0.308378 0.506568 0.0408574 -0.4 0.171289 -0.210318 0.177904 0.107125 0.232209 0.448035 0.23892 0.439883 1.08463 1.84691
0.556226 0.42163 0.150127 0.559503 -0.0395827 -0.0838583 -0.0919487 -0.076532 -0.292301 -0.355909 -0.074085 -0.408366 1.29801 0.980864 0.882892 0.430948 0.713165 1.28861 1.3223 1.44233 1.09776 0.727217 0.696722 -0.743557 -0.174102 0.209908 -0.360348 -0.237979 -0.501116 -0.0540461 -0.0338637 -0.0959213 -1.90397 -18.0003 -0.465828 1.34205
0.153486 -0.0332784 0.0257963 -0.0178496 1.41839e-11 -0.0163568 -0.0275138 -0.112425 -0.268744 -0.197958 -0.455323 -0.194232 1.19908 1.38192 0.967875 0.128972 0.545696 0.516311 1.38491 1.2215 0.548704 0.633194 0.554943 0.254969 -0.0886987 -0.435303 -0.101325 -0.450159 -0.572653 -0.414124 -0.217809 -0.640386 18 1.29587 -0.342133 1.52781
0.680504 0.257854 0.166491 0.208785 -0.446169 -0.135538 -0.0821151 -0.0849397 -0.165028 -0.451504 -0.59854 -0.287495 0.664027 0.362161 0.590116 0.632486 0.685124 1.15198 0.680001 0.466754 0.48172 1.27026 -1.04722 -0.276234 -0.267263 -0.251865 -1.0271 -0.590677 -0.563623 -0.445185 -0.471273 0.682154 -0.406713 -1.25963 -0.0521533 0.958671
0.899532 -0.107235 0.692059 -0.0247066 -0.156551 -0.137011 -0.647033 -0.102987 -0.095382 -0.482505 -0.680016 -0.570975 1.09404 0.784943 0.413057 0.586824 0.726506 0.661801 0.835601 0.645826 1.00879 1.22645 -1.09197 -1.04372 -0.519845 -0.0434573 -0.449155 -0.499209 -0.176788 -0.413599 -0.401557 -0.105988 0.303081 0.232856 -0.0316108 0.927542
0.274917 -0.0789335 0.213883 0.185441 -0.139961 -0.4 -0.107922 -0.145093 -0.244425 -0.434244 -0.673795 -0.616912 1.30303 1.47316 1.08174 1.13203 1.05744 0.894675 1.02375 0.864225 0.804102 1.48713 0.710914 1.13658 -0.655171 -0.550025 -0.356348 -0.587942 -0.763574 -0.761703 -0.503433 -0.384637 -0.393812 -0.641261 -0.179839 0.468908
0.101233 -0.265488 0.130192 0.303461 -0.317099 -1.0278 -0.346424 -0.297437 -0.534834 -0.450147 -0.856062 -0.479223 0.582383 0.706672 0.843593 1.03013 0.793386 0.761357 1.09153 1.23422 1.14292 0.917023 0.990276 1.42885 -0.477445 -0.578633 -0.489639 -0.348087 -0.384242 -0.323764 -0.554819 -0.42043 -0.446228 -0.529368 -0.330774 0.23906
0.558032 0.0986226 -0.321169 -0.109148 -0.383078 -0.164571 -0.588947 -0.240917 -0.279797 -0.4 -0.698257 -0.616643 -0.102912 -0.39832 0.201984 -0.823077 -0.671461 -0.728776 -0.668596 -0.4 -0.785442 -0.714223 -0.525145 -0.962821 -0.598426 -0.597084 -0.433761 -0.34333 -0.590887 -0.647679 -0.44596 -0.129251 -0.483037 -0.259629 -0.327109 0.287592
0.172382 -0.0779572 -0.217592 0.0205759 -0.359148 -0.734935 -0.242768 -0.121131 -0.41772 -0.150933 -0.643678 -0.38236 0.183201 -0.0601565 -0.0444842 -0.142967 -0.587698 -0.628521 -0.4 -0.913171 -1.02107 -0.855403 -0.533728 -0.70011 -0.308871 -1.6 -0.463778 -0.751793 -0.791668 -0.457611 -0.794579 -0.40868 -0.0284164 -0.302007 -0.653073 0.233789
0.253974 -0.197196 -0.109636 -0.188274 -0.574932 -0.268074 -0.164521 -0.295194 -0.63023 -0.346638 -0.423632 -0.679283 0.729843 0.850788 0.984159 0.899067 0.755759 0.629747 0.0995184 0.883709 0.773838 0.313082 0.729254 1.04881 -0.324857 -0.56482 -0.32712 0.0199847 -0.850136 -0.344073 -0.274714 -0.427658 -0.321854 -0.6211 -0.353074 0.635798
-0.0626077 -0.176421 -0.275465 0.198356 -0.307806 -0.321513 -0.355503 -0.241034 -0.623604 -0.848888 -0.879147 -0.163433 0.873887 0.629986 1.15735 1.16314 0.751446 0.842687 0.717331 0.685579 0.224529 0.530733 0.650438 1.10346 -0.923334 -0.20382 -0.380329 -0.479579 -0.314065 -0.580479 -0.698572 -0.349922 -0.0436788 -0.469825 -0.318459 0.516467
0.538918 -0.125754 -0.0748442 -0.481745 -0.577441 -0.544146 -0.806197 -0.493673 -0.4 -0.4 -0.4 -0.178201 1.25255 1.08812 0.529923 0.918532 0.804877 0.867091 0.880452 0.803374 1.23984 1.08189 0.27604 0.266833 -0.4 -0.523763 -0.340423 -0.338078 -0.575671 -0.301748 -0.742681 -0.633857 -0.791591 -0.461127 -0.719654 0.388961
0.342029 -0.624576 -0.649166 -0.502806 -0.433736 -0.770329 -0.565548 -0.3576 -0.478722 -0.460019 -0.49315 -0.21027 1.26073 1.73943 1.30184 0.887331 1.26158 0.709863 -0.764393 0.952213 1.33181 0.89322 0.16227 0.448433 -0.49041 -0.395239 -0.247934 0.0754291 -1.0774 0.495178 -0.857562 0.177877 -0.052267 -0.603891 -0.0424419 0.524726
0.489235 -0.370164 0.377957 -0.293089 -0.532781 -0.188049 -0.696366 -0.174181 -0.568477 -0.395645 -0.539646 -0.4 0.0191883 0.0912782 -0.068248 -0.516373 -0.59951 -0.291061 -0.386036 -0.69668 -0.4 -1.02194 -0.41969 -0.777194 -0.125852 0.555292 -0.487623 -0.325056 -0.505625 -0.361349 -0.4 -0.537292 0.0074264 0.157159 -0.201795 0.741012
-0.0553294 -0.122932 -0.121613 -0.0083925 -0.715403 -0.150996 -0.434057 -0.232495 -0.230277 -0.544287 -0.698493 -0.598931 -0.339364 0.0616705 -0.634747 -0.114533 -0.150063 -0.214227 -0.870674 -0.120309 -0.870467 -0.631891 -0.398461 -0.385493 0.133324 0.150584 -0.389762 -0.53109 -0.490017 -0.620974 -0.393045 -0.451193 0.0563738 -0.324288 -0.578177 0.326008
0.553445 -0.171221 -0.488067 -0.0543048 0.0550918 0.462568 -0.367269 -0.272521 -0.505929 -0.615338 -0.490834 -0.516631 -0.884668 -0.198193 -0.262882 -0.166592 0.606751 0.428207 -0.277072 -0.835108 -0.494569 -0.722475 -1.01432 -0.938888 -0.39707 -0.289959 0.156778 -0.557115 -0.718963 -0.781553 -0.201067 -0.684064 -0.237105 -0.466866 -0.270399 0.312255
0.534883 0.148155 -0.491295 0.0612134 -0.464339 -0.122574 -0.56677 -0.859724 -0.298676 -0.428443 -0.438681 -0.485566 -0.277922 -0.590562 -0.251312 -0.849545 0.40852 0.000933756 -0.0600715 -0.664097 -0.909187 -0.47578 -1.24512 -0.490651 -0.287434 -0.0671222 -0.454397 -0.228816 -0.6515 -0.0273421 -0.520505 -0.565328 -0.4 -0.553225 -0.321584 0.730978
0.260974 -0.551044 -0.148081 0.0819857 -0.35685 -0.675633 -0.0338399 -0.672018 -0.376215 -0.629633 -0.366857 -0.743546 -0.151477 -0.288612 -0.0614189 0.0362255 0.15482 0.225532 -0.227559 -0.430005 -0.442453 -0.854826 -0.643909 -0.665988 -0.551206 -0.590966 -0.773097 -0.458573 -0.545617 -0.560633 -0.258425 -1.10971 -0.713072 -0.858455 -0.663614 0.169689
0.362735 -0.543157 -0.243633 -1.15088 -0.54985 -0.405332 -0.85733 -0.469759 -0.458914 -0.378774 -0.557283 -0.905352 -0.1623 -0.203719 -0.0934791 0.343719 0.344958 0.255215 -0.255735 -0.541974 -0.268175 -0.661706 -0.704803 -0.293339 -0.507797 -0.180998 -0.441865 -0.58338 -0.438226 -0.767215 -0.760028 -0.291981 -0.694168 -0.644859 -0.59754 0.396257
0.215925 -0.19056 -0.208447 -0.0880704 -0.545407 -0.0168386 -0.7999 -0.310441 -0.249046 -0.527599 -0.355484 -0.380173 -0.0439173 -0.195338 -0.240942 -0.880324 0.856323 -0.80744 0.0621368 -0.359805 -0.486194 -0.325839 -0.927676 -0.748789 -0.134851 -0.611104 -0.531224 -0.925201 -0.323549 -0.924587 -0.797697 -0.534002 -0.720977 -0.58486 -0.680685 -0.137496
-0.278145 -0.380141 -0.0796462 0.0950193 -0.0835399 -0.277612 -0.514694 -0.24693 -0.239909 -0.611377 -0.509683 -0.584817 -0.309253 0.0726669 -0.530117 0.241041 0.8 0.676652 -0.493563 -0.287509 -0.726151 -0.547143 -0.642546 -0.540296 -0.0353924 -0.680824 -0.554489 -0.489698 -0.762791 -0.640489 -0.628243 -0.40507 -0.937036 -1.05568 -0.472102 0.442699
0.1108 -0.289245 -0.364014 -0.344991 -0.192175 -0.778156 -0.596051 -0.509837 -0.138553 -0.228901 -0.248141 -0.4 -3.30833e-12 0.197133 -0.256935 -1.01989e-11 0.0991927 -5.98475e-09 -0.95374 0.4 -0.6104 -0.70783 -1.13083 -0.713958 -0.33585 -0.458514 -0.128128 -0.205853 -0.750597 -0.88896 -0.399317 -0.326242 -0.563341 -0.50634 -0.480412 0.411171
0.319261 -0.0720184 -0.335729 -0.43188 -0.299243 -0.23575 -0.35347 -0.726547 -0.602115 -0.220147 -0.447064 -0.361833 -1.36686 -0.1304 -2.25708e-07 -0.476398 -0.0363474 -0.4 -1.02188 -0.466036 -0.8 -0.876317 -0.975472 -1.01631 -0.290557 -0.414722 -0.31888 -0.71454 -0.512948 -0.550351 -0.457672 -0.125535 -0.650678 -0.376851 -0.530088 0.379938
-0.0719236 -1.0861 -0.513127 -0.768636 -0.572164 -0.374669 -0.595371 -0.651738 -0.308853 -0.248937 -0.566751 -0.667432 0.043765 -0.763976 -0.510276 -0.0968622 -0.591253 -0.441258 0.00874587 -0.489906 -0.688914 -0.852021 -0.409593 -0.67788 -0.593526 -1.04787 -0.394166 -0.559533 -0.74764 -0.297994 -1.16037 -0.753798 -0.546901 -1.01746 -0.996613 -0.321862
0.530927 -0.67198 -0.783513 -0.106488 -0.94486 -0.535597 -0.517163 -0.523453 -0.43892 -0.353773 -0.355418 -0.478251 0.0255414 -0.187903 -0.0148321 0.175561 -0.138705 -0.671377 -0.252174 0.150136 -0.680879 -0.721266 -0.475411 -0.156909 -0.477981 -0.55243 -0.835264 -0.113938 -0.495229 -0.988233 -0.0287299 -0.453274 -0.581435 -1.11033 -1.11356 -0.4
0.67568 -0.361548 -0.2149 -0.209375 -0.549245 -0.63754 -0.236579 -0.437833 -0.325982 -0.0144664 -0.437039 -0.33701 0.0203308 -0.297407 0.467845 0.320085 -0.271281 -0.570579 -0.0680153 -0.451736 -0.368451 -0.307846 -1.41584 -0.728401 -0.117329 -0.168704 -0.398849 -0.844127 -0.688567 -0.435995 -0.450629 -0.558806 -0.549254 -0.366642 -0.432096 0.776538
0.193801 -0.249563 -0.588444 -0.397252 -0.148608 -0.546793 -0.52865 -0.299341 -0.407713 -0.0469362 -0.587228 -0.345279 -0.573551 1.15867 -0.42219 -0.18789 -0.632226 -0.698111 -0.510359 -0.51021 -0.786525 -1.52698 -1.77173 -0.531135 -0.156551 -0.563281 -0.520303 -0.612917 -0.553617 -0.706037 -1.02853 -0.706555 -0.66751 -0.43052 -0.666029 0.192109
-0.334826 -0.110469 -0.716485 -0.532532 -0.339416 -0.0412165 -0.821246 -0.764847 -0.848917 -0.622149 -0.587313 -0.85499 1.06476 0.211867 0.246073 0.300306 0.484127 -0.840465 1.68499e-12 0.350464 0.223515 -1.2 0.486863 -0.074507 1.11428 -0.0580815 -0.207202 0.203608 0.261762 0.046056 -0.362478 -0.355201 -0.525067 -0.702748 -0.114411 0.290819
0.136454 -0.400972 -0.185495 -0.527798 0.116029 -0.643901 -0.644616 -0.374018 -0.559343 -0.594147 -0.623563 -0.522395 0.373498 0.0296466 1.02147 0.25377 0.596184 0.31331 -0.488765 0.533086 -0.8 0.0776439 -0.198725 0.346724 0 -0.156259 0.0536359 -0.0887785 -0.0723672 -0.124887 -0.362777 -0.216274 -0.327512 -0.623986 -0.141018 0.8747
0.253338 -0.470876 -0.319048 0.044348 -0.314396 -0.160767 -0.540175 -0.841314 -0.588209 -0.449797 -0.472499 -0.468156 1.2 -0.4 0.8 0.621135 -0.8 0.438359 0.248176 0.403714 -0.155167 0.505014 0.162198 -0.965198 0.882069 0.503617 0.507366 1.28006 0.163196 6.39769e-11 1.09338 0.62223 0.46373 0.4 0.877453 1.6
-0.10625 -0.114089 -0.199169 -0.0275602 0.128965 0.0149297 -0.525665 -0.289355 -0.277566 -0.638079 -0.757702 -0.121213 -0.4 0.8 0.8 0.8 -0.8 0.531616 0 0.576606 -0.805671 0.142435 0.470154 0.8 0.666857 0.141017 0.546073 0.745091 -0.169778 -0.134427 0.461905 0.509772 -0.052195 0.439107 0.497165 1.11296
-0.0427779 -0.806119 -0.613856 -0.311528 -0.365747 -0.165365 -1.01295 -0.52876 -0.472977 -0.793553 -0.677392 -0.842401 -0.142225 -0.264981 1.17649 -0.456814 -0.492577 -0.796165 -0.33099 -0.727328 -0.169161 -0.737303 -0.389406 -0.629025 0.213256 1.08837e-11 -0.0959804 1.70294 0.118182 -0.0723683 0.0809443 -0.0528839 -0.463016 -0.14641 0.182498 1.74807
0.380082 0.205026 -0.677768 -0.418104 -0.50132 -0.517206 -0.454533 -0.499257 -0.535218 -0.693221 -0.535185 -0.562429 -0.190682 -0.23579 -0.118105 -0.157549 -0.396287 -0.916509 -0.271738 -0.284845 -0.412204 -0.44479 -0.630792 -0.761492 0.163835 0.727714 0.444465 0.242086 0.703448 0.22569 0.239561 -0.0864407 -0.192075 0.0659226 0.327835 0.708965
1.00309 -0.102158 0.242951 0.323273 -1.6 -0.217621 -0.21884 0 -0.264437 -0.214044 -0.399585 -0.154658 -0.360083 -0.464298 -0.155638 -0.62129 -0.859691 -0.731487 -0.820316 -0.509565 -0.019305 -0.850676 -0.15608 -0.351645 -0.698931 -0.543496 0.0437332 -0.105311 -0.424514 -0.610743 -0.775316 -0.344752 -0.505452 -0.3798 -0.932467 -0.300589
0.98532 -0.0313164 0.431084 0.490353 -0.158222 -0.402253 -0.544403 0 -0.0480823 0.0539428 -0.57812 -0.10725 -0.236041 -0.385386 -0.357062 0.117181 -0.482678 -0.597322 -0.809252 -0.541053 -0.285952 -0.311911 -0.736372 0.113528 0.666715 -0.17588 -0.328692 0.00450245 -0.37003 -0.399451 -0.630287 -0.400707 -0.444801 -0.520155 -0.458059 -0.491538
0.0796746 -0.105556 0.159314 0.0691094 -0.705007 -0.283854 -0.202109 -0.656111 -0.63759 -0.686405 -0.541264 -0.195027 -0.12303 0.198579 -0.0517211 -0.526475 -0.200966 -0.501076 -0.66262 -0.255382 -0.709217 -0.256725 -0.22057 -0.77823 -0.208224 -0.372792 -0.31317 -0.217835 -0.476548 -0.404679 -0.8 -0.784685 -0.370033 -0.142115 -0.35464 0.781901
0.444612 0.193524 0.022877 0.285509 -0.630174 -0.148485 -0.427187 -0.345259 -0.4485 -0.750737 -0.175162 -0.261893 0.179068 0.403351 0.0671358 -0.232021 -0.250665 -0.184845 -0.387127 -0.218414 -1.35649 -1.1402 -0.450052 -0.283435 0.152185 -0.203597 0.297976 -0.0738393 -0.170843 5.93875e-11 -0.452225 -0.4 -0.28678 -0.184485 -0.463706 0.793697
0.960804 -0.226583 0.62771 0.0533037 -0.289002 -0.508146 -0.31686 -0.371246 -0.436243 -0.358767 -0.0198547 -0.214944 -0.213177 0.0487017 -0.143609 -0.12592 -0.232118 -0.537141 -0.800491 -0.693862 -0.577607 -0.793403 -0.469435 -0.895487 -0.10833 0.108722 0.287795 0.0285161 -0.086351 0.15341 0.116774 -0.18974 -0.468931 0.0257054 0.641084 0.118041
2.58517 -1.11375 0.251741 0.175594 -0.2354 -0.120489 -0.475768 -0.581709 -0.228349 -0.125624 0.0438614 -0.0758199 -0.151707 0.0361183 -0.4 -0.4 -0.4 -0.544994 -0.342956 -0.709263 -0.440147 -0.53022 -0.470965 -0.751384 0 0.233009 0.0031844 0.318291 -0.168245 0.0179908 -0.283882 0.357111 -0.310589 -0.0300555 0.259831 0.674936
2.93668 -0.547265 0.234629 0.460007 0.156458 -0.153584 -0.370525 -0.215763 -0.190309 -0.107315 0.60813 0.354325 -0.0448411 -0.448964 -0.0366395 -0.311991 -0.522504 -0.496885 -0.411983 -0.622764 -0.748707 -0.78466 -0.867842 -0.721885 0.0856407 -0.260446 -0.36578 -0.0827176 0.16189 -0.12255 -0.148556 0 -0.4 -0.518721 -0.372642 0.401635
1.01222 0.504953 0.652196 -0.124126 0.523281 0.156481 -0.396425 -0.270488 -0.40636 -0.0311677 0.874868 0.538833 0.143819 -0.240994 -0.135764 -0.530276 0.0786556 -0.691395 -0.442529 -0.879386 -0.726239 -0.448262 -1.19102 -0.667141 -0.202104 -0.343804 -0.54566 -0.183424 -0.343964 -0.498402 -0.597064 -0.136356 -0.517125 -0.155018 -0.256463 0.594257
0.997694 0.770054 0.26683 0.311792 -0.358913 -0.22519 -0.261639 -0.455046 0.000688022 -0.0326502 0.575478 -0.0836766 0.152789 -0.226557 -0.413401 -0.151656 -0.517354 -0.39519 -0.428354 -0.35294 -0.294642 -0.728817 -0.197405 -0.684709 -0.565114 -0.196811 -0.0823615 -0.416409 -0.307674 -0.444824 -0.11392 -0.140915 -0.184819 -0.143838 -0.435796 1.13989
3.13483 -1.31038 0.295208 0.190227 -0.38189 -0.148601 -0.479832 -0.123204 -0.323961 0.279159 0.708392 0.988021 0.0971301 -0.350628 -0.358857 -0.393575 0.119853 -0.498032 -0.586919 -0.455699 -0.2515 -0.557745 -0.639833 -0.695875 -0.600498 -0.208173 -0.172108 -0.113443 -0.163961 -0.306384 -0.316492 0.459458 0.0922634 -0.217934 -0.283969 -0.201554
1.94775 -0.089945 0.22668 -0.0992409 -0.127034 -0.399835 -0.627686 -0.169585 -0.369831 0.0278907 -0.254563 -0.25135 -2.91545e-13 -0.4 0.0748413 -0.192338 -0.411702 -0.273318 0.305347 -0.586218 -0.4 -0.052958 -0.8 -0.8 -0.184991 -0.498413 0.0435724 -0.305048 -0.0516876 -0.0326505 -0.478764 -0.029319 -0.289171 -0.196877 0.0972162 0.410658
1.15807 0.373693 0.146131 0.368933 0.0837354 -0.159139 -0.35168 -0.345791 -0.259848 0.167891 0.0774927 -0.41515 0.4 -0.143911 -0.168721 -0.249839 -0.238583 -0.00813405 -2.16511e-12 -6.25722e-14 -4.57575e-11 -3.50353e-10 -1.25784 -0.8 0.0420072 -0.0543333 0.140754 -0.409475 -0.0681104 -0.200247 -0.350416 0.166594 -0.4 -0.0679958 0.0931124 0.823299
2.5252 0.575715 0.546253 -0.0207606 -0.147119 -0.0495122 -0.0470971 -0.211591 0.0533724 -0.0532442 -0.323484 -0.1495 -0.359221 -0.0802336 -0.0780625 -0.187082 -0.279807 -0.508993 -0.277073 -0.324453 -0.573104 -1.01572 -0.998883 -0.358183 -1.16381e-11 -0.165957 -3.43725e-14 0.0168487 -0.227146 0 -0.384338 0.0189539 -0.313165 -0.150946 -1.33182e-10 0.218691
19.9328 -0.898808 0.240484 0.570782 0.236305 0.0435681 -0.157992 0.210869 0.141153 -0.0659185 -0.259558 -0.0462143 0.0564282 -0.22118 -0.235329 0.0607639 0.113748 -0.0198873 -0.160106 0.076418 0.135859 -0.0452386 -0.507033 -0.499642 -0.26603 -0.162114 0.399999 0.2944 0 -0.367966 -0.476798 -0.297669 -0.338537 -0.023559 -4.76721e-10 0.776811
0.491796 0.301704 0.353846 -0.242917 -0.106347 0.0682282 -0.0154226 -0.865894 -0.0356601 -0.26133 -0.580468 -0.318298 -0.126399 -0.382893 0.137753 -0.219585 -0.23925 0.0276866 0.147192 -0.296673 -0.195611 -0.539658 -0.670749 -0.347158 0.8 0.418869 1.2 0.626567 0.0220797 0.908145 1.2 0.8 0.498068 -1.13782e-11 0.884166 -0.4
1.67814 0.288147 0.4412 0.490795 -0.0278742 0.0566599 0.166979 0.153035 0.0824934 0.273805 -0.272348 -0.10992 -0.0223748 1.12133e-14 0.382312 -0.745235 0.0237972 -0.183572 -0.113306 -3.46802 -0.115435 -0.410636 -0.524738 -0.428947 1.25959 -0.4 -0.8 0.974724 0.865839 1.2 1.2 1.06689 1.2 -0.4 0.8 2
0.547568 0.849185 0.163198 0.18856 0.271783 0.0405123 -0.359913 -0.348111 1.42851e-11 -0.0853935 -0.304271 -0.30029 0.306658 0.375792 0.280375 6.79985 0.219589 1.00226 -0.744484 19.6 -0.392837 -0.0655766 -0.631931 0.182719 -1.58032 19.4518 10.4461 -0.683304 -0.752959 2.07655 7.40986 15.6 16.9179 19.8173 -1.40413 18.5992
1.12917 0.636738 0.4906 0.435417 -0.642602 0.0257749 -0.311871 -0.237366 -0.262096 -0.267664 0.0847765 2.80949 0.592473 0.979125 0 0.279181 0.476098 0.416872 -0.4 0.229067 0.0782872 0.284406 -0.0924499 0.163261 -1.66686 14.5279 -0.787704 -1.27717 17.7953 -0.328048 -0.536148 0 0.8 -0.692997 -0.850754 0
0.261965 -0.0652334 0.208312 0.187816 0.0845303 -0.110213 0.104684 -0.49696 -0.196121 -0.131117 -0.396005 -0.249292 0.549791 0.25189 0.70079 0.454225 -0.0128129 0.0467166 -0.417865 -0.149332 -0.132403 -0.147449 0.68113 0 0.146128 0.499647 0.240445 0.174482 0.0802394 0.657581 0.13953 0.529905 0.36389 0.480521 0.371789 0.984135
0.713307 0.693518 0.649914 0.542158 0.457113 0.321732 1.8266e-10 -0.0998241 0.214472 0.0323551 -0.122888 2.29716e-12 0.560198 0.961518 0.339425 0.906843 -0.361371 0.119326 -0.064573 0.0838056 -0.00453535 0.257488 0 1.04098 0.38588 0.188887 0.301754 0.375585 0.143549 0.550764 0.139294 0.322701 0.598072 0.475246 0.572485 1.51078
1.38287 0.673435 0.729266 0.345134 0.329591 0.556718 0.164819 0.113179 0.76873 0.136173 0.457376 0.290547 0.540394 0.489931 0.423211 0.233494 -0.0463137 -0.203755 0.360779 0.200664 0.466028 -0.0460886 0.25198 0.287461 0.17356 0.253382 0.183672 0.204493 0.275888 0.97457 0.366886 0.250038 0.587356 0.562996 0.598838 1.32365
1.00124 0.812585 0.871471 0.705679 0.526848 0.424361 0.508844 0.258963 0.771579 0.872571 0.473409 0.408227 0.733539 0.968126 1.28472 0.644031 0.391688 0.301238 0.605457 0.234692 0.561461 0.784462 0.453832 0.656969 0.300332 0.402379 0.327539 0.282857 0.602874 0.704091 0.697516 0.680688 0.782439 0.817443 0.755213 1.11482
1.35882 1.09531 0.831865 0.8 0.511693 1.02327 0.501548 0.127224 0.424265 0.562983 0.489332 0.215926 0.329945 0.473018 0.244384 0.418509 0.265111 0.404007 0.138154 0.430235 0.202843 0.24964 0.120836 0.336856 0.711179 0.312617 0.928136 0.318195 0.45764 0.444127 0.704811 0 0.732079 0.722957 0.849135 1.52027
1.83113 1.35373 1.01499 0.893963 0.868784 1.12763 0.502662 0.620097 0.683705 0.597782 0.744108 0.539798 0.937308 0.694448 0.992785 0.845496 0.658454 0.682655 0.320989 0.630392 0.634306 0.319296 0.382099 0.216986 1.06817 0.733785 0.770932 0.820172 0.365743 0.605822 0.696806 0.910862 0.838163 0.91892 1.01957 0.882138
1.10162 0.691724 0.80259 0.593239 0.664621 0.903063 0.667399 0.8 0.396615 0.63321 0.584841 0.558854 0.95239 0.948505 0.813782 0.313921 0.550622 0.153329 0.206442 0.285437 0.422454 0.265652 0.09792 0.0819365 0.725373 0.479318 0.570695 0.401714 0.800557 0.803587 0.661499 0.811535 0.877519 1.2 0.494429 2.21068
1.35288 1.3503 1.31805 1.14565 1.12106 0.991052 0.863694 0.967315 0.920809 0.894135 0.833194 0.868789 0.923227 1.29682 1.2 1.38924 1.13865 0.8 0.780987 0.612513 0.79188 0.78007 0.440502 1.39202 0.8 1.18166 0.811806 0.90261 1.04214 0.79132 0.917957 1.08609 1.14925 1.07404 1.29332 2.98154
1.24608 1.01299 1.06244 1.11827 1.06083 0.804805 0.925419 0.903181 0.568409 0.908514 0.840373 0.875732 1.35416 1.2 1.06785 1.00917 1.2 0.874194 0.8 0.849538 0.8 1.12991 0.459866 0.379353 0.8 0.711976 0.769949 0.950584 0.648829 1.02413 1.22047 1.25209 1.12063 1.2 1.08331 1.86214
1.6 2 1.95685 1.82525 1.60466 1.37693 1.6 1.59301 1.6 1.6601 1.85924 1.42549 2 1.89223 1.9616 1.99503 1.6 2 1.87195 1.41175 1.75786 1.49827 1.21523 1.76377 1.2 1.28301 1.22965 1.35714 1.49664 1.63532 1.3698 2.11833 1.69256 2.02894 2.13645 2
