36 0 36 72 0 72
2.51463 2.58367 2.14222 2.06299 1.88255 1.88852 2.12564 1.6 1.77276 1.60583 1.14767 1.20327 1.55808 1.65378 1.68236 1.61759 2.4 1.66334 1.63782 2.20571 2 2 1.6 1.51344 1.2135 1.27937 1.2 1.69679 1.6201 1.79421 1.30189 1.486 1.2 1.25691 1.54169 1.60902
1.68569 1.79991 1.6 1.4957 1.69685 0.877723 0.593009 1.03604 0.577301 0.6026 0.499449 0.488181 1.06557 0.8 1.07614 0.8 1.03148 0.624827 0.622483 0.986838 0.810432 1.00301 0.465559 0.963733 0.887421 0.98885 0.888549 0.929453 0.796375 0.743912 0.864643 1.14206 0.977639 0.896531 0.43966 1.20069
1.64557 1.62674 1.38874 1.43539 1.30959 1.09001 1.01778 0.8 0.9375 0.883771 0.555698 0.8 1.01344 1.2 1.32064 0.75387 1.27243 0.960901 0.392115 0.928143 1.32811 1.04866 0.696651 1.16838 0.971123 1.20598 1.111 1.31471 0.872097 1.0035 0.949555 1.20041 0.624313 0.893101 0.811181 1.26495
1.32289 1.61857 1.15047 1.13756 0.8 0.696823 0.726996 0.678331 0.435779 0.365069 0.0340326 0.4 0.65802 0.920878 0.630796 0.870235 0.570971 0.921107 0.404351 0.641596 0.586711 0.433709 0.366519 0.394513 0.580733 0.527692 0.915273 0.74247 0.747619 0.698922 0.391377 0.923435 0.21108 0.740491 0.601354 1.70225
1.63656 1.71493 1.16625 1.66711 0.999642 1.10417 0.978052 0.512176 0.551774 0.383299 0.664884 0.483487 0.607918 0.636013 0.603336 0.661913 0.584535 0.68659 0.838966 0.581707 1.2056 0.948579 0.781817 0.604162 1.57897 1.11321 0.919252 0.937052 0.4 0.900303 0.709401 0.886652 0.611749 0.702357 1.83291 1.05924
1.26097 0.847895 1.12991 1.17426 0.810815 0.612532 0.749115 0.650225 0.609925 -0.178583 -0.00451901 0.403549 0.260281 0.662849 0.409742 0.693703 0.179212 0.447297 0.391877 0.400034 0.128345 0.346916 0.00624697 0.564275 0.584219 0.615429 0.543394 1.07436 0.391681 0.884188 0.523957 0.671997 0.330031 0.625082 0.743719 1.40299
1.55688 0.867144 1.05178 1.28071 0.62329 0.209053 0.399467 0.226971 0.248827 0.172082 0.196739 -0.421999 0.517633 0.148447 0.372516 0.36864 0.514599 0.68058 0.291078 0.494036 0.92543 0.556906 0.584853 0.433761 0.703677 0.608915 0.550974 0.607461 0.908851 0.602582 0.379823 0.606431 0.617017 0.722875 0.587744 1.90881
0.900927 0.911656 0.525658 0.647289 0.813218 0.181017 0.124766 0.363875 -0.0917225 -0.1561 -0.107491 0.0451358 0.166813 0.3469 0.701568 0.122084 0.183296 0.200631 -0.112026 0.0743552 0.317746 0.22439 -0.0264549 0.341924 0.613386 0.218141 0.594942 0.619521 0.213481 0.607267 0.269078 0.939259 0.660981 0.0642922 0.315891 0.908418
0.863023 0.538689 0.72344 0.661029 0.414497 0.934528 0.479592 0.338232 0.0925862 0.155771 0.0990644 0.225258 0.343876 0.269387 0.152111 0.375841 0.497555 0.756665 0.260466 0.639263 0.254155 0.43171 0.199526 0.207193 0.550627 0.63467 0.525701 0.941895 0.607894 0.565427 0.210611 0.494786 0.0229495 0.059239 0.412195 0.908948
1.47877 0.730001 0.667435 0.324943 0.709839 0.198626 0.152296 0.56665 -0.0828033 -0.173855 -0.0861896 -0.263349 0.071701 0.275161 0.346826 -0.0399062 0.114421 0.349 0.0995932 0.276826 0.245822 0.167054 0.0463851 0.0438395 0.278609 0.503186 0.436933 0.526619 0.820801 0.230424 0.265468 0.408094 0.142324 0.189449 0.480635 1.03382
1.23603 0.0661357 0.640658 0.516987 0.0930337 0.0770644 -0.25881 -0.216107 -0.186501 -0.190161 -0.295085 0.0995811 0.393827 0.77163 0.373445 0.510974 0.31945 0.298027 -0.211836 0.313081 0.392396 0.0413305 -0.0374889 0.0784256 0.2766 0.0855055 0.0920712 0.0582032 0.298221 0.118336 0.183727 0.35507 0.0122943 0.139977 0.373556 0.527962
1.21631 1.02565 0.365775 0.392024 -0.212012 -0.0999148 -0.00499737 0.372389 -0.254828 -0.31636 -0.0499948 -0.333485 1.02199 0.554233 0.0722693 0.579193 0.313292 -0.380065 0.478369 0.2159 0.0135179 -0.181279 -0.176042 0.178753 0.171617 0.316496 0.0281234 0.0691508 0.296211 0.258045 0.0791054 0.683238 0.599322 0.363859 0.0014315 0.910013
0.971411 0.779231 0.314419 0.759218 0.79263 0.285227 -0.0828601 -0.529455 -0.272976 -0.131146 0.0728142 -0.525883 0.187336 -0.121657 -0.088407 0.661975 0.47499 -0.0283974 0.403632 -0.327785 0.167502 0.0766342 -0.301957 0.192019 0.675545 0.261108 0.548669 0.441721 0.711162 0.635801 0.694611 0.645295 0.681268 1.0878 1.00921 0.865382
1.00457 0.658127 0.607797 0.72689 0.117024 0.134754 -0.132905 -0.54147 0.0352675 -0.221735 -0.412992 0.375695 -0.189744 -0.331463 -0.00177603 0.191248 -0.0215868 -0.188139 -0.262394 -0.4 -0.151458 -0.113147 -0.0825174 0.0155409 0.44504 -0.2026 0.235967 0.387638 0.649595 0.866634 0.738363 0.804658 0.753581 0.647053 0.549726 0.806262
1.13211 0.474862 0.50347 0.472687 0.430658 0.334188 -0.166882 -0.183159 -0.255745 2.22045e-16 -0.0770072 -0.510351 -0.119698 -0.278813 0.0864754 -0.376743 -0.203732 0.499274 -0.666863 -0.558976 -0.10925 0.068362 0.0612564 -0.346334 0.210085 -0.517446 0.495077 0.4 0.881958 0.711226 0.187207 0.217279 0.00935053 0.61656 0.475929 0.825626
1.0128 0.803059 0.542108 0.359203 0.31009 0.756512 0.174047 0.0340354 -0.346766 -0.201656 -0.329333 0.0298121 -0.193519 -0.0563849 -0.648606 -0.0116025 0.0632881 0.416814 -0.662238 -0.73835 -0.213978 -0.0931611 -1.20924 -0.334956 0.634987 0.573061 0.500961 0.167406 0.328207 0.533045 0.747605 0.348458 0.105418 0.0857611 0.155611 1.08972
0.865618 0.451782 0.366797 0.40546 0.0579864 0.208184 -0.081319 -0.310861 -0.12086 -0.224405 -0.547914 -0.443914 0.120627 -0.459088 -0.315775 -0.149568 -0.0407721 -0.215552 -0.370729 -0.196167 -0.0564191 -0.159783 -0.56989 -0.501554 0.178017 0.0428975 0.096974 0.0834358 0.156374 0.120691 0.0571937 0.00899628 -0.254427 0.17046 -0.0673406 0.892807
0.614573 0.187528 0.165913 0.615398 0.261233 -0.0551642 -0.0725455 -0.563249 -0.426307 -0.542758 -0.388217 -0.252805 -0.285702 -0.554274 -0.734974 -0.284238 -0.28797 -0.136037 -0.477387 -0.451756 -0.176473 -0.169896 -0.403602 -0.386622 -0.0437656 -0.0235509 0.157871 -0.149006 -0.069916 0.0733076 0.123758 0.0378977 0.0221092 -0.599679 -0.108211 0.949901
0.486166 0.393004 0.571902 -0.0894254 0.489625 0.615705 0.456785 -0.319859 0.0438054 0.123676 -0.210939 -0.488648 -0.289564 -0.657572 -0.4 0.0996667 -0.219876 -0.760184 -0.862611 -0.343833 -0.203031 -0.348742 -0.60013 -0.487306 0.153037 0.379757 0.247491 0.110382 0.283117 0.267649 -0.131087 0.257541 0.596139 0.534755 0.101193 0.504989
1.07916 0.287091 0.184071 0.388908 0.0972909 0.537789 0.334208 -0.0670131 -0.210185 0.00502291 -0.508168 -0.526098 0.0137739 -0.0644645 -0.209672 -0.0960304 -0.00739213 -0.45516 -0.15896 -0.435495 -0.0562333 -0.425865 -0.453864 0.0884548 0.147492 -0.0751859 0.261676 0.0794897 -0.0904727 -0.102414 -0.249691 0.194011 0.739325 0.177507 0.282214 0.752787
0.946356 -0.0632012 0.145633 0.211828 0.116258 -0.402393 0.0292445 -0.492137 -0.456628 -0.124861 -0.666855 -0.543581 -0.501372 0.0593324 -0.536895 -1.14932 -0.0631722 -0.691262 -0.209311 -0.664556 -0.647752 -0.587116 -0.54721 -0.701118 0.0206524 -0.291216 0.120764 0.210166 0.208977 0.292159 -0.0614617 0.218216 -0.405499 0.556307 -0.161806 0.561888
0.803173 -0.150313 0.272465 0.16709 0.124984 -0.0687488 -0.571564 -0.219004 0.00313574 -0.564989 -0.784473 -0.404576 -0.391894 0.0342974 -0.601797 0.1138 -0.224942 -0.508042 -0.391932 -0.188709 -0.479492 -0.351468 -0.821196 -0.477847 0.0585503 0.0495716 -0.114092 -0.11121 -0.383678 -0.1885 -0.00231678 -0.143687 0.164734 0.0381792 0.0865697 0.270429
0.600803 0.153002 0.169745 -0.443528 -0.349639 -0.31428 -0.375093 -0.275487 0.240231 -0.58213 -0.712295 -0.548038 -0.513173 -0.577592 -0.081649 -0.0855037 -0.0885814 -0.735796 -0.543404 -0.274419 -0.335316 -0.166437 -0.669534 -0.551757 0.357555 -0.232911 0.448177 0.496484 0.41052 -0.0566467 0.255101 0.0627423 -0.230205 0.631037 0.0664888 0.721958
0.872743 0.115453 0.316333 0.235757 -0.608815 0.209469 0 0.0213374 -0.0849557 -0.0175135 -0.888602 -0.0925266 0.126156 -0.310877 0.215955 0.15714 -0.300268 0.246055 -0.45348 -0.248338 0.373623 -0.35842 -0.4 -0.4 0.525397 0.0777255 0.354556 0.41572 -0.0706891 -0.125247 0.325927 0.0930413 0.119658 0.417709 0.0637738 0.54897
0.817308 0.132563 0.172953 0.0271491 -0.145159 -0.602895 -0.320471 -0.84905 -0.554077 -0.325838 -0.752193 -1.03754 0.0483031 -0.607644 -0.930108 0.268128 0.12486 0.0776895 -0.173378 -0.389798 0.0057411 -0.165732 -0.338208 -0.393489 -0.0690334 -0.508961 -0.113087 -0.112819 -0.194992 -0.000657964 -0.621973 0.0167347 -0.0395272 -0.538564 -0.538209 -0.301941
0.359945 0.5189 0.14992 0.299722 -0.134351 -0.382666 -0.681515 -0.0901453 -1.0625 -0.26921 -0.897783 -0.704443 -0.0305797 -0.8 -0.167491 0.120401 -0.54259 0.0409861 -0.572647 -0.218393 -0.338425 -0.227172 -0.194655 -0.18967 0.29972 0.0970903 -0.36947 -0.270667 -0.177417 -0.441886 -0.0100294 -0.437241 -0.468385 -0.570714 -0.472102 0.167943
0.361103 -0.278715 -0.0868382 -0.178232 -0.0928082 -0.4 -0.356669 -0.380353 -0.0207237 -0.224096 -0.967394 -1.12163 -0.451186 -0.361838 -0.708514 -0.622091 -0.312468 -0.10641 -0.271863 -0.362008 -0.446423 -0.128534 -0.472301 -0.4 -0.180053 -0.322484 -0.501345 -0.654707 -0.526717 -0.423782 -0.888352 -0.750324 -0.34854 -0.395854 -0.367287 -0.166962
0.566105 -0.284297 0.140358 0.254132 0.280444 -0.315758 -0.406454 0.417918 -0.346582 -0.70008 -0.785288 -0.200688 -0.280639 -0.366467 -1.26762 0.13415 -0.270642 -0.168817 -0.548258 -0.348449 -0.271445 0.357469 -0.713995 -0.496716 -0.282595 0.137036 0.0177243 -0.0868525 -0.188307 -0.381912 0.0712982 -0.369978 -0.655706 -0.0621247 -0.629724 1.21634
0.485912 -0.307875 0.208857 0.0739325 -0.232675 -0.524141 -0.767518 -0.42456 -0.321517 -0.732052 -0.625603 0 0.0527294 -0.390997 -0.221222 -0.035333 -0.376973 -0.529599 -0.351748 -0.544711 -0.535086 -0.11042 -0.749643 -0.860969 -0.229496 -0.291726 -0.131236 -0.627861 -0.522225 -0.832495 -0.194152 -0.770894 -0.135649 -0.443792 0.684255 0.225274
0.846456 0.269939 -0.300354 -0.479642 0.0811605 -0.75824 -0.4 -0.251751 -0.682245 -0.274108 -0.600548 -0.431311 -0.179481 -0.772622 -0.183513 -0.133201 -0.346531 -0.515401 -0.601662 -0.4 -0.739468 -0.302733 -1.13792 -0.32963 0.103407 -0.366049 -1.18419 -0.448931 -0.696887 -0.607117 -0.0593542 -0.120524 -0.768996 -1.37419 -0.846629 0.854453
0.304365 -0.0788087 0.291061 -0.0254096 -0.783361 -1.00237 0.0835466 -0.562099 -0.724839 -0.500327 -0.758895 -1.04333 -0.206057 -0.519651 -0.90626 -0.4 -0.34507 -0.4 -0.418603 -0.376709 -0.249986 -0.526953 -0.650509 -0.561038 -0.0944623 -0.358092 -0.60073 -0.164657 -0.337205 -0.707181 -0.584673 -0.475651 -0.410421 0.053182 -0.534207 0.295138
0.58326 0.0448658 -0.227289 1.15684 -0.642739 -0.544159 -0.2271 -0.216703 -0.216861 -0.245272 -0.406749 -0.932052 -0.288765 -0.35459 -0.451674 -0.38915 -0.441423 -0.575306 -0.234034 -0.358392 -0.567029 -0.232108 -0.502169 -0.583286 -0.302069 -0.0359265 -0.712667 0.0782241 -0.00348053 -0.348671 -0.349599 -0.701185 -0.307588 -0.355743 -0.496439 -0.166392
0.399812 -0.0866428 0.121689 -0.184128 0.0328946 -0.171535 -0.1183 -0.396616 -0.856715 -0.856866 -0.371601 -0.552757 -0.544248 -0.573346 -0.386821 -0.134411 -0.594231 -0.0636806 -0.387493 -0.6161 -0.286204 -0.424562 -0.192418 -0.0497556 -0.547128 -0.0842628 -1.36965 -0.641464 -0.239123 -0.702855 0.12386 -0.0890663 -0.548638 -0.4396 -0.501587 -0.0205202
0.428056 0.031178 0.0268644 -0.379916 -0.659825 -0.392945 -0.390969 -0.246992 -0.582333 -0.4 -0.661034 -0.713247 -0.32352 -0.0913023 0.132373 0.00395806 -0.682407 -0.140439 -0.0271495 -0.48323 -0.255334 -0.113787 -0.4 -0.414309 -0.287874 -0.564442 -0.714781 -0.352524 -0.220224 -0.546071 0.0487302 -0.457981 -0.409893 -0.621301 -0.536836 0.0689693
0.167352 0.0902392 2.74959e-11 -0.119487 -0.24121 0.0169583 -0.383342 -0.535192 -0.874925 -0.565251 -0.26497 -0.780745 0.0553403 -0.255501 -0.510524 -0.54904 -0.354069 -0.356832 -0.321367 -0.55595 -0.556648 -0.486566 -0.71261 -0.484714 -0.626837 -0.4 -0.289808 -0.43017 -0.847933 -0.292108 -0.162691 -0.513027 -0.114625 -0.406164 -0.719425 -0.141184
0.255408 0.127865 -0.767745 0.0544025 -0.103544 -0.0476185 -0.30634 -0.239556 -0.386947 -0.786197 -0.534042 -0.176157 0.430255 0.213445 0.0203805 0.19857 -0.0948132 -0.0695861 -0.267031 -0.0761675 -0.131746 -0.538905 9.72711e-12 -0.0769576 -0.192924 -0.117928 -0.125934 -0.517032 -0.371665 -0.4 -0.339998 -0.47346 -0.00909033 0 0.0576325 0.686009
0.363613 0.208466 0.233439 0.0448558 -0.14192 -0.690167 -0.173128 -0.264975 -0.494058 -0.958377 -0.369342 -0.553366 -0.0358728 -0.2199 -0.250475 -0.170246 -0.490761 1.92513e-13 -0.160201 -0.487528 -0.2923 -0.51384 -0.756705 -0.32516 -0.509884 0.132442 -0.321889 0.0176514 -0.461038 -0.735083 -0.4 -0.918476 -0.413431 -0.351036 -0.192135 0.164172
0.61486 -0.236703 -0.0922102 0.0635235 0.172132 -0.00691207 -0.498387 -0.163501 -0.102773 -0.420321 -0.465619 -0.429661 -0.0167479 -0.965509 -1.22338 -0.299629 -0.161266 -0.358465 -0.465271 -0.0933106 -0.0868912 -0.152319 -0.8 -0.702252 0.0187442 -0.27777 -0.8 -0.212552 0.0597332 -0.375965 -0.478445 -0.485796 0.178919 -0.551406 -0.512026 0.233167
0.655894 -0.0219998 0.0955788 -0.0933096 -0.162423 0.0705538 -0.139651 -0.471836 0.0611934 -0.309756 -0.933029 -1.11206 0.155484 -0.8 -0.718605 0.270495 -0.694058 -0.294036 -0.4 -0.290717 -0.845839 -1.27265 -0.730897 -0.894978 -0.130152 -0.883733 0.293841 0.274853 -0.967534 -0.477177 0.301687 -0.608993 -0.0909145 -0.309329 -0.71023 -0.333541
0.714277 -0.471419 0.392552 -0.0588037 -0.0739534 -0.345759 -0.477273 -0.1457 -0.23563 0.030276 -0.743841 -0.337461 -0.203834 -0.188413 -0.319205 -0.683331 -0.700669 -0.169744 -0.228625 -0.446126 -0.274734 -0.533352 -0.288319 -0.614024 -0.32953 -1.2 0.195897 0.487306 -0.141395 -0.901271 -0.0326293 -0.354631 -0.565104 -0.448486 -0.75338 0.228681
0.139373 -0.4 0.221835 0.100334 -0.507288 -0.606633 -0.65035 -0.570964 -1.55363 -0.989451 -0.658571 -0.400955 -0.364673 -0.30475 -0.106259 3.19189e-12 0.0598487 -0.372161 -0.619132 -0.484634 -0.176005 -0.243554 -1.31492 -0.919506 -0.233518 -0.140519 -0.00605908 -0.457426 -0.568654 -0.569297 0.0394045 -0.273053 -0.166864 -0.172973 -0.178647 0.0812827
-0.176169 -0.838281 0.165321 0.532175 -0.4 -0.30877 -0.538927 -0.318328 -0.89761 -1.27793 -0.28132 -0.447768 -0.437015 -0.278851 0.124656 0.191766 -0.4 0.632129 -0.162612 -0.710098 8.24785e-13 0.0259782 -0.592543 -0.294839 -0.550115 0.340959 -0.379951 -0.219567 -0.137325 -0.493074 -0.613758 -0.34343 -0.0380537 -0.250688 -0.24229 0.359692
0.309851 0.14039 0.509619 0.179246 -0.194998 -0.481439 -0.185179 -0.551104 -0.600723 -0.527266 -0.652695 -0.361566 -0.0601355 -0.8 -0.145792 -0.303455 -0.343079 -0.138618 -0.251953 -0.442427 -0.647748 -0.57486 -0.739767 -0.657346 -0.605795 -0.593909 -0.169613 -0.365731 -0.451766 -0.301499 -0.336352 -0.367036 -0.0855442 -0.592522 -0.620196 0.608293
0.951287 0.046769 0.0226924 0.314076 -0.495081 0.241202 -0.00612721 -0.182293 -0.459106 -0.4 -0.329603 -1.01088 -0.29191 -0.398694 -0.26163 -0.544562 -0.493828 -0.371575 -0.28979 -0.720443 -0.222705 -0.63892 -0.565277 -0.504716 -0.0843247 -0.288397 -0.0375663 -0.24997 0.130795 -0.191464 -0.176992 0.0822871 0.0025856 -0.937008 0.845747 0.0538905
-0.623767 -0.4 -0.903371 -0.352939 -0.550222 -0.287734 -0.718222 -0.929366 -0.785103 -1.19863 -0.994051 -0.966813 -0.719231 -0.89389 -0.652136 -0.592548 -0.4 -0.247871 -0.528687 -0.396624 -0.212391 -0.987206 -0.649618 -0.509122 -0.118327 -0.532522 -0.141848 -0.00586247 -0.0548236 -0.157288 -0.665255 -0.103481 -0.729756 -0.366095 -0.269546 0.8216
-0.513202 -0.274124 -1.05798 -0.560395 -0.188001 -0.576457 -0.65959 -0.135551 -0.194841 -0.903748 -0.8 -1.39515 -0.4 -0.309241 -0.529691 -0.576665 -0.604298 -0.4 -0.447083 0.0366147 -0.339164 -0.965821 -1.08552 -1.4133 -0.318994 -19.9991 0.136627 -0.710951 -0.140313 -0.565381 -0.620833 -0.199649 -0.130407 -0.0500392 -0.772078 0.148617
0.444944 0.209187 -0.0359117 0.362154 -0.54859 -0.0422154 -0.662499 -0.491199 0.155442 -0.497397 -1.168 -0.436978 -0.8 -0.63774 -1.02338 -0.61524 -0.0158644 -0.280205 -0.188989 -0.4598 -0.399474 -0.343009 -0.509224 -0.34472 -0.255312 -0.177066 -0.347449 -0.148759 0.206221 0.0692965 -0.0769235 -0.27817 -0.0442984 -0.602555 -0.188041 0.323886
0.407477 0.284836 -0.391406 0.196463 -0.284067 0.038646 -0.224917 -0.330055 -0.254511 -0.593989 -0.29013 -0.179963 -0.528463 -0.303103 -0.64327 0.0641837 -0.272348 0.0167765 0.262125 0.109318 -0.354387 -0.121365 -0.161685 -0.143364 0.0123105 -0.368402 0.00427371 0.131054 0.0904631 -0.00138588 0.112931 -0.126508 -0.193405 -0.489103 -0.255653 0.251315
0.440185 0.124361 2.84239e-12 -0.216763 0.0501044 0.0623109 -0.00125871 -0.143948 -0.695351 -0.545693 -0.389477 -0.526761 -0.0804661 -0.198482 -0.528038 -0.247378 0.0389802 0.126032 -0.283819 -0.289342 -0.510822 -0.368612 -0.298629 -0.199942 0.363103 0.063639 -0.0762244 0.166203 1.02498 0.206259 0.150493 -0.278083 0.12074 -0.120444 0.525051 0.142611
-0.201028 -0.131474 -0.0962405 -0.0374148 -0.0237863 -0.31795 -0.176244 0.0723779 -0.682802 -0.0258577 -0.998873 -0.0744696 0.23685 -0.528403 -0.192403 0.08922 -0.524269 -0.148173 0.0506106 -0.302862 -0.249085 0.0415747 -0.536833 -0.25778 0.690602 0.368834 0.172813 -0.101002 -0.135456 0.593417 -0.315223 0.0885389 0.0645821 0.0999729 -0.198456 0.284254
-3.07441 -2.5057 -2.34252 -2.2889 -2.45791 -2.42827 -0.527236 -0.262584 -0.299244 -0.518963 -0.137836 -0.62835 -0.345535 -0.735291 0.392763 -0.191347 -0.151341 0.0186084 -0.41957 -0.146109 -0.325155 -0.209164 -0.256002 -0.655537 -0.310215 -0.193882 -0.234625 -0.170573 -0.301857 0.282316 -0.0149038 -0.326477 -0.256527 -0.21833 -0.252045 -0.0521902
-3.41659 -2.80312 -2.13924 -1.91546 -2.63234 -2.44183 -0.664402 -0.132213 -0.914867 -0.638653 -0.305656 -0.211819 -0.227628 -0.21798 -0.106759 0.200519 0.18258 0.169754 -0.232824 -0.449178 -0.572812 -0.494071 -0.157718 -0.482067 0.231908 -0.0992418 0.00804384 0.105503 0.171638 -0.0851356 -0.322092 -0.153374 0.0728361 -0.259822 -0.442783 0.378359
0.753994 -0.294161 0.757062 0.589804 -0.0336206 0.319281 -0.0477139 -0.309178 0.26509 -0.446844 -0.607858 -0.329987 -0.545881 0.0474651 -0.231794 0.0642531 -0.0766246 0.0393294 0.0705456 -0.364351 -0.482153 0.0638226 -0.256598 -0.557321 0.157851 -0.174395 -0.038369 -0.0589853 -0.223572 -0.0624158 -0.0700604 -0.340192 -0.546915 -0.663083 -0.135612 0.473462
0.630746 0.449248 0.622052 0.184037 0.337789 0.817732 0.0313422 -0.585907 -0.344103 0.35145 -0.244993 -0.144732 0.0182562 -0.275991 -0.4 -0.128601 -0.0136271 0.0346749 -0.765096 -0.169236 0.0366042 -0.124512 -0.189005 -0.442906 0.320891 0.223244 0.203973 0.0769089 -0.0181362 -0.310576 -0.30553 0.133462 -0.505617 -0.130945 -0.4 0.416044
0.802352 0.181467 0.393654 0.563596 -0.0132521 -0.469391 0.0522859 -0.097328 -0.692313 -0.730956 -0.4877 -0.677778 -0.0466236 0.00357713 -0.36909 0.0462266 0.359701 -0.115021 0.298066 -0.393722 -0.165497 -0.481825 -0.135898 -0.344163 0.274593 -0.34671 0.0944759 0.29075 -0.552401 0.236923 0.378834 0.00808802 -0.0855828 0.102094 -0.0441032 0.429387
0.86056 0.777166 0.0284143 0.645624 0.2345 -0.0795481 -0.105308 0.000230878 -0.540265 -0.801247 -0.478667 -0.214595 0.223198 -0.0769223 -0.0976712 -0.159486 -0.323403 -0.261797 0.142958 0.195632 -0.115157 -0.550814 -0.402967 -0.391007 0.246699 0.449548 -0.267262 0.287917 -0.0789239 0.225109 0.388372 0.174049 -0.183713 -0.262568 -0.337835 0.53787
0.860507 0.0728069 0.610929 0.0296413 -0.0711433 0.174555 -0.0291411 -0.493732 -0.231962 -0.670566 -0.249417 -0.285481 0.149952 -0.139144 0.856463 -0.147629 -0.343379 0.258959 0.112016 -0.181623 -0.250579 -0.251569 -0.148591 -0.179502 -0.0821621 -0.411864 -0.042008 -0.161844 0.380932 0.0630044 0.0352428 -0.058104 -0.389743 -0.341624 -0.497225 0.0803492
0.959345 0.168194 0.610024 0.565475 0.221097 0.0445092 0.0110559 -0.0742386 -0.191121 -0.299172 -0.518824 -0.364259 -0.517492 -0.151472 -0.0617537 0.352088 -0.28122 -0.0139801 0.128986 0.186017 0.204143 -0.288043 -0.129646 -0.260447 0.2543 0.368454 0.120669 0.402858 0.0620364 -0.0337441 0.144625 0.0638033 -0.229345 0.41475 -0.505544 0.104731
0.685135 0.30747 0.206515 0.640327 0.438949 0.495883 0.130729 -0.462378 0.107037 -0.0354329 -0.272356 -0.230376 0.242768 -0.107541 -0.0267444 0.237247 0.120802 -0.542018 0.0775827 -0.350263 -0.368828 -0.397782 -0.119113 -0.183847 -0.0720363 -0.233855 0.120346 0.747152 0.0176596 0.0287571 -0.0489363 0.33087 0.441067 0.349016 0.0456175 0.141103
0.73073 -0.0272608 0.40789 0.705331 0.750253 0.656557 0.268968 0.587726 0.719407 0.271911 0.269868 0.0755824 -0.0023619 0.141342 -0.0819734 -0.141321 -0.0995413 -0.248856 -0.184589 0.077681 1.40822e-10 -0.163332 0.222768 0.325084 0.761535 0.326827 0.15606 0.223631 -0.0219188 0.00784254 0.451769 0.210204 0.303242 0.343289 -0.157076 0.494344
0.626551 0.626813 0.493821 0.471451 0.492689 0.38522 0.173644 -0.0497213 0.0661694 -0.201952 -0.0933959 -0.200188 0.549568 -0.138047 0.648509 0.137975 0.324244 -0.13178 0.180532 0.0675144 -0.165538 0 0.123631 -0.0563523 0.466864 0.339757 0.318694 0.613834 0.486028 0.488892 0.412101 0.189891 0.375872 0.609651 0.0142799 0.91497
0.537153 0.341607 0.36798 0.824839 0.23504 0.522404 0.437271 -0.140413 0.40219 0.0900689 -0.21277 -0.0306913 0.788041 0.347647 0.339806 0.848324 0.63694 0.438646 9.71559 0.150095 0.367273 0.110784 0.258375 0.532292 0.673572 0.173984 0.446304 0.730794 0.626911 0.832191 0.229466 0.168257 0.166062 0.303616 0.179399 0.912842
0.559776 0.637352 0.594425 0.790391 0.276514 -0.0973126 -0.276849 -0.102932 0.439281 0.184184 0.0973762 -0.235342 0.491676 0.116373 0.567407 -0.440071 0.698554 0.165349 0.0905414 0.447075 0.576722 0.117022 0.407165 0.292655 0.751581 0.867858 0.350307 0.800913 0.246861 0.489202 0.15792 0.283274 0.586234 0.24633 0.344386 0.475779
1.37268 0.623065 0.842391 0.630294 0.610374 0.326905 0.0949104 -0.207163 0.00146578 -0.327773 0.207093 -0.16377 0.868676 0.245591 0.609224 1.12724 0.696438 0.809658 0.269926 0.256013 0.725935 0.355046 0.0801603 0.634075 0.527583 0.422015 0.583699 0.884928 0.738173 0.452798 0.159089 0.746827 0.586513 0.578383 -0.115498 0.343528
1.05472 0.459311 0.359888 0.333674 0.444156 0.437051 0.474847 -0.324365 0.0606045 0.0912811 -0.285538 0.158243 0.291666 0.150448 0.661916 0.679873 0.261671 0.211138 0.106945 0.0224203 0.774941 0.336545 0.431199 0.149879 0.544859 0.610426 0.323015 0.574453 0.446642 0.821198 0.9627 0.263215 0.6391 0.217105 0.357523 0.90486
0.648283 0.972801 1.43174 0.86925 0.734807 0.701636 0.660494 0.279537 0.248752 0.70543 0.265237 0.535253 0.4 0.681278 0.720514 0.510742 0.964921 0.783941 0.327673 0.533622 1.2 0.383984 0.349977 0.764348 0.709505 0.639263 0.601324 0.751609 0.551068 0.813886 0.774364 0.970049 0.586555 0.586519 0.698578 1.20247
1.19038 1.3596 0.898253 0.604402 0.593386 0.532896 0.411846 0.526595 0.529986 0.186215 0.0586567 0.147993 0.732462 0.46679 0.444333 0.460878 0.436623 0.441762 0.172783 0.485112 0.245715 0.77879 0.282852 0.286577 0.485839 0.581129 0.846614 0.595225 0.670129 0.508047 0.796049 0.4 0.327366 0.164946 0.742075 1.28914
1.3616 1.27747 1.3138 1.19419 0.900142 0.715224 0.776246 0.511849 0.41974 0.46491 0.299649 0.556406 0.83703 1.05562 0.743482 0.870812 0.749518 0.587877 0.643601 0.603656 1.22667 0.760817 0.426047 0.573203 0.571265 1.06444 0.878938 1.15637 1.09648 0.89689 0.615861 1.00421 0.93731 0.785421 2.36769 1.34861
1.44707 0.916204 0.0988387 0.569959 0.814453 0.8 0.873331 0.26552 0.463478 0.0650411 0.0386609 0.515199 0.558724 0.951792 0.710583 0.667746 0.650495 0.554881 0.533006 0.532971 0.336468 0.259648 0.221053 0.594291 0.654923 0.712399 0.738181 0.99087 1.30604 0.927186 0.908178 0.761781 0.715197 0.892909 0.68224 1.85751
2.33787 1.1205 1.83755 1.2 1.16512 1.23911 0.94888 0.943229 0.68883 0.753293 0.682213 0.673673 1.43096 1.6 0.997275 1.11192 0.737898 0.675203 0.713386 0.8 0.725531 0.8 0.527065 0.522936 1.24542 1.09498 0.950307 1.29257 1.16271 1.02299 1.17075 1.49664 1.07238 1.23927 1.14129 1.1549
1.30284 0.368076 1.15696 0.412759 0.34982 1.11458 0.601893 0.367166 0.400037 0.592145 0.679468 0.602161 0.918236 0.8 0.693223 0.878593 0.690798 0.8 0.8 0.487527 0.4 0.859844 0.516466 0.71677 1.48407 1.04309 1.10401 1.35764 1.35238 1.67222 1.02482 1.02537 1.17286 1.23882 0.808803 1.30706
2.5831 1.87935 2.06146 2.14798 2.07099 2 1.48939 1.67828 1.73254 1.35547 1.33971 1.2 1.98308 1.92423 2 1.72506 2 1.62083 1.6 2 1.47087 1.77284 1.17112 1.30884 1.78892 1.99792 2.0004 2 2 2.15201 1.81021 2 1.44777 1.61047 1.00923 2.0329
