36 0 36 72 0 72
1.85615 1.89265 1.39029 1.38037 1.63593 1.2 1.7996 1.26424 1.2 1.52593 1.45227 1.2928 1.63461 0.8 1.65097 2 0.8 1.2 1.2 1.6 1.09116 1.2 1.05158 0.95115 1.73591 2 1.79927 1.65659 1.65966 2.54361 2.06129 2.30316 0 2 1.89541 1.93451
0.798085 2.45095 1.27487 1.32592 1.36162 0.931016 1.58751 1.2 1.36445 0.904225 1.22791 2.16347 1.04125 0.573883 1.2 0.177762 0.75167 0.51063 0.62121 0.319373 0.4 0.512444 0.466375 0.360275 0.885597 1.0496 0.847822 1.26624 1.55969 1.20503 0.68701 1.29473 1.62505 1.60016 2.01194 1.56911
1.22071 0.853924 0.871475 1.3687 0.668443 0.676003 1.17703 1.12775 0.989071 0.937573 0.886891 0.403845 1.07866 0.993049 0.831811 0.755004 1.24697 0.812151 0.778347 0.8 0.511337 0.448442 0.608588 0.754372 1.14047 1.31818 1.1271 1.46532 1.13724 1.30282 1.15613 1.1107 1.14988 1.11651 1.08704 1.53065
1.56527 1.15869 1.03933 0.919605 0.936319 0.735967 0.465485 0.650507 0.797743 0.839022 0.467135 0.75445 0.777632 0.591926 0.816479 0.825823 0.656661 0.336823 0.38746 0.874549 0.424914 0.566534 0.414255 0.636241 0.931838 0.697313 1.16982 0.971222 1.34599 0.911791 1.18609 1.4512 1.18868 0.880221 0.813812 1.40346
1.11937 1.40612 1.40876 0.901772 1.18286 0.882082 1.04461 0.84359 1.091 0.699068 0.716483 0.420817 0.948308 0.894314 0.847806 0.748003 0.85019 0.767435 0.811168 0.569107 0.661183 0.679542 0.386527 0.429905 0.73193 1.11534 0.888189 0.992959 1.10087 1.05413 0.822015 0.927348 0.909168 1.35053 1.4333 1.37698
1.34656 1.22471 0.784596 1.14205 0.576486 0.8 0.542377 0.404494 0.380707 0.276513 0.282095 0.620411 0.42109 0.489454 0.699364 0.771708 0.410586 0.181998 0.100031 0.545835 0.386433 0.331164 0.0605098 0.348571 0.926257 0.952551 0.795499 0.93633 0.311644 0.70498 0.787417 1.14282 0.879267 0.754291 1.13914 1.28905
0.557118 1.07072 0.988107 0.657166 0.964667 1.00935 0.830084 0.609461 0.399183 0.326794 0.522944 0.621187 0.967434 0.558304 0.665182 0.424135 0.452156 0.334213 0.531464 0.132232 0.338497 0.0331258 0.598348 0.396872 1.05351 1.26592 0.857249 1.04963 0.535513 0.891528 0.8 0.521237 0.721768 0.973007 1.27369 1.35491
0.974504 0.697696 0.706533 0.870085 0.83894 0.699479 0.658339 0.751494 0.200584 0.215581 -0.0681821 0.174765 0.288141 -0.130194 0.327078 0.522417 0.127124 0.0785322 0.22906 0.297284 0.0353776 0.0190076 0.0240907 0.227667 0.697636 0.448789 0.542258 1.12189 0.621542 0.325132 0.357435 1.00621 0.710087 0.772182 0.517143 0.946537
1.26279 0.682532 0.623889 0.703225 0.323814 0.201855 0.185413 0.18425 0.670413 0.170221 -0.00615106 -0.108848 0.376268 0.40613 0.0340081 0.538882 0.0610763 0.519804 0.295822 0.360883 -0.00248771 0.0510913 -0.0338321 -0.00972394 0.703151 0.66551 0.721624 0.74789 0.574308 0.40467 0.893547 0.441548 0.822409 1.01023 0.75668 0.662716
0.983129 0.772665 0.924401 0.801052 0.626941 0.607524 -0.244331 0.239544 -0.135373 0.191531 -0.184871 0.416694 0.595786 0.488288 0.106764 0.35782 0.105325 -0.0678501 0.157441 0.0704421 -0.398954 -0.0208114 -0.387856 0.158234 0.300973 0.517467 0.546258 0.495027 0.106761 0.629703 0.517788 0.311051 0.193025 0.670456 0.455661 0.343718
1.85221 1.33939 0.285377 0.6098 0.0684003 -0.0142922 0.159681 -0.00899488 -0.194505 -0.021958 -0.317014 -0.399075 0.153127 0.260962 0.493502 0.197933 0.416934 0.155789 0.106296 0.0802535 -0.189532 0.166763 -0.174219 0.0615121 0.641037 0.462099 0.123422 0.336343 0.335138 0.437212 0.640882 0.683649 0.530778 0.338109 0.648019 1.10176
0.859473 0.710801 0.290161 0.214949 -0.122884 0.115309 -0.119795 -0.0326849 0.288188 0.288864 -0.524648 0.169602 0.127626 0.252274 0.0876628 0.138899 0.545703 0.660244 -1.91172e-11 0.0501013 0.270928 0.0966736 -0.0957744 0.20958 0.0856391 0.965279 0.186875 0.170981 0.0366609 0.0857905 0.619373 1.09544 0.735286 0.542303 0.149186 0.616026
0.510272 0.863437 1.26869 0.80372 0.479433 0.333024 0.615457 0.135114 0.294706 0.218962 -0.170153 -0.260985 0.0993532 -0.489073 -0.0764472 0.189674 -0.159405 -0.255815 -0.200041 -0.150678 -0.183419 -0.0461788 -0.415916 -0.232066 0.486852 0.129818 0.288249 0.178808 0.61274 0.0539913 0.726238 0.930882 0.306935 0.491394 0.693814 0.627073
0.404661 1.02171 1.04057 0.606237 0.111573 0.191887 0.180539 0.258768 -0.163823 0.115575 -0.368758 0.0511487 0.406247 -0.105623 -0.184736 0.145879 -0.372946 -0.518882 -0.357036 0.0701855 -0.188744 -0.272888 -0.20612 -0.140368 0.113255 0.276727 0.737912 -0.116644 0.496115 0.0555398 0.0178184 0.835994 0.587916 0.130207 -0.00861038 0.631386
1.45306 0.811766 0.791722 0.438429 0.415431 0.278217 0.0449107 -0.306918 0.132253 -0.0415348 -0.214401 -0.208657 0.0401987 1.51744e-11 -0.738784 -0.390223 0.144417 -0.437937 -0.0830822 0.0244343 -0.164165 -0.309144 -0.766786 -0.292802 0.536168 0.433849 -0.239195 0.319482 0.637957 0.0628759 0.090426 0.667637 0.407628 -0.296603 0.101423 0.591306
0.892031 0.651024 -0.191687 0.367849 0.412715 -0.107643 1.07234e-10 0.104773 -0.857739 -0.550334 -0.652455 -0.158858 -0.257736 -0.555415 -0.349762 -0.203263 -0.517813 -0.243654 0.0602601 -0.502708 -0.0758594 -0.556162 -0.755334 -0.576215 0.556345 0.205044 0.0931253 0.337989 -0.16974 0.464682 0.121472 0.0576923 0.341061 0.0677321 0.142566 0.330829
0.73408 0.450133 0.34336 -0.474996 -0.0356637 0.149992 0.399025 -0.110287 -0.447397 0.00370189 -0.598539 -0.520201 0.19578 -0.177218 -0.430756 2.45359e-14 -0.345965 -0.235564 -0.463663 -0.518712 -0.374322 -0.179326 -0.166727 -0.493275 0.0861625 0.29933 0.293659 0.269952 -0.245272 0.201438 0.112892 0.676613 0.495105 0.574982 0.704328 0.185223
0.449938 0.155859 0.0815314 0.16888 0.00851125 -0.489172 -0.347053 0.016446 -0.225612 -0.210047 -0.707094 -0.715503 -0.389115 0.235791 -0.2023 -0.370691 -0.141927 -0.237805 -0.194208 -0.361709 -0.354878 -0.503893 -0.339439 -0.322579 0.335872 0.534323 0.219374 0.6738 0.00876842 -0.389974 0.259708 0.648872 0.174151 0.686823 -0.150233 0.430276
0.579135 0.279532 -0.0713162 -0.248782 -0.211586 0.0392501 -0.4 -0.225078 -0.914863 -0.563183 -0.819218 -0.508972 -0.493769 -0.540343 -0.4 -0.239472 -0.202852 -0.590946 -0.39142 -0.220132 -0.280577 -0.540731 -0.797601 -0.270694 -0.0487382 0.0671162 0.153821 0.00510008 0.419778 0.674118 0.458364 0.0487429 0.0955208 0.415216 0.222645 0.391341
0.490152 0.243634 0.104709 0.273205 -0.0688243 -0.150397 -0.224378 -0.381241 -0.228755 0.0050226 -0.65882 -0.673251 -0.338693 -0.224184 -0.464141 -0.0705317 -0.389061 -0.4 -0.466194 -0.287143 -0.255743 -0.241073 -0.586022 -0.481727 0.183134 -0.10733 0.0274908 0.0358126 0.379822 -0.0724975 0.594151 0.522075 0.241414 0.364969 -0.0737765 0.4172
0.416413 0.451559 -0.0588318 0.124317 -0.156265 0.053691 -0.466104 -0.539232 -0.733057 -1.12206 -0.784286 -0.738899 0.498993 -2.33245 -0.700099 -0.468959 -0.236455 -0.226513 -0.492502 -0.760732 -0.0443071 -0.203652 -0.603262 -0.190156 0.211017 0.501861 0.00863961 -0.0880585 0.336462 0.489304 0.0614546 0.100803 0.283285 0.0525454 -0.172182 0.302182
0.028587 -0.00557967 0.0463411 0.0327293 0.0849018 -0.11941 -0.152395 -0.310335 -0.278478 -0.4 -0.496737 -0.700001 1.44452 0.669869 -0.308895 -0.151634 0.223066 -0.0717906 -0.591632 0.0726742 -0.4 -0.565902 -0.488872 0.073126 0.407484 0.283515 -0.216453 0.575144 0.00978041 0.0456762 0.219072 -0.562843 0.0750844 0.283858 0.197313 0.0437668
0.34667 -0.234403 -0.228083 0.27378 0.0630098 -0.0623085 -0.33042 -0.232562 -0.269518 -0.520017 -0.330087 0.0733472 -0.146659 0.0387193 -0.203256 -0.329385 -0.20627 -0.630589 -0.335994 0.120598 0.0542014 -0.647142 -0.302685 -0.445199 0.206037 0.218659 0.202586 -0.00615524 0.00381185 0.167084 -0.292473 0.358396 -0.34587 -0.246197 -0.249625 0.568126
0.571589 -0.135033 0.259895 -0.221667 0.174757 0.160182 -0.4 -0.283324 -0.114732 -0.654151 -0.167185 -0.179792 -0.1708 -0.716349 0.101186 -0.231152 -0.325919 -0.217685 -0.393456 -0.217007 0.0153193 -0.3648 -0.0562338 -0.191501 -0.0250819 0.135885 0.183155 0.580416 0.143234 0.269298 0.0811548 0.448714 -0.263229 0.0466007 0.430103 1.17046
0.298829 0.300769 0.0511783 0.1447 0.139181 -0.314188 -0.203128 -0.223636 0.206235 -0.439316 -0.18752 -0.627267 -0.0777081 -0.177256 -0.0930092 0.282655 0.4 -0.169368 -0.257616 -0.365618 -0.465251 -0.434389 -0.240463 -0.385112 -0.0826298 0.453225 0.106986 0.573885 0.115449 0.50388 0.175328 -0.141259 0.156347 0.0905131 -0.18863 0.480572
0.371499 0.4411 -0.122938 -0.0197113 0.0352824 -0.186693 -0.130549 -0.549405 -0.378076 -0.637769 -0.61256 -0.440784 0.531366 -0.0351478 0.216247 0.8 0.0651962 0.04353 -0.50178 -0.193238 -0.350638 -0.669653 -0.290454 -0.355081 0.162451 -0.0871507 0.0923154 0.558081 0.588917 0.0181963 0.278981 0.449637 0.168843 0.081626 -0.09107 0.572981
0.4 -0.619912 -0.411442 -0.52461 -0.385596 -0.468712 -0.383032 -0.669002 -0.282065 -0.591154 -0.506688 -0.475129 -0.0720645 -0.4107 -0.786596 -0.0787498 -0.0207876 -0.067102 -0.206854 -0.715556 -0.32629 -0.710133 -0.402058 -0.471517 0.4 -0.0965461 -0.166401 0.248916 3.08419e-11 -0.162563 0.112442 -0.37442 0.12441 -0.208705 -0.399249 -0.169629
0.112734 0.113511 -0.318777 0.130417 -0.217256 -0.614783 0.0222742 -0.76985 -0.205177 -1.32654 -0.551353 -0.154002 0.576267 0.0377186 -0.296427 -0.625893 -0.366918 0.0187155 -0.469851 -0.580294 -0.360143 -0.581861 -0.457958 -0.127806 -0.463221 -0.0267899 1.07254e-11 0.00257099 0.4 0.171313 -0.261658 0.433144 2.46581e-13 -0.108811 -0.581842 -0.198649
0.498058 -0.0323892 -0.250636 -0.106467 -0.383577 0.204883 -0.543759 0.0574779 -0.163473 -0.381452 -0.115757 -0.483107 -0.117659 -0.0911046 -0.262278 -0.409865 -0.77619 -0.231864 -0.852952 -0.366183 -0.466422 -0.398295 -0.170578 -0.679664 -0.243287 -0.0993476 -0.512901 0.140245 0.100769 0.187044 6.36404e-11 1.00885e-10 -0.334809 0.223754 0.274922 0.322521
0.365868 0.311849 -0.120158 0.0819539 0.0937338 -0.180926 -0.243211 -0.0567872 0.132557 -0.329055 -0.431564 -0.41373 -0.204639 -0.322703 0.0755911 -0.06871 -0.692309 -0.505337 -1.07549 -0.468661 -0.392613 -0.76177 -0.364665 -0.597138 -0.125609 0.223336 -0.143362 0.179696 0.0650859 1.81355e-12 -0.23795 0.249864 -0.54581 0.0550392 0.522155 0.734087
0.162033 -0.339096 0.216726 -0.261455 -0.223991 -0.549966 -0.4895 -0.93998 -0.151119 0.0787367 -0.44158 -0.319387 -0.340561 -0.387022 -0.236928 -0.621406 -0.166143 -0.125963 -0.53301 -0.576925 -0.405037 -0.747046 -0.435768 -0.199046 0.121962 -0.147615 0.475722 0.441222 -0.159023 -0.4112 0.247653 0.236417 0.441383 0.888607 0.31854 0.395065
0.283564 0.198054 1.088 0.292554 -0.286781 -0.384214 -0.506047 -0.651647 -0.340735 -0.329969 -0.868018 -0.744567 -0.324127 -0.216148 -0.151999 0.328715 -0.393811 -0.299166 -0.459989 -0.533486 -0.442211 -0.722603 -0.525521 -0.29549 0.0768303 -0.224228 0.540183 0.174218 -0.086914 0.230847 0.276244 0.367162 0.694722 0.388213 0.149861 0.591713
0.361823 0.169543 -0.172933 -0.00946371 -0.375107 0.231875 0.267253 -0.0598029 -0.819277 -0.808576 -1.71734 -0.157534 0.335599 0.21535 0.0177782 0 -0.109326 -0.244427 0.215684 0.108185 -0.029323 -0.0112347 0.144072 0.038424 0.932892 0.740758 0.734782 1.00969 0.754531 0.435821 0.304188 -0.0920818 0.398304 0.628152 0.308436 0.343929
0.351235 0.388585 -0.413823 0.159662 0.217541 -0.180162 0.201398 0.0205673 -0.773364 -0.309077 -0.560912 -0.767618 0.684322 0.377268 0.552978 0.640762 0.410349 0.282241 -0.105403 0.0805818 0.146039 0.216176 -0.371167 -0.153515 0.958977 0.633846 0.906994 0.709675 0.748848 0.431619 0.257693 0.298382 0.0502384 0.406954 0.636884 0.694336
0.234646 -0.110358 5.50155e-11 0.0638781 -0.249773 -0.165267 -0.459572 -0.4 -0.369415 -0.198486 -0.204836 -0.196086 -0.124279 -0.207361 -0.292207 0.44434 -0.112031 0.10761 -0.187891 -0.313823 -0.436146 -0.339496 -0.517964 -0.487332 0.383278 0.642758 0.339024 0.75367 0.608226 0.543691 0.387853 -0.305131 0.519669 -0.0207892 0.0471815 0.65545
0.375916 0.0157077 -0.041777 0.18221 -0.723326 -0.0780866 -0.240616 -0.177821 -0.535395 -0.219752 -0.24691 -0.291024 -0.941905 -0.115029 -0.445399 -0.319288 -0.428782 -0.34958 -0.524798 -0.375615 -0.641986 -1.40058 -0.511103 -0.501711 0.508729 0.319659 0.410496 0.493993 0.745169 0.416013 0.0376896 0.275081 0.631577 0.137214 0.406449 0.833952
0.4 -0.244592 -0.0437242 -0.0978048 -0.12562 -0.298084 0.175295 -0.451363 -0.239209 -0.0868138 -0.259606 -0.146333 0.012812 -0.108644 0.167676 -1.07311 0.0778201 0.254036 0.321287 4.25227e-12 -0.167031 2.75879e-11 -0.113794 -0.228706 -0.427991 0.239038 -0.0374144 1.01408e-12 19.6 -0.197817 -0.0185668 -0.569095 -0.155727 -0.0963448 -0.0561798 -1.00613
0.278191 -0.040524 0.19885 0.114739 -0.207448 -0.120221 0.63192 0.507266 -0.128604 -0.0960335 -0.133877 -0.127341 0.142642 0.264623 0.551613 0.0677848 -0.185452 -0.325438 -0.219764 0.198485 0.109896 0.100658 -0.106241 0.0742959 -0.144093 2.35967e-12 0.0573595 -0.0834109 0.4 -0.0815755 -0.247449 9.03877e-12 -0.32684 0.000380562 -0.256327 0.4
0.572674 0.0971493 0.0985854 0.245954 0.10336 -0.06788 9.98448 0 0.206675 -0.377812 -0.756535 -0.485748 0.0454498 -0.365093 0.0169832 -0.214877 0.121469 3.91798e-13 -0.314257 -0.45405 -0.4 -0.425361 -0.249714 4.94137e-10 -0.4 -0.318692 -0.137937 0.4 0.0198549 0.0416276 4.29656e-14 -0.2651 0.4 -0.201279 -0.35122 -0.07179
0.35537 0.0859061 -0.207595 0.02104 0.189921 0.413 -0.108565 -0.24231 -0.142293 -0.516528 -0.827454 -0.143082 0.0815794 -0.352875 -0.244527 -0.786615 1.14855e-10 -0.489852 7.28861e-13 0.0293251 -0.303014 -0.522292 -0.567093 -0.210236 0.4 -0.140483 0.4 0.4 0.4 0.4 -0.337992 0.450058 -0.182948 -0.150436 -0.244991 -0.390777
0.346585 0.548295 -0.0801845 -0.701247 0.103317 0.0867872 -0.261637 -0.38141 -0.226979 -0.55655 -0.355575 -0.430111 0.33138 0.470187 -0.226273 0.499094 -0.133025 0.0498445 0.198324 -0.374962 0.0453333 0.0320812 0.0490337 0.341556 0.145295 0.150825 0.0660997 0.0576482 0.214794 0.422154 0.30944 0.506077 -0.282458 -0.27549 0.315774 6
1.04579 0.495962 -0.0170516 0.0289261 9.42579e-14 -0.16484 -0.417008 0.0757625 -0.419845 -0.315244 -0.208659 0.0235136 0.294035 -0.489069 0.226934 0.209806 -0.105839 -0.213392 -0.196148 0.0977574 -0.207073 -0.180264 -0.479458 0.190869 -3.29735 0.113532 0.4 3.69872 0.4 0.523306 0.538209 0.593986 0.0152463 3.63747 0.251938 8.76493
1.05813 0.287659 0.378941 -0.147563 0.22581 -0.176624 0.0982072 -0.670596 -0.491091 0.0339544 -0.274119 0.15193 9.22173e-12 -0.203284 0.591364 0.163704 0.156342 -0.25875 -0.398136 -0.531389 -0.165469 -0.4725 0.242441 0.246649 0.311772 0.204793 5.70677e-12 0.0200339 0.131912 -0.378969 -0.163864 1.06557e-11 1.11111e-12 -0.354455 -0.238973 -0.8
1.11515 0.259274 0.119336 0.249871 0.191891 -0.603472 -0.140869 -0.371465 0.654706 0.328789 -0.312796 0.0462314 0.468654 0.192515 0.0394457 -0.14276 0.346567 0.0544385 -0.28487 -0.284934 -0.124731 -0.30884 0.186755 0.312318 2.61213e-12 0.154635 -0.475234 -0.296647 -0.148996 0.0402234 -0.202275 0.0586529 2.93499e-11 -0.477104 -0.8 9.71615
0.458684 0.152423 -0.254934 -0.8 -0.74339 -0.152386 -0.490558 -0.514793 0.317505 -0.280014 -0.372761 -0.191923 -0.119488 -0.034801 0.636105 -0.241844 0.446972 0.108512 0.219076 0.203814 -0.113155 0.167039 0.176776 0.305242 0.886332 0.656748 4.25952 0.919679 0.63541 0.255842 0.157731 0.28202 1.31955 0.758078 -0.00270856 0.549862
0.579442 0.167741 -0.371542 -0.17514 -0.48465 2.61902e-13 -0.108084 -0.829187 -0.247932 0.306081 -0.203947 -0.108984 0.240389 -0.0878857 0.612298 0.210721 0.150648 0.541501 -0.164807 0.49032 0.328116 0.0707196 -0.0231726 0.40073 2.08164 1.24831 0.485434 0.805632 20.4 0.287112 1.79782 0.791931 0.286108 5.07492 0.0375771 1.35789
0.589442 0.155379 0.227075 -0.0468181 0.8051 0.697907 -0.0015238 -0.0915911 -0.160905 -0.0292513 -0.460441 -0.39584 -0.274157 0.125268 0.21127 -0.294857 -0.132872 -0.0581409 0.0811769 -0.250928 -0.359252 -0.692663 -0.0144103 0.150461 0.620525 0.466742 0.0160341 0.239438 0.734661 0.589232 2.09366 -0.665142 0.809265 0.813176 -0.0300241 0.472513
0.664904 0.318323 1.00865 0.211293 0.722708 0.524815 -0.557498 0.278552 0.601425 0.3754 0.403178 0.237003 -0.229648 0.248496 -0.406022 -0.0232193 -0.0405315 0.251436 -0.16937 -0.268652 -0.751203 -0.671436 0.389139 0.0292227 0.902202 20.1856 -0.356555 0.198652 19.9845 -5.2 -0.140079 -0.314384 0.941017 0.320397 0.775938 0
0.488838 -1.12832 -0.290615 0.0575133 -0.139838 -0.314052 -0.185824 -0.567763 -0.26832 -0.295659 -0.203613 -0.69752 -0.21814 -0.320497 -0.0992271 -0.120345 -0.221091 -0.299106 -0.578861 -0.22709 0.150386 -0.24331 -0.0707441 -0.310172 -0.268935 -0.61621 -0.610619 -0.593178 0.0706342 -0.0800352 -0.0173777 -0.141206 -0.13181 -0.180792 -0.310129 0.0152125
0.160447 0.164555 7.78932e-13 0.17841 -0.449558 -0.314315 -0.165991 -0.753902 -0.463033 -0.4 -0.553411 -0.780098 -0.273194 -0.0350981 -0.140766 -0.0734707 -0.295327 -0.365923 -0.631932 -0.152224 -0.535915 -0.249439 -0.496061 -0.11133 0.188302 -0.331061 -0.4 -0.366921 -0.209157 -0.149804 -0.350696 -0.19216 0.369086 -0.0539079 -0.430643 0.342015
0.230925 0.177863 -0.275858 -0.479649 -0.511514 -0.112434 -0.453221 -0.263512 -0.335181 -0.288831 -0.303624 -0.507201 -0.292068 -0.2859 -0.253566 -0.4816 -0.895253 -0.0801746 -0.149118 -0.219673 -0.418315 -0.250253 -1.02581 -0.661313 0.107892 -0.198892 -0.127157 -0.340078 0.187288 -0.283621 0.108425 0.207209 0.492959 0.127371 -0.294449 0.181534
0.086874 -0.0371324 -0.103559 -0.0640651 0.318011 0.0746458 -0.396357 -0.4 -0.237729 -0.4 -0.597707 -0.463857 0.0632465 -0.427767 -0.147479 -0.170078 -0.180213 -0.217995 -0.304659 -0.679679 -0.210767 -0.620796 -0.678071 -0.516778 -0.185417 -0.325067 -0.462374 -0.32357 0.106219 0.0274016 -0.607649 0.107105 -0.27843 0.588273 0.116889 -0.163285
0.477666 -0.326308 0.146521 0.288862 0.059387 -0.363861 -0.0717783 -0.271093 -0.133566 -0.4 -0.233111 -0.858484 -0.164927 0.0154759 -0.836097 -0.455167 -0.15813 -0.783438 0.0525378 -0.207835 -0.488815 0.0283004 -0.522584 -1.06361 0.285576 0.226243 -0.322209 0.173043 0.0270013 0.298995 0.48397 -0.216566 -0.0801213 0.190795 -0.215188 0.266436
0.299414 -0.147321 0.0515668 0.290756 -0.0234956 -0.313807 -0.527399 -0.196092 -0.209212 -0.713897 -0.423454 -0.350456 -0.281493 -0.12796 -0.4 0.0991308 0.23978 -0.242728 0.0990238 0.163528 -0.227289 -0.138351 -0.434773 -0.344953 -0.0486426 0.432027 -0.10589 -0.180018 0.358375 0.732309 0.0200096 0.31559 -0.206784 0.111147 -0.0392471 -0.0807613
0.838069 -0.0819146 0.139459 -0.0729612 0.26378 -0.493649 -0.193329 0.229444 -0.525523 -0.278341 -0.596982 -0.338541 0.224038 -0.4 -0.43905 0.250771 -0.242666 -0.1064 -0.255869 -0.188495 -0.514581 -0.285992 -0.327236 0.167064 0.134163 0.281817 -0.323844 0.211614 0.951488 0.313079 -19.4559 -18.2194 -19.5789 -20 -19.5045 -20
0.89037 0.381759 0.322785 0.195854 0.210171 0.125706 -0.300238 0.081936 -0.4 -0.39569 -0.748344 -0.351834 0.15333 -0.152217 -0.0400175 0.142398 -0.166459 -0.335827 -0.0209775 -0.298532 -0.20035 -0.539061 -0.424837 -0.0472193 0.0959996 -0.144354 -0.321311 0.492756 0.221626 1.16074 -10.8311 -19.403 -20 -19.4026 -20 -20
0.0959516 -0.27136 0.347918 0.344346 -0.174076 -0.29424 -0.505738 -0.120366 -0.0796695 -0.546883 -0.345949 -0.290333 0.0524103 0.00191254 0.0248249 0.253476 -0.273322 -0.0633288 0.199486 -0.426415 -0.189102 -0.777904 -0.32034 -0.618694 -0.0174055 -0.123502 0.0980771 0.841603 1.52101 1.09867 0.239685 0.203236 0.240321 0.0156679 0.457187 0.169199
0.611045 0.444583 0.288773 0.253993 -0.146168 -0.210785 -0.110229 -0.308787 -0.337211 -0.863182 -0.505465 -0.253647 -0.115012 -0.155634 -0.0727234 0.228193 0.00124134 -0.363495 -0.542965 0.139678 -0.468164 0.0451188 -0.0851717 -0.465209 0.100424 0.0599661 0.0404604 0.796739 1.94604 1.7759 0.613278 0.46983 -0.0630114 0.27295 -0.150068 0.345012
0.6185 0.59412 0.172839 0.410758 0.40024 0.43051 0.134006 -0.216346 -0.508648 0.428133 -0.560394 0.232412 -0.128885 -0.152768 -0.222439 0.060107 -0.827062 0.264478 -0.486442 -0.4 -0.0998031 -0.381727 -0.451595 -0.348602 0.0949342 -0.103969 0.19874 0.827861 1.02684 -0.440111 0.42132 -0.263478 -0.139112 0.0991792 -0.0924543 -0.0354437
0.916466 1.0567 0.460091 0.304702 0.321979 -0.121849 -0.120802 0.00616992 0.146048 -0.346198 -0.223039 0.00288168 0.16185 -0.265989 -0.270557 0.180727 0.00730564 -0.129507 -0.377474 -0.0713679 0.0124146 9.11715e-13 -0.41407 0.0484723 0.0866518 0.300879 0.907416 1.71969 1.34457 1.39236 0.451103 0.31526 0.459229 0.418328 0.297482 0.581152
0.759399 0.616479 -0.230295 -0.134687 0.722335 0.61035 0.038024 0.140797 -0.0496135 -0.0442525 0.229248 -0.096192 0.355293 0.133186 0.328381 0.414852 0.0899511 -0.417291 -1.16616 -1.05112 -0.029986 -0.181206 0.0250032 -0.209748 0.327797 0.754681 -0.8 1.28594 0.924061 0.524542 1.13971 0.124171 0.640587 0.17331 0.716811 0.712585
0.999289 0.525418 0.128337 0.541663 0.0486581 0.549553 0.0588203 -0.152197 0.0208402 0.0423827 -0.233721 0.214961 0.272091 0.480649 0.179616 0.0675355 -0.288478 0.0697589 -0.635336 -0.575617 0.381629 -0.11442 -0.20893 -0.383183 0.388025 0.562244 0.70076 0.887186 0.924653 0.268 0.164798 0.433966 0.301615 0.458947 0.735398 0.817471
0.792443 1.00666 0.455052 0.261313 0.54487 0.225842 0.0340833 0.0119364 0.218485 0.24735 -0.0156668 -0.127255 0.327617 0.249055 0.614822 0.529782 -0.0880382 0.226923 -0.363586 -0.311766 0.00171755 0.353969 -0.156162 0.0691747 0.839695 0.569185 1.6 1.48702 0.635041 0.284874 0.196626 0.630833 1.01127 0.41526 0.382056 0.444136
1.11564 0.995061 0.274011 1.0964 0.367956 0.605588 0.173416 3.74478e-13 0.20661 0.204729 0.168343 0.175774 0.0177878 0.647474 0.39276 0.240173 0.157628 0.0283471 -0.0449152 0.0209164 0.103499 0.692485 0.374462 0.160649 0.561277 1.17563 1.28853 1.74933 1.06777 0.50349 0.362598 0.535361 0.791531 0.734577 0.557144 0.904051
1.49553 1.16377 0.613448 1.03491 0.34293 0.547752 0.542748 0.460972 0.189255 0.4 0.463531 -0.10016 0.624813 0.28546 0.121853 0.4 0.4 0.297799 -0.4 -0.267959 0.159739 0.304342 1.24702e-11 -0.133056 0.910589 0.518478 1.25269 1.71806 1.20398 0.465505 0.87809 0.776825 0.744734 0.0354552 0.727231 0.117721
1.47813 1.04619 0.994697 0.552253 0.89967 0.523514 0.668854 0.542344 0.326876 0.411547 0.524895 0.470123 0.649187 0.652369 0.442167 0.534494 0.789153 0.284699 -0.302252 0.245955 0.515674 0.4 0.344094 0.232132 0.841067 1.1433 1.85447 2.11128 0.987586 0.742508 0.774707 0.519075 0.782984 0.982464 0.946923 0.753495
1.29685 0.694443 1.23198 0.877258 0.748417 0.838955 0.655869 0.975455 0.270363 0.00530377 0.42671 0.367891 0.820832 0.509047 0.853548 0.8 0.4 0.604577 0.265238 3.5405e-13 0.4 0.4 0.56788 0.313953 0.80724 0.903501 1.20332 1.7177 0.923363 0.948454 0.737571 0.327359 0.716493 0.858821 1.33633 0.812207
1.44173 1.4872 1.2215 1.39835 0.936107 0.974833 0.615335 0.96789 0.852759 0.912065 0.609104 0.74668 1.0259 0.988177 0.865945 1.10622 0.947861 0.70379 0.46184 0.74371 0.4 0.515384 0.519256 0.8 1.1141 1.60299 1.98933 1.95521 1.3423 1.11255 1.03337 1.28776 0.763102 1.28682 0.84585 1.44774
1.31 1.11959 1.26427 1.22017 0.851054 0.951905 0.84554 0.362167 0.463465 0.666286 0.497547 0.725383 0.830607 0.953455 0.597441 0.991356 0.66793 0.314443 0.472599 0.17018 0.23286 0.499988 0.79001 1.06358 0.723875 1.2 0 -0.263481 1.77309 1.09547 1.12582 0.861996 1.08255 0.891766 1.16627 1.08106
1.60106 1.29848 1.12347 1.10743 1.42122 0.980275 0.868993 0.963181 0.764899 1.09231 0.796349 1.01734 1.36862 1.35236 0.429068 1.10175 1.12363 0.948943 0.863623 0.995887 0.8 0.446946 1.2177 1.47864 1.46789 1.28287 2.08311 0.0992447 1.67263 1.78267 1.2 1.05254 1.00495 1.00779 1.25625 1.17835
2.12382 1.68588 0.160203 1.11233 1.65642 0.4 1.31962 0.872086 0.794279 -0.0952277 1.6245 0.987177 0.8 1.34457 1.79747 1.2 1.83638 1.6 1.91593 1.2 1.01262 1.14758 1.77678 0.70802 2.77132 1.93706 1.60007 0 1.51336 1.50996 1.40759 1.00134 2.13261 1.38368 1.29358 1.6847
2.8 2.5336 2.4 2.08041 1.95237 2.7143 2.32455 2.80495 2.05556 2.57348 2.8 2.4 2.86552 2.89799 2.70597 2.92773 2.69157 2.73485 2.8 3.2 2.83458 2.4 2.8 2.52993 2.69022 2.72184 0 0 2.47306 2.00902 2.07465 1.78187 2.27303 1.50629 2.20865 2.0648
