8 0 8 64 0 64
1 1 1 1 1 1 0 0
1 1 0 0 1 1 0 0
1 1 0 0 1 1 0 0
1 1 0 0 1 1 0 0
1 1 0 0 1 1 0 0
1 1 0 0 1 1 0 0
1 1 0 0 1 1 0 0
1 1 0 0 1 0 0 0
1 1 1 0 1 0 0 0
1 1 0 0 0 0 0 0
0 1 0 0 0 0 1 0
0 0 0 0 0 0 0 0
1 1 0 0 0 0 0 1
1 1 0 0 0 0 0 0
1 0 0 0 0 0 0 0
1 1 1 0 0 0 0 0
1 1 0 0 0 0 0 0
0 0 0 0 0 0 0 0
0 1 0 0 0 0 0 0
1 0 0 0 0 0 0 0
1 1 0 0 0 0 0 0
1 0 0 0 0 0 0 0
1 0 0 0 0 0 0 0
1 0 0 0 0 0 0 0
1 1 0 0 0 0 0 0
1 1 0 0 0 0 0 0
0 0 0 0 0 0 0 0
0 0 0 0 0 0 0 0
1 1 0 0 0 0 0 0
1 0 0 0 0 0 0 0
1 0 0 0 0 1 0 0
1 0 0 0 0 0 0 0
1 1 1 0 0 0 0 0
1 1 1 1 0 0 0 0
1 0 0 0 0 0 0 0
1 0 0 0 0 0 0 0
1 1 0 0 0 0 0 0
1 0 0 0 0 0 0 0
1 0 0 0 0 0 0 0
1 0 0 0 0 0 0 0
1 1 0 0 0 0 0 0
0 0 0 0 0 0 0 0
0 1 0 0 0 0 0 0
0 0 0 0 0 0 0 0
1 1 0 0 0 0 0 0
1 1 0 0 0 0 0 0
1 0 0 0 0 0 0 0
1 0 1 0 0 0 0 0
1 1 0 1 0 0 0 0
0 0 0 0 0 0 0 0
0 0 0 0 0 0 0 1
1 0 0 0 0 0 0 0
1 1 0 0 0 1 0 0
1 0 0 0 0 0 0 0
1 0 1 0 0 0 0 0
1 1 1 0 0 0 0 0
1 1 1 1 0 1 1 1
1 1 1 1 0 0 1 0
1 0 1 1 0 0 1 0
1 0 1 1 0 0 1 1
1 1 1 1 0 0 1 1
1 0 1 1 0 0 1 1
1 0 1 1 0 1 1 1
1 1 1 1 0 1 1 1