10 0 10 96 0 96
0 0.0256954 0.0145749 0.0163703 0 0.00129434 0.0728841 1.76599 9.94654e-12 0.636829
0 -0.0527693 0.0183493 1.97705e-10 -0.00117301 7.93242e-11 0.046671 0.067131 0.00691485 0.0150862
0 0 0.00636051 0.0128869 9.17301e-11 0.0979696 0.0226261 0.0140678 1.3028e-09 0.00581381
0 0 0.0226803 0.0112089 0.0006537 -0.000358647 0.0180228 0.00774127 -0.0155907 6.31156e-11
0 0 0.0130889 0 -0.00560015 0.1 0.0664179 0.0136609 -0.0175152 -0.000225296
0 0.0265834 -0.13514 0.0148407 0.00870051 0.00162224 0.2 0.0150978 0.0227935 -0.00613537
0.00949155 0 0.00929709 0.00742481 -0.114969 0.00051554 0.0154881 0.0942284 0.0048539 0.00538848
-0.00549392 0 0.0171948 0.0223654 0.0102785 0 0.0047281 0.0166361 -0.0318938 0.00686252
0.0183921 0.0172563 0.0158192 0.0122296 -1.25032 1.76272e-05 0.00681429 0 -0.0386719 0.0068259
0.0170633 0.0142614 0.00198484 0.0141214 0.00462515 0.0098971 -0.0190681 0 2.0228e-10 0.00976768
0.0253176 0.0188378 -0.00320094 0.0101259 -0.00702464 -0.0173171 0.5 0 0 0
0.0155594 0.0197729 -0.001365 0.00266367 1.37932 0 0.027879 0 0 -0.000803972
0.0248061 0.0158121 0.0117544 0.00862005 0.0020974 0.0578664 0.0118839 0 0 0.020397
0.0314604 0.0210581 0.0139134 -0.001127 0.1 0.0404801 -0.0334774 0 0 0
0.0387844 0.0167726 0.0138007 0 -0.0139292 0.0619203 -0.0112285 0 0 0.00464817
0.0342708 0.0132325 0.0131431 0 0.00170865 0.0279989 0.0684446 0 0 0.178756
0 0.00361605 0.00408184 0 0 0.1 1.11346 0.74777 -0.0204375 0
0 -0.00479562 -0.00299971 0 0 0.00737835 1.16345e-10 0.00104154 -0.0651281 -0.0144166
0 -0.00497821 0.00192804 0 0.1 0.0179457 -0.0217845 9.87263e-10 0.00754799 -0.0183621
0 2.54186e-13 0.00871316 0.0126865 0.95888 -0.00481669 0 0.00154578 -0.00952405 -0.0273496
0 3.5882 -0.00126592 -0.0156775 -0.00375022 -0.00657852 -0.0102058 -0.0178112 0 -0.00656367
0 -0.0203473 -0.0538045 0.072665 0.0611643 0 -0.00457191 3.85408e-09 0.00103886 -0.0159409
0 1.59928e-13 0 0 -0.015462 -0.0319211 0.0206631 9.5576e-12 0.000183729 -0.0176792
1.47786e-09 7.57791e-05 -0.0129515 0 0 -0.00439165 -0.0209119 0 0.386536 0.00153504
0.0157107 0.00531275 -0.000499369 0.0112477 0.00479353 -0.00486196 -0.0548552 0 0.0530869 0.0046567
0.00948286 0.013137 9.59654e-10 0.00039554 2.2049e-13 0.00242814 0 0 0.0249275 -0.00296329
0.0141038 0.00318808 -0.0168547 -0.0159584 0.0133334 1.03132 0 0 -0.0327145 -0.00739265
0.0107043 2.33465e-11 -0.0112228 0.00156343 -0.0975055 0.0993387 0.00765847 0 0.00505099 8.39284e-12
0.00348941 0.00623204 -0.00643631 0.000193365 -0.0200582 -0.204925 0.0737052 0 -0.0677819 0.00335737
1.7111e-10 0 -0.00384722 0.000545357 -0.00697915 0.0199336 -1.29821e-11 0 0.0154223 0.0337477
2.85632e-10 0.00205353 -0.00312337 5.91388e-13 0.004256 0.0528569 0.00225071 0 0 -0.00372428
0.016892 0.00653723 0.00764212 0 -0.0164418 8.00748e-14 0.0289212 0 0 7.01172e-12
0 0.0237796 -0.0151868 -0.0348869 0 -0.0415108 0 0.0674686 0.5 0
0 0.02345 -0.00750451 -0.0400608 0.00955106 -0.046492 0.077602 0.0719682 0.106123 -0.019006
0 -0.00298619 -0.000583303 0.1 0.000114005 -0.0298849 0.0928172 0.0865814 1.36726 -0.022293
0 0.0285877 -0.00975211 -0.0225814 0.0189045 -0.0570773 0.134156 0.161712 0.863887 -0.0410613
0 0.0363463 0.00950963 -1.57658 0.0122988 -0.035245 0.0704024 0.0741035 0.0396419 -0.0130683
0 0.0199481 -0.00726707 0.0999999 -0.00260594 -0.00679285 0.0706769 0.0304813 0.0350604 -0.00603105
0 0.00688127 -0.00481922 -0.00957231 0.0173836 -0.0139404 0.0398467 0.0692537 0.0272036 -0.0452483
0.00941595 0.01016 -0.00513248 0.0358379 0.00930464 0 0.126309 0.0342423 -0.0419866 -0.0110357
1.14303e-12 0.0127776 0.00779046 -0.0146789 -0.0153786 -0.0142591 0.0451497 -0.00233608 -0.0595132 0
0.0310134 0.0264609 -0.0018676 -0.0158111 -0.0224751 0.0106446 -0.00588351 -0.0469573 -0.0188241 0
0.0012117 0.0262247 0.00500101 -0.010923 -0.0254926 0.0244726 -0.0145288 0 -0.00981621 0
-0.00965233 0.0236895 -0.00213217 -0.0345271 -0.00620175 0.017588 0.0535219 0 2.80717e-10 0
0.000998344 0.0161531 -0.0118824 -0.0062244 -0.0177963 0.0207686 0.0696085 0 -0.0418828 0
0.011625 0.0164751 -0.0108167 -0.0215519 -0.0356947 -0.0178042 0.00919758 0 0 0
1.45306e-09 0 0.0107091 0 -0.0436585 -0.0113741 0.077771 0 0 0
0.0508108 0.0065307 -0.00835309 0 -0.0343936 6.10022e-10 0.118438 0 0 0.175143
0 1.33996e-09 -0.0404021 -0.030049 0 0.0139494 -0.00225409 0.0537412 0.1 0
0 -0.0081623 -0.0330112 -0.0381662 0.0291051 0.015081 -0.000665463 0.0706276 -0.0431953 2.33131e-10
0 0.00589768 -0.0038242 -0.0441706 0.00486525 0.0163672 0.0456464 0.0300049 -0.00964682 -0.0199681
0 -0.0206216 0.00238573 0 0.0185915 0.00765328 0.0284487 0 -0.0296545 -0.00610347
0 -0.0118946 -0.00642299 -0.02482 0.00793908 0 0 -0.00842503 0 0.00821182
0 -0.0217252 0.00845431 -0.0310707 0 0 0 0.0307379 -0.0146039 -0.0195611
0 -0.011657 0.00338102 -0.0267134 -0.0122932 0.0221876 0.0256041 0.00339198 -0.0388801 -0.0235971
0.0173354 0 -0.0195032 0 -2.25398e-05 0.0312616 0.0798201 0.0468306 -0.011488 0
-0.00115702 0.0123567 0 -0.0237458 0.00108299 -0.00363657 0 0 4.70249e-09 -0.011959
0.0107476 0.0204293 0.025483 -0.0149078 -0.00576909 0.000586868 -0.0135279 0 -0.0304431 -0.0131796
-0.0378792 0.0166463 0.0209792 -0.0116619 -0.00980246 0.0140784 5.84817e-11 0 -0.0181327 -0.051057
-0.00477843 0.0188644 0 -0.00518074 -0.00327618 0 -0.0241959 0 0.000165846 -0.0316622
-0.0179202 0.0216498 -0.017666 0.00359276 -0.0133608 0.00503813 -0.013073 0 0.0187849 -0.0097966
0.00713038 -0.000493369 0.100457 -0.00454175 -0.0126778 -0.00553035 -0.039497 0 -0.00174159 -0.0270298
-0.0221424 4.71994e-11 -0.0232722 0 -0.00187594 1.28066e-10 0.00646042 0 0 -0.0140518
3.57744e-12 -0.00538875 0.0427544 0 0.00753171 -0.00116241 0 0 0 -0.0104928
0 0.0238878 0.00996062 -0.00216534 0 0.00701543 0.0132011 -0.0010028 -0.00834654 -0.886604
0 0.0214315 0.0222667 0.00723288 -0.00908122 0.0112337 0.0153127 0.0178364 1.21193e-10 1.24268e-09
0 0.0200859 0.00139471 0 0.00956705 -0.0250418 -0.00488017 0.0181767 1.59397e-10 0
0 0.00325961 -0.0135625 0.00241301 -0.0187813 0.0077751 0.00489902 0 0 0.0163011
0 0.0329311 -0.00222325 0.0109552 -0.0438937 -0.0176273 -0.0147657 -0.0084843 -0.00587899 0.00888132
0 -0.0178695 -0.0112651 -0.00109079 0.00583287 1.08144e-09 0.00200732 4.76965e-11 -0.0394004 0.00493455
0 0.0107122 -0.00910479 0.00810819 0.00907387 -0.0132948 8.89373e-10 0 2.07585e-10 -0.00355857
-0.0180413 -0.0191466 -0.00139678 1.21821e-09 -0.021498 -0.00125728 -0.0067332 0.00205478 3.50564e-10 2.299e-09
0.0229862 0.00785258 3.20289e-11 0.0151284 -0.0186052 0 0.00202019 0 -0.0240094 0.00133352
0.0167685 0.00282985 -0.0181632 -0.00199947 -0.022379 0 -0.0111708 0 -0.0265309 3.05099e-08
0.0148714 -0.0103937 -0.0079175 0 0.000406991 0 0.0613187 0 -0.0320156 -0.0504165
0.0070431 -0.0176346 -0.00813735 -0.0154279 -0.00561418 0 0.0858634 0 -0.0144053 0.0136247
6.52909e-11 0.00371985 -0.00267647 -0.0120571 0.00176189 0 0.0441558 0 -0.0221966 0.0013669
0.00217319 0.00282256 -0.0176663 -0.0313056 -0.0268186 0 0.0630222 0 0.112292 0
6.24006e-09 0.00882608 -0.0166131 0 0 0 0 0 0 -0.0146513
-0.0177614 0.0138472 -0.00949612 0 0.00224536 0 0 0 0 0.00616195
0 0.0150686 0.00225258 -0.0062463 0 0.0415638 0.00464359 0.0469445 -0.079541 0
0 0.0182927 0.00138972 7.72363e-05 0 0.0202804 0.00804925 0.0269902 0.0107192 2.27476e-11
0 0.0151908 2.80526e-11 -0.00686557 0.00126424 0.00922167 0 -0.00806906 -0.0138521 0.00219838
0 0 0.00715452 -0.0170531 0.03584 0.0103924 0.00963629 0.0680166 -0.0110826 0.00147022
0 0.0466465 0.00067277 -0.00403837 0.0121958 0.00902166 0.0314528 0.00933997 0.0173656 -0.010077
0 0.0359722 -0.00241676 -0.0143712 0.00947245 0.00894401 0.0168098 0.0322899 -0.0145442 -0.00069385
0 0.0401676 0.0108942 1.11099e-10 0.0263436 0.00729773 0.0323634 0.034984 -0.00529288 0.000471002
-0.019479 0.0148565 0.00993731 0.000898597 1.84838e-06 0.00532634 0.00439367 0.0146303 -0.0139534 0
0.0046555 0.0246171 0.000458579 0 0.0462534 -0.00421359 0.00496413 0 -0.0116812 0
0.0143766 0.0228136 0 0 0.0347099 0.00671406 0.0284302 0 0.000793811 0
0.0592873 0.0176983 3.00346e-10 0 0.0102777 0.0177659 0.012589 0 -0.002529 0
0.0158368 0.0140295 -0.00541122 0 0.0235598 0.0109342 0.0181023 0 -0.000619597 0
0.035683 0.00615797 -0.00408082 0.000204859 -0.020471 0.0117619 0.0501819 0 0.0046431 0
0.0170179 0.0130834 -0.0035182 0.000597412 0.0457362 0.0140564 0.0155443 0 -0.00479327 0
-0.00283723 0.00827915 0.00198721 0 0.0166113 0.00328847 0.071459 0 0 0
0.0576103 0.0106114 0.000769267 0 0.0300511 0.00903982 0.0347122 0 0 0.00417787
