8 0 8 64 0 64
0 0 -2.52238 -2.03847 0 0 -0.4 -0.828046
0 0 -1.3603 3.2 0 0 -0.0609774 -0.181566
0 0 -4.20742 1.2 0 0 -0.2 0.455183
0 0 -3.32184 0.385464 0 0 -2.4027 -0.560066
0 0 -1.82514 -1.01426 0 0 -2.19921 -0.742432
0 0 -1.10656 -3.9818 0 0 -0.27114 -0.0815186
0 0 -3.58212 -1.04179 0 0 0.1 0.0757431
0 0 -5.57695 -2.56809 0 -0.82935 0.571393 -2.95577
0 0 -3.52182 -3.36164 0 -1.4 -3.7166 -3.3
0 0 -3.4 0.241267 -4.78896 0.249348 -3.03032 0.475497
-9.41002 0 -2.8 -0.0369105 -0.2 0.259946 0 -0.339884
-6.9 -2.27065 -3.50142 -0.284481 -2.89931 1.87032 -4.56281 0.432389
0 0 -4.02259 -3.34497 2.9624 -4.64248 0.208757 0
0 -4.2 -3.0813 0.968657 4.02517 -2.79539 1.2 -4.21351
0 -5.57121 -4.01862 -0.7 3.08863 -3.6 2.10157 -0.318109
0 0 -4.2 -2.08264 2.01215 -0.145165 -2.34076 1.01837
0 0 -4.08695 -4.34896 -4.46728 0.595273 -1.17086 -3.39441
-6 -3.84414 -4.76005 -2.37533 -1.6 -2.83721 -1.98088 -5.00588
-6.51762 -0.3 -2.66437 -1.07609 -1.06438 -0.5 -2.91126 -1.97264
0 -0.5 -7.41321 -4.97274 -2.29392 -0.901775 -2.93519 -2.40311
0 1.58025 -2.16667 -1.1476 -3.52156 0.599828 0.757302 4.58229
0 4.2 0.1 -4.42998 -5.59093 -1.71696 0.220687 3.48627
0 4.20168 -5.07898 -8.47167 -6.83144 -0.99538 1.20933 2.00679
0 2.7 -1.9265 -3.7122 -7.60858 -3.43745 -0.388422 4.30088
0 0 -4.66188 -4.37466 -4.1 -1.43031 -5.17181 -2.88773
-2.48987 -2.4 -5.2 -1.85933 -5.79914 -5.14252 -4.48739 -4.08974
-3.11694 -4.49501 -5.73478 -2.54364 -3.69417 -3.76992 -4.88675 -4.31552
-2.94185 -3.36958 -5.74007 -2.79611 -4.87336 -2.3 -5.74483 -1.83008
0 -4.26178 -4.03383 -2.54537 -3.9514 -0.0113242 -9.94768 -4.69499
0 -2.66644 -2.75045 -2.11489 -7.14137 -0.71991 0 -3.39869
0 -0.882534 -5.69721 -2.38444 -6.68598 0 -9.5 -5.19973
0 -1.28786 -2.77869 -0.25308 -6.67404 1.39548 -9.25995 -5.59217
0 0 -1.29693 -2.9507 2.16368 1.11877 -0.653097 0.1
-3.9 -3.36284 0 0 -0.350674 2.4026 1.42668 2.51182
1.26314e-08 -3.9 -5.18151 0.166986 0.424753 0.948376 1.8 1.04921
-2.2 -2.27467 -7.29972 -1.51532 1.85978 2.08648 0.662167 1.30878
0 0 -5.66236 -6.37668 2.09207 3.96979 1.73952 -0.425145
0 -0.9 -6.96028 -7.7567 4.17288 3.18438 0.7 1.89425
0 0.852226 -7.86407 -3.09122 4.06239 4.4 3.00356 -2.88113
0 -1.4085 -6.0637 -6.06596 5.08471 4.89802 2.64027 0.939192
0 0 0.0193464 -2.84386 -6.36505 -6.13573 -2.44004 -0.943053
-7.84477 -5.08879 -1.68898 -3.00948 -7.56344 -6.19543 -0.0858729 -2.28281
-7.03647 -0.565441 -0.608108 -1.4932 -6.09995 -4.93351 -3.03837 0.253884
-6.47642 -1.52207 -0.892327 -0.432012 -5.41655 -4.54516 -5.29288 -1.99795
0 1.6188 -1.22569 -1.63994 0.223382 -6.61817 -3.56304 -0.892571
0 6.37828 -6.7 -0.2 2.2 -5.4663 -2.78305 3.03745
0 4 -5.22218 -1.76729 2.38237 -5.72157 -1.23944 0.466114
0 2.97927 -6.68302 0.640574 2.26137 -5.61384 -2.44007 0.154003
0 0 -1.6126 -0.983876 -0.395075 -2.6811 -3.10626 -3.4
-2.75472 -1.38017 1.5 -1.70927 -0.241148 -1.27755 -4.51877 -1.39501
-1.84735 -1.04098 -3.99175 -2.5029 -0.760015 1.5183 -1.06128 0
-4.38454 -0.957864 -0.807564 -1.84354 1.49617 -0.3 -3.67622 -2.15893
0 -1.5241 -3.0004 -1.41503 -4.41394 0 0.0573688 1.77361
0 -2.76946 -1.46288 -2.63765 -3.10559 -1.43545 -2.12876 1.71199
0 -2.15703 -0.625062 -2.2205 -5.60166 -1.13981 -2.38746 -0.22397
0 -4.84408 -2.62257 -3 -2.96587 -3.93431 -1.38407 0.116951
0 0 0 0 -2.64749 0 0 0
0 -0.11674 0 0 -5.55901 0 0 0
-8.09557 -2.19116 0 0 -3.6 0.0677597 0 0
-9.4 -2.59834 0 0 -0.687958 -2.48976 0 0
0 -1.1888 0 0 -8.54304 -2.59944 0 0
0 -1.60881 0 0 -7.25778 -2.08726 0 0
0 -1.97544 0 0 -7.943 0.318794 0 0
0 -1 0 0 -9.06648 0 0 0
