0.55 0.761401 0.0214258 0.747799 0.0219752 11
0.65 0.75391 0.0188351 0.740949 0.0189202 11
0.75 0.779437 0.0179447 0.747265 0.0179352 11
0.85 0.768304 0.0173416 0.767666 0.0180488 11
0.95 0.789374 0.0171862 0.781982 0.0177898 11
1.05 0.7881 0.014964 0.782578 0.0155503 11
1.15 0.798259 0.0146837 0.789989 0.0148735 11
1.25 0.797606 0.0141018 0.793959 0.0145745 11
1.35 0.800252 0.0139493 0.794772 0.0142272 11
1.45 0.800265 0.0138233 0.795961 0.013837 11
1.55 0.794958 0.0132431 0.794031 0.0136498 11
1.65 0.791977 0.0129663 0.791563 0.0132961 11
1.75 0.783777 0.0127275 0.787851 0.0131208 11
1.85 0.777331 0.0125382 0.778881 0.0127533 11
1.95 0.767595 0.0122617 0.772941 0.0127884 11
2.1 0.748647 0.00847904 0.747352 0.00863462 11
2.3 0.705684 0.00792162 0.717418 0.00833549 11
2.5 0.670147 0.0079182 0.680527 0.00814443 11
2.7 0.635865 0.00805179 0.642934 0.00831271 11
2.9 0.602116 0.00856177 0.61433 0.00892543 11
3.25 0.570331 0.00656878 0.563924 0.00671837 11
3.75 0.521673 0.00946374 0.517084 0.00977283 11
