0.55 0.585465 0.017557 0.581455 0.0182073 11
0.65 0.622138 0.0167912  0.586952 0.0160714 11
0.75 0.66007 0.0167883  0.633018 0.0167079 11
0.85 0.675685 0.017274 0.669636 0.017714 11
0.95 0.703108 0.0178248 0.70239 0.0185855 11
1.05 0.719914 0.0135279 0.713908 0.0140404 11
1.15 0.733947 0.0133826 0.731162 0.0136521 11
1.25 0.748045 0.0131428 0.745058 0.0136003 11
1.35 0.753746 0.0130743 0.746488 0.0133188 11
1.45 0.757786 0.0130796 0.759485 0.0132075 11
1.55 0.760566 0.0127145 0.749332 0.0129232 11
1.65 0.751159 0.0124005 0.755451 0.0128058 11
1.75 0.740366 0.0121858 0.74617 0.0126221 11
1.85 0.729567 0.0120047 0.730909 0.0122283 11
1.95 0.72269 0.0118741 0.723319 0.0123279 11
2.1 0.682639 0.00803616 0.691068 0.00833191 11
2.3 0.6391 0.00762838 0.636608 0.00787481 11
2.5 0.595235 0.00768698 0.598255 0.00786055 11
2.7 0.569343 0.0081854 0.566492 0.00837421 11
2.9 0.535732 0.00897297 0.525145 0.00902765 11
3.25 0.475592 0.00682347 0.47776 0.00717233 11
3.75 0.411808 0.0099566 0.423651 0.0108804 11
