0.55 0.702449 0.0109885 0.700925 0.0108368 9.16
0.65 0.704344 0.010496 0.707375 0.0106104 9.16
0.75 0.712267 0.0104902 0.71141 0.0103139 9.16
0.85 0.714997 0.0106509 0.715969 0.0106078 9.16
0.95 0.724223 0.0108834 0.719664 0.0107498 9.16
1.05 0.724635 0.0103524 0.721134 0.0104857 9.16
1.15 0.725118 0.0102576 0.723442 0.0103249 9.16
1.25 0.722342 0.0102389 0.721221 0.0102498 9.16
1.35 0.718762 0.0101398 0.716126 0.0101825 9.16
1.45 0.714041 0.00995455 0.711946 0.0100519 9.16
1.55 0.706648 0.00986814 0.704839 0.00984572 9.16
1.65 0.696501 0.00977666 0.693961 0.00974439 9.16
1.75 0.687711 0.00960589 0.68568 0.00955675 9.16
1.85 0.675834 0.0093328 0.67483 0.00936955 9.16
1.95 0.665654 0.00922605 0.663839 0.00916983 9.16
2.1 0.647758 0.00648574 0.646624 0.00640159 9.16
2.3 0.617746 0.00617144 0.618339 0.0061795 9.16
2.5 0.588901 0.00604481 0.588325 0.00608807 9.16
2.7 0.570814 0.00632334 0.562461 0.00621947 9.16
2.9 0.543327 0.00669603 0.54465 0.00667 9.16
3.25 0.517832 0.00509417 0.513425 0.00503458 9.16
3.75 0.482917 0.0072649 0.476441 0.00723191 9.16
4.25 0.454678 0.0113519 0.463615 0.0115292 9.16
4.75 0.471811 0.0186959 0.426464 0.0171299 9.16
5.25 0.385498 0.0429388 0.431968 0.050114 9.16
5.75 0.658987 0.124963 0.373157 0.0739878 9.16
