0.55 0.372595 0.00937827 0.34422 0.0108745 21
0.65 0.383578 0.00816546 0.340839 0.00875642 21
0.75 0.432735 0.00873038 0.38684 0.00913344 21
0.85 0.48688 0.00966708 0.453267 0.0103666 21
0.95 0.540584 0.0107274 0.49958 0.0113804 21
1.05 0.594676 0.00857079 0.55494 0.00879298 18
1.15 0.650539 0.00933405 0.606868 0.00961584 18
1.25 0.707384 0.010097 0.662094 0.0101487 18
1.35 0.755325 0.0107267 0.716929 0.0109992 18
1.45 0.803031 0.011532 0.767643 0.0117238 18
1.55 0.838857 0.0118802 0.808177 0.0122114 18
1.65 0.882259 0.0126227 0.844627 0.0127056 18
1.75 0.91113 0.0130314 0.881331 0.0133656 18
1.85 0.940714 0.0134895 0.901802 0.0136935 18
1.95 0.961356 0.0139474 0.919299 0.0141829 18
2.1 0.976146 0.0103061 0.950722 0.0106832 14
2.3 0.967581 0.0105587 0.959433 0.0112771 14
2.5 0.961888 0.0111506 0.958237 0.0121118 14
2.7 0.930488 0.0116967 0.935705 0.013011 14
2.9 0.887893 0.012377 0.920291 0.0145008 14
3.25 0.842709 0.00941662 0.854972 0.010982 19
3.75 0.717879 0.0116227 0.732601 0.0140152 19
4.25 0.610378 0.0152231 0.634982 0.0187897 19
4.75 0.583522 0.0234873 0.545512 0.0248627 19
5.25 0.407319 0.046796 0.512606 0.0646708 19
5.75 0.377389 0.0655324 0.447725 0.0854528 19
