0.55 0.588357 0.0134438 0.544488 0.0154486 21
0.65 0.598438 0.011612 0.566308 0.0132957 21
0.75 0.618884 0.0111864 0.576806 0.0122465 21
0.85 0.645823 0.0113191 0.608652 0.012161 21
0.95 0.677848 0.011597 0.642818 0.012518 21
1.05 0.712314 0.0103792 0.675976 0.0108258 18
1.15 0.748417 0.0108339 0.709737 0.0113291 18
1.25 0.773836 0.0111115 0.740965 0.01141 18
1.35 0.801087 0.0114164 0.769204 0.0118062 18
1.45 0.827793 0.0118784 0.795351 0.0121104 18
1.55 0.84613 0.0119437 0.818176 0.0122593 18
1.65 0.864519 0.0122693 0.833486 0.0123628 18
1.75 0.87235 0.0123066 0.851026 0.0126319 18
1.85 0.886377 0.0124359 0.862526 0.0127097 18
1.95 0.89845 0.0126608 0.871484 0.0128981 18
2.1 0.898454 0.00907031 0.879399 0.00931842 14
2.3 0.889555 0.0090004 0.877441 0.00935729 14
2.5 0.870331 0.00899009 0.865242 0.00945004 14
2.7 0.85215 0.00908221 0.859534 0.00970897 14
2.9 0.824089 0.00919702 0.831903 0.00996311 14
3.25 0.780816 0.0063914 0.789076 0.00707195 19
3.75 0.701369 0.00743447 0.71926 0.00874932 19
4.25 0.62943 0.00983941 0.652684 0.0119094 19
4.75 0.587601 0.0143484 0.645857 0.01875 19
5.25 0.532312 0.0410556 0.662703 0.0543998 19
5.75 0.51533 0.0613757 0.469088 0.0556096 19
