0.9 1.1 2.68187e+06 -8.58429e+06 9.19552e+06 -3.28891e+06
1.1 1.4 3.55402e+06 -1.05213e+07 1.03992e+07 -3.42683e+06
1.4 1.7 -5.19753e+06 1.89587e+07 -2.23597e+07 8.60272e+06
1.7 1.9 -4.00373e+06 1.40926e+07 -1.61475e+07 6.06179e+06
1.9 2.1 -3.57021e+06 1.22858e+07 -1.38196e+07 5.10818e+06
2.1 2.3 -1.81837e+06 6.22934e+06 -6.9861e+06 2.5787e+06
2.3 2.6 -1.37369e+06 4.64229e+06 -5.1381e+06 1.87337e+06
2.6 2.9 -329758 1.10915e+06 -1.21131e+06 435162
2.9 3.4 39164.6 -156294 221320 -101263
3.4 4.0 2134.27 -8388.68 16611.9 -9229.68
