0.9 1.1 5.84663e+06 -1.89185e+07 2.04623e+07 -7.38607e+06
1.1 1.4 1.14066e+06 -454763 -2.72129e+06 2.04639e+06
1.4 1.7 -4.97676e+06 1.97636e+07 -2.4555e+07 9.78076e+06
1.7 1.9 -1.21137e+07 4.22511e+07 -4.83702e+07 1.82472e+07
1.9 2.1 -6.13554e+06 2.12784e+07 -2.41359e+07 9.00177e+06
2.1 2.3 -4.66561e+06 1.60611e+07 -1.81795e+07 6.79206e+06
2.3 2.6 -1.01095e+06 3.55043e+06 -4.01582e+06 1.48468e+06
2.6 2.9 -1.40112e+06 4.76564e+06 -5.32419e+06 1.96623e+06
2.9 3.4 -30507.5 48053.2 44498 -56484.5
3.4 4.0 -412.975 4518.85 4374.22 -6313.51
