0.9 1.1 5.36139e+06 -1.72045e+07 1.8441e+07 -6.59244e+06
1.1 1.4 3.33715e+06 -8.3823e+06 6.72561e+06 -1.67043e+06
1.4 1.7 -5.01361e+06 2.00173e+07 -2.49821e+07 9.99012e+06
1.7 1.9 -6.03718e+06 2.15046e+07 -2.48312e+07 9.37097e+06
1.9 2.1 -5.13e+06 1.79068e+07 -2.0365e+07 7.5952e+06
2.1 2.3 -2.88012e+06 9.90423e+06 -1.11258e+07 4.10759e+06
2.3 2.6 -663248 2.30698e+06 -2.5431e+06 906749
2.6 2.9 -1.15129e+06 3.85829e+06 -4.23303e+06 1.53207e+06
2.9 3.4 -24990.7 41596.4 38380.9 -49362.9
3.4 4.0 556.902 3281.98 2407.73 -3922.34
