0.9 1.1 3.80009e+06 -1.19687e+07 1.26111e+07 -4.43707e+06
1.1 1.4 4.19259e+06 -1.15304e+07 1.05559e+07 -3.20897e+06
1.4 1.7 -4.74385e+06 1.881e+07 -2.32882e+07 9.23501e+06
1.7 1.9 -7.49994e+06 2.63672e+07 -3.01911e+07 1.13317e+07
1.9 2.1 -5.36219e+06 1.86956e+07 -2.12683e+07 7.94231e+06
2.1 2.3 -3.0437e+06 1.05096e+07 -1.18653e+07 4.40491e+06
2.3 2.6 -1.48097e+06 5.12376e+06 -5.76253e+06 2.12721e+06
2.6 2.9 -974234 3.29668e+06 -3.6435e+06 1.32702e+06
2.9 3.4 76599 -321844 468451 -217471
3.4 4.0 -73663.4 257877 -286943 104960
