0.9 1.1 4.68837e+06 -1.5048e+07 1.61727e+07 -5.80862e+06
1.1 1.4 4.74798e+06 -1.25611e+07 1.07485e+07 -2.92367e+06
1.4 1.7 -8.43144e+06 3.15567e+07 -3.78946e+07 1.47834e+07
1.7 1.9 -1.11278e+07 3.90448e+07 -4.49218e+07 1.70191e+07
1.9 2.1 -6.31028e+06 2.18156e+07 -2.4671e+07 9.17434e+06
2.1 2.3 -3.65487e+06 1.26935e+07 -1.44614e+07 5.43101e+06
2.3 2.6 -1.55987e+06 5.30471e+06 -5.86659e+06 2.12972e+06
2.6 2.9 -639780 2.20802e+06 -2.47029e+06 908354
2.9 3.4 -85290.6 203190 -94486.9 -18003.1
3.4 4.0 -9213.66 28350.8 -15911.1 -1059.64
