0.9 1.1 1.00879e+06 -3.10387e+06 3.19286e+06 -1.0972e+06
1.1 1.4 -1.82962e+06 7.54524e+06 -9.75093e+06 4.03993e+06
1.4 1.7 1.8705e+06 -5.08159e+06 4.67216e+06 -1.4569e+06
1.7 1.9 -2.11501e+06 7.57924e+06 -8.79933e+06 3.33854e+06
1.9 2.1 -1.2252e+06 4.34517e+06 -4.98457e+06 1.86672e+06
2.1 2.3 -1.13914e+06 3.9198e+06 -4.41948e+06 1.64061e+06
2.3 2.6 92125.7 -319218 407123 -177547
2.6 2.9 27040.9 -90582.3 121701 -56223.4
2.9 3.4 97658.1 -345588 417550 -167761
3.4 4.0 1108.96 295.539 -174.756 -526.659
