0.9 1.1 3.59252e+06 -1.1624e+07 1.25795e+07 -4.54462e+06
1.1 1.4 870979 -1.25831e+06 -220299 615399
1.4 1.7 -6.21378e+06 2.26968e+07 -2.69102e+07 1.04358e+07
1.7 1.9 -7.25624e+06 2.51407e+07 -2.86183e+07 1.07397e+07
1.9 2.1 -3.92795e+06 1.35605e+07 -1.53276e+07 5.70002e+06
2.1 2.3 -2.38109e+06 8.1119e+06 -9.08274e+06 3.35584e+06
2.3 2.6 -833136 2.83697e+06 -3.14024e+06 1.14043e+06
2.6 2.9 -169340 567388 -603178 208395
2.9 3.4 52976.8 -205987 281025 -124994
3.4 4.0 -34159.9 112790 -117685 40229.6
