0.9 1.1 3.86721e+06 -1.24641e+07 1.34283e+07 -4.8278e+06
1.1 1.4 4.16192e+06 -1.21791e+07 1.18267e+07 -3.80099e+06
1.4 1.7 -4.56008e+06 1.70912e+07 -2.06125e+07 8.09134e+06
1.7 1.9 -6.2019e+06 2.16201e+07 -2.47112e+07 9.2972e+06
1.9 2.1 -3.97383e+06 1.37887e+07 -1.567e+07 5.86069e+06
2.1 2.3 -2.97564e+06 1.02028e+07 -1.15279e+07 4.30629e+06
2.3 2.6 -1.57866e+06 5.38989e+06 -6.04222e+06 2.2355e+06
2.6 2.9 -415840 1.38703e+06 -1.50603e+06 537930
2.9 3.4 78145.5 -290373 374479 -159112
3.4 4.0 20739.9 -76732.5 99938.3 -42925.5
