0.9 1.1 2.21431e+06 -6.99794e+06 7.41376e+06 -2.62636e+06
1.1 1.4 2.27913e+06 -6.35353e+06 5.86738e+06 -1.78669e+06
1.4 1.7 -3.99794e+06 1.49928e+07 -1.80247e+07 7.0339e+06
1.7 1.9 -6.95256e+06 2.40332e+07 -2.7258e+07 1.01794e+07
1.9 2.1 -3.01392e+06 1.0432e+07 -1.17766e+07 4.36279e+06
2.1 2.3 -1.46771e+06 5.08304e+06 -5.74686e+06 2.13517e+06
2.3 2.6 -1.37713e+06 4.64641e+06 -5.13392e+06 1.86853e+06
2.6 2.9 -438873 1.47309e+06 -1.61274e+06 581701
2.9 3.4 51504.1 -206968 288550 -130112
3.4 4.0 4163.81 -18541.9 31793.8 -16265.9
