48 0 48 97 0 97
0 -10 0 0 0 -9.86644 -7.6 -6.8 -9.91385 -8.72602 -10 -10 -4.4 -2.25598 -6 -0.699936 -2 -0.823197 -2 -2.27449 -2.05037 -2.1196 1.83186 -2.41861 -2.45214 -1.65554 -2.29505 0 -6.23839 -10 -2.8 -3.13511 -1.95519 -3.59834 -1.23922 -1.97334 -2.49681 -1.73699 -0.799451 -2.66832 4.49031 -2.70527 -0.818867 -2.12551 -1.72562 -1.16745 -0.480471 -0.545884
0 -9.76798 0 -9.63281 0 0 -8.43071 -10 -10 -8.85448 -10 -10 -2.8034 -3.48377 -2.64561 -2.26346 -2.33532 -2.79883 -1.8932 -1.61283 -2.08643 -2.91881 -1.43609 -0.685408 -2.40237 -2.42352 -3.26915 0 -7.19116 -7.30577 -3.5247 -4.09613 -2.92776 -3.16486 -2.80271 -2.84283 -1.91728 -3.03956 -1.80347 0 -2.08147 -3.84133 -2.30068 -2.39866 -1.82 -2.178 -2.09817 -1.2
-3.86845 -2.17762 -2.49119 -2.72573 -2.7511 -3.12207 -4.4 -3.4135 -3.44557 -2.21962 -3.92161 -3.11324 -3.14484 -3.41535 -2.78712 -4.14687 -4.4 -2.61319 -3.32075 -4.16727 -1.36789 -2.54458 -2.48596 -2.59153 -2.66153 -2.46622 -3.09782 -3.34018 -1.73615 -2.40266 -3.54874 -2.43647 -2.30667 -3.03449 -3.24797 -2.42576 -2.41257 2 -2.50802 -1.90317 -2.93924 -4.4 -2.61449 -3.19844 -2.06399 -2.74006 -3.04836 -2.31019
-2.64028 -2.42359 -2.92789 -3.03193 -3.24695 -2.83039 -3.17674 -3.39169 -3.10187 -2.88608 -2.94531 -2.37779 -3.02142 -2.58878 -2.45394 -6 -1.88773 -3.00392 -4.4 -3.00307 -2.84703 -2.69038 -2.34447 -1.80616 -2.69252 -2.65092 -2.5876 -2.6285 -2.31865 -2.62217 -3.16048 -3.07005 -3.03825 -2.69527 -2.34875 -3.20926 -1.98041 -2.03935 -1.58964 -2.06852 -1.63524 -2.7424 -2.78218 -8.23626 -1.65576 -2.7882 -3.13921 -2.02814
-2.51434 -2.32559 -4.4 -2.60957 -3.12817 -3.6 -2.73099 -2.9786 -2.67224 -3.07402 -3.3807 -2.59888 -3.10993 -2.92374 -3.0202 -2.90991 -2.56615 -2.62743 -2.23725 -3.11452 -2.71639 -5.2 -3.34039 -3.0156 0 -2.37188 -2.50824 -2.72338 -2.30179 -2.80675 -2.89095 -2.18233 -3.03128 -2.82729 -2.44702 -2.20664 -2.61966 -2.23337 -2.38744 -3.12844 -0.396575 -2.67272 -2.98352 -3.06424 -3.06739 -4.4 -1.6643 0.0208495
-2.61089 -2.28009 -3.07106 -2.61414 -3.58094 -2.51992 -3.34118 -2.93452 -2.47555 -3.28716 -2.92096 -2.89262 -2.8 -2.7639 -2.16809 -2.89979 -3.1173 -2.93714 -3.24813 -2.51231 -2.6389 -2.237 -2.6158 -2.47049 -2.56361 -2.9456 -2.09466 -2.52065 -2.26567 -3.08472 -3.34292 -2.60813 -2.66727 -2.66947 -2.04966 -2.35012 -2.24612 -2.51049 -2.22446 -2.47991 -2.39093 -2.02799 -2.96513 -3.26442 -1.94132 -2.55174 -8.8568 -1.37873
-2.61051 -2.56083 -3.59993 -4.14965 -1.32744 -2.56755 -2.56103 -3.53157 -2.36479 -2.37936 -2.47992 -3.37469 -3.45471 -3.10481 3.1856 -2.7094 -2.12604 -3.28648 -3.08685 -2.9481 -2.50884 -2.19101 -2.12574 -3.45962 -2.27313 -2.74866 -2.91121 -2.32465 -3.39286 -2.70265 -2.24779 -6 -3.03817 -2.935 -2.74129 -2.92799 -2.24013 -2.20313 -3.6 -2.72523 -2.78954 -1.80424 -1.39585 -2.37098 -1.87049 -2.64276 -2.55003 -2.29822
-2.36044 -2.06487 -2.78471 -3.48626 -8.70679 -2.63741 -9.54773 -2.47343 -3.17935 -2.54754 -2.25008 -2.29179 -3.6 -2.78555 -0.320357 -2.41995 -2.87866 -2.8768 -4.4 -1.94988 -1.8715 -2.58614 -2.71274 -3.52779 -2.39885 -2.57165 -2.71214 -2.58769 -2.10714 -2.97857 -3.01552 -2.74271 -2.40771 -2.69728 -2.60789 -2.87948 -2.07416 -2.41379 -2.69209 -2.99309 -2.46203 -1.73281 -2.214 -2.41509 -2.60622 -3.6 -2.26238 -1.50295
-2.5886 -3.13599 -2.52157 -2.96184 -2.98982 -2.92282 -2.17145 -2.50461 -4.27276 -2.68672 -2.61336 -3.15846 -3.25852 -2.45551 -6 -2.6608 -1.85075 -3.02458 -3.6 -2.81397 -2.85964 -2.53865 -2.17216 -2.64049 -3.03312 -2.8 -3.29593 -3.37248 -3.5392 -3.46725 -3.66164 -2.80582 -3.37497 -3.55998 -2.09865 -3.0474 -3.01587 -3.0134 -2.27283 -2.56903 -3.1084 -3.1034 -3.0685 -2.77332 -2.33656 -3.10672 -2.50031 -2.47929
-5.06995 -2.8008 10.8 -2.36352 -2.90093 -3.03202 -2.71147 0 -2.37461 -1.71712 0 -2.53618 -2.8089 -2.67908 -3.27832 -7.6 0 -1.11496 -2.44538 -3.14255 -2.6474 -3.22945 -2 -3.15598 -2.9638 -2.72543 -2.69062 -3.78478 -3.24546 -3.29145 -3.57077 -6.78413 -2.48914 -3.4071 -8.50601 -2.86032 -2.62492 -2.77415 -2.67709 -2.59132 -2.59446 -2.27958 -2.92288 -2.75605 -4.4 -1.78495 -2.96558 -2.22827
-1.35644 0.38319 -2.8 -0.661037 -0.432064 -0.374182 -0.156728 -0.0724126 -0.265744 0.239986 -0.508034 -0.606682 -3.51108 -2.71009 -3.6 -3.42814 -3.35957 -2.29025 -2.8 -2.73742 -3.17184 -2.5956 -1.91054 -2.35421 -3.09852 -2.97102 -5.2 -3.13667 -4.01338 -3.01438 -3.40572 -3.23932 -4.11311 -3.72096 -1.63556 -3.32177 -2.1537 -1.941 -2.96864 -2.0995 -2.29959 -2.19352 -3.15586 -2.97322 -2.66295 -2.98089 -2.81388 -2.17019
-0.427011 -0.361632 -1.54459 0.0869373 -1.14158 1.03117 0.317137 0.211981 -2.8 -0.589174 -0.290058 0.159184 -3.19599 -3.31499 -7.30561 -3.84839 -3.87824 -3.46845 -2.97106 -6 0 -2.57233 -2.32964 -1.90127 -3.42971 -3.11578 -3.16278 -3.30486 -4.27737 -3.58521 -3.08978 -3.32657 -2.7229 -3.36362 -3.62115 -2.37913 -2.71887 -2.38041 -3.6 -2.70602 -2.00189 -1.86774 -2.42947 -2.64707 -3.08053 -3.41446 -2.62212 -4.4
-2.0061 -2.79936 -1.99754 -1.9796 -2.60563 -3.05898 -3.29752 -2.52864 -2.54223 -2.98145 -1.96369 -2.6062 -2.26128 -2.46674 -2.23122 -2.65499 -1.1067 -3.00448 -2.96102 -2.67284 -2.52447 -2.96875 -2.39813 -2 -2.49324 -2.68021 -2.43785 -3.70025 -3.07571 -2.66074 -2.8 -2.57237 -3.15534 -3.13188 -2.96861 -4.21463 -1.34913 -1.99101 -1.68017 -1.80239 -2 -1.63614 0.187005 -1.95623 -1.93939 -2.49564 -1.94864 -1.69629
-1.92355 -2.56594 -2.07512 -2.33218 -2.76656 -2.36785 -2.28014 -3.16234 -5.95478 -2.5764 -2.18959 -2.27171 -2 -2.7236 -2.33553 -2.70055 -2.39293 -1.56377 -3.22971 -2.60602 -2.9408 -2.86371 -2.35497 -2.8 -3.00135 -3.19043 -3.09009 -2.8141 -2.71237 -2.5963 -3.842 -3.06811 -2.8 -3.26566 -2.9104 -3.52853 -1.94128 -2.16411 -2.34914 -1.75379 -2.31459 -2.308 0 -2.53754 -2.37719 -3.03064 -2.66331 -2.26191
-1.98563 -1.19646 -1.46804 -1.47975 -1.9763 -2.36495 -2.72282 -2.41995 -2.06059 -2.22205 -1.83716 -1.98465 -3.21034 -2.30455 -2.36561 -2.8 -4.30647 -2.24889 -2.74998 -2.4305 -2.2299 -2.36966 -3.05978 -2 -2.52008 -2.66472 -2.8 -3.3092 -3.01124 -1.85855 -3.09362 -6 -3.08998 -2.92283 -2.31591 -2.8567 -3.12111 -2.55445 -3.35698 -3.15748 -2.99914 -3.26867 -3.07254 -1.03738 -2.07536 -2.5349 -3.09701 -2.78399
-1.50427 -1.76961 -2 -1.03186 -2.00195 -2.1433 -2.70229 -2.70821 -2.06293 -1.68157 -1.59712 -2.15627 -2.29682 -2.72293 -2.58223 -2.56575 -3.10247 -2.33908 -2.4794 -2.88953 -2.62093 -2.36273 -6.8 -2.93097 -2.4922 -2.8835 -2.74122 -2.99283 -3.02592 -2.72621 -2.33579 -3.49949 -2.96277 -3.01823 -1.89713 0 -2.49416 -2.67702 -2.5593 -2.54848 -3.15849 -2.98506 -2.89551 -2.13046 -2.52423 -2.65013 -2.76411 -2.3427
-1.69891 -1.83059 -1.98356 -1.62769 -5.2 -5.2 -2.67668 -2.81616 0 -2.31759 -1.96795 -3.33063 -2.56257 -2.46883 -2.52667 -2.3403 -2.64329 -2.2891 -2.26664 -2.8267 -2.8 -2.66752 -1.80952 -3.23275 -2.4696 -2.15524 -2.51062 -2.73176 -1.88485 -2.49541 -2.69591 -3.09878 -2.7232 -2.50655 -2.41572 -2.62744 -2.94571 -2.54018 -2.8 -3.08699 -2.20615 0 -3.6 -1.99623 -2.72584 -2.61429 -2.36289 -2
-2.22675 -1.98269 -1.43939 -4.10891 -3.62606 -5.2 -2.56817 -2.59268 -2.28224 -2.48263 -1.86679 -1.54474 -2.6011 -2.13414 -2.56919 -2.2112 -2.79797 -3.11171 -1.68867 -2.77035 -2.4164 -2.56258 -2.51166 -2.27008 -2 -2.96892 -2.76913 -2.30501 -2.82094 -1.11446 -2.79334 -2.55585 -2.3941 -2.61805 -2 -4.4 -2.45865 -2.57032 -2.51166 -7.6 -2.69146 -2.5436 -2.67387 -2.20985 -2.23086 -2.29182 -3.03366 -4.21007
-1.86209 -2.31215 -2.17522 -2.76684 -2.55354 -2.6153 -1.87279 -2.78013 -1.67643 -2.11219 -2.17498 -2.49924 -3.00067 -4.30631 -3.43527 -3.57086 -2.92394 -2.75436 -1.90269 1.79949 -2.73643 -2.61299 -1.94489 -2.27775 -3.10095 -2.71896 -4.27136 -3.09955 -3.18945 -3.5765 -3.56654 -3.19405 -3.46607 -4.4 -3.05631 -3.03672 -2.37024 -2.95794 -1.616 -1.83012 -2.39354 -2.4496 -1.636 -4.4 -0.0755245 -3.02103 -2.18883 -1.65151
0 -1.8908 -2.63283 -2.33868 -3.6 -2.65126 -1.84325 -2.08818 -7.08052 -2.21231 -1.42542 -1.68266 -3.50016 -6.78636 -7.8351 0 -2.43173 -3.20414 -2.35531 -1.76154 -2.59605 -2.53003 -1.88671 -2.2362 -4.4 -3.41736 -2.74476 -4.4 1.17686 -3.2507 -3.34791 -3.07829 -3.0824 -2.89385 -3.18782 -3.15893 -2.03333 -0.111926 -0.768175 -2.47589 -1.14066 -2.67241 -1.93006 0.107399 -5.2 -1.47863 -7.58511 -2.17713
-1.99984 -2.49397 -1.46789 -1.63742 -2.65517 -2.51924 -1.43202 -2.52913 -2.6707 -1.68308 1.40829 -1.90362 -2.55887 -2.31368 -2.77821 -3.29636 -2.51553 -2.73627 -2.77381 -2.71165 -2.98651 -3.46533 -2.22356 -2.73009 -2.24511 -2.38268 -2.732 -2.62447 -2.41305 -2.8 -2.55293 -2.74408 -2.88075 -2.49957 -2.31319 -2.55313 -2.35391 -9.72792 -2.60216 -2.76791 -2.38605 -3.37683 -6.19884 -5.2 -2.23476 -2.10436 -1.80422 -1.84449
-2.28707 -2.20069 -2.73809 -2.2472 -3.45321 -2.70478 -2.19507 -2.331 -8.20287 -1.58376 -1.74254 -2.42719 -2.73043 -2.34957 -2.6596 -1.99871 -3.48039 -2.63757 -3.02654 -3.48433 -2.39844 -3.26593 -2.50268 -2.34615 -2.65916 -1.91787 -2.50197 -2.8842 -3.02539 -2.84 -2.47056 -2.31514 -3.09134 -2.16653 -2.31668 -3.13476 -2.2554 -2 -2.78103 -1.06821 -6 -2.4335 -7.87611 -5.2 -1.88022 -1.3005 0.491055 -1.03876
-2.61143 -2.52099 -5.00221 -2.76397 -3.44893 -2.81463 -2.70277 -2.77795 -2.59098 -0.867582 -2 -2.60521 -5.2 -3.37248 -3.12182 -5.2 -3.07076 -3.16696 -3.39999 -2.99046 -3.71643 -3.66674 -3.53677 -4.33934 -2.8 0 -2.76554 -2.79883 -3.03742 -3.01998 -2.6905 -2.68127 -2.57873 -2.64567 -2.29453 -2.39706 -2.69975 -1.70493 -2.45438 -1.96344 -3.6 -4.4 -1.18142 -1.68789 -1.59031 -2.15322 -4.4 -2.55386
-2.39386 -2.9838 -2.53287 -2.87765 -2.46662 -2.67942 -2.88558 -2.56318 -3.09288 -2.32491 -2.4567 -2.70472 -2.1039 -3.6 -3.67168 -3.16918 -4.27356 -3.58873 -2.24391 -3.64865 -3.69682 -4.11143 -3.38763 -3.00694 -2 -2.45575 -2.27594 -2.8 -3.36366 -3.08772 -2.49133 -2.8 -2.8 -2.21194 -2.2833 -2.41833 -2.23792 -2 -2 -1.86873 -1.58816 0 -1.6488 -1.43868 -2 -1.08 -1.49628 -1.3701
-2.8 -1.89612 0 1.44145 -1.8702 -4.11382 -3.31683 -3.90029 -2.8 -3.44602 -3.44901 -3.34742 -1.2 -1.43648 -2.65876 -1.99811 -1.94552 -3.05425 -2.59679 -2.21801 -4.18438 -2.39148 -2.17382 -2.25933 -7.47022 -2.21925 -2.55432 -2.8 -2.07015 -1.85819 -2.8 -2.40403 -2 -2.17628 -1.52865 -2.55808 -2.7705 -2.8 -2.89513 -2.44905 -4.87631 -3.21574 -3.19995 -3.00112 -2.8 -3.13674 -3.38335 -2.8
-0.780455 -1.33304 -0.394766 0.940974 -1.88638 -3.21969 -3.98168 -3.08153 -2.73062 -2.8 -3.64587 -2.88378 -1.39452 -2.76192 -1.9812 -2.54782 -2.22051 -2.70703 -2.8 -2.36197 -2.71436 -2.38109 -2.24798 -2.8 -4.03358 -1.97883 -2.29088 -1.6356 -2.23965 -1.60631 -2.22844 -1.8409 -1.89962 -6.8 -5.61365 -1.96043 -1.91697 -2.4274 -2.8 -2.48394 -2.93045 -2.63124 -3.24444 -2.8 -2.62944 -3.28802 -2.96734 -2.61806
-3.77466 -2.2062 0 0.85201 -4.99895 -5.56898 -1.5542 -2.99625 -1.62411 -2.20112 -1.68476 -2.07029 -2.87866 -2.32612 -2.27147 -2.9018 -3.5962 -2.43992 -3.19145 -2.48627 -2.39552 -3.42951 -2.28943 -3.09818 -2 -2 -2.23727 -2.1918 -2.90217 -2.29801 -2.32201 -2 -2.48641 -2.83055 -1.99265 -1.91867 -2.8 -3.6 -2.39334 -2.91027 -2.19354 -2.8 -3.03175 -2.29357 -3.13879 -4.27469 -2.24947 -2.61145
-2.71319 -8.4 0 -1.82597 -2.27683 -2.93302 -2.75494 -2.45207 -2.55229 -1.50332 -2 -2.36861 -2.65766 -2.32451 -2.09078 -2.99012 -3.11642 -2.6748 -2.42758 -2.93242 -2.40619 -2.81691 -2.79942 -2.67169 -2 -2.25257 -2.44761 -2.12259 -3.11018 -2.51134 -2.36897 -2.51057 -2.51189 -4.4 -2.29577 -2.52693 -2 -2.94296 -2.9292 -3.10192 -2.8 -2.35218 -6 -2.756 -2.56182 -2.73582 -2.38182 -2
-2.9899 -3.55844 -3.27715 -3.6 0.977269 -3.37426 -3.39605 -2.79413 -2.65796 -2.72698 -2.42608 -2 -2.27065 -2.61285 -2.8 -2.8 -3.21663 -2.8 -1.96723 -2.35239 -3.56216 -2.31433 -2.8 -2.14424 -2.89714 -2.77568 -2.41084 -2.58263 -2.36216 -2.56265 -2.90678 -2.58823 -2.8 -3.062 -2.4445 -2.5347 -2.8 -2.7887 -3.6 -3.35646 -4.95548 -3.31515 -3.12535 -3.28773 -4.06376 -2.55955 -3.09706 -3.12662
-3.40064 -3.39954 -2.66545 -2.43895 -3.86959 -1.67759 -3.46944 -2.97261 -3.09002 -2.48264 -3.6 1.82944 -2.30671 -2.383 -2.8 -3.14715 -2.7428 -3.1294 -2 -2.26235 -2.75534 -2.4092 -2.19725 -2.71455 -3.11776 -2.24703 -2.4461 -2.23859 -2.5198 -2.59526 -2.35072 -3.25705 -2.75605 -2.8 -3.02373 -2.58522 -3.27523 -3.3597 -2.94177 -2.79335 -3.5908 -3.43028 -3.14018 -3.6 -2.92938 -3.32752 -3.13642 -3.29607
-1.09237 -0.80957 -1.23811 -2.2827 -1.68752 -1.94186 -2.68696 -2.29992 -3.06818 -1.32269 -3.34748 -2.69073 -2.55411 -3.54012 -2.79069 -2.63918 -2.42867 -2.60416 -1.90693 -2.7704 -3.6 -2.31912 -2.59212 -2.33973 -2.57322 -2.30029 -2.46708 -2.52613 -2.89118 -2.8 -2.64517 -2.51031 -2.64358 -2.44756 -2.30657 -2.21368 -2.8 -2.91195 -2.91221 -3.24823 -2.59928 -3.10751 -2.89038 -3.09263 -2.71068 -3.0521 -2.22997 -2.8
-1.41975 -8.11857 -1.2 -3.37583 -1.55098 -3.45141 -2.26754 -2.6231 -2.38105 -3.27492 -2.46264 -1.66368 -2.98085 -2.5564 -2.55912 -2.8 -2.20557 -3.6 -2.25594 -2.78056 -2 -2.17051 -2.22281 -2.32518 -2.8 -3.17367 -2.252 -2.38376 -2.78738 -2.52659 -2.74389 -2.73539 -2.44371 -2.28394 -2.02468 -2.4779 -2.58381 -2.98654 -3.08299 -2.75193 -2.9515 -3.0829 -3.6 -2.91622 -2.22659 -2.40229 -2.23043 -2.70202
-0.935824 -1.60553 -1.93856 -2.00326 -2.19101 -2.05551 -2.77782 0 -2.25889 -2.67668 -1.98115 -2.45394 -2.55988 -2 -1.63527 -2.62064 -1.86509 -2 -3.6 -2.70648 -3.58167 -2.8 -3.6 -2.41173 -2.62651 -2.46414 -4.4 -2.19254 -2.8 -2.4358 -3.11303 -3.29466 -3.17741 -2.46991 -3.64263 -3.21777 -2.2048 -3.0077 -2.25146 -3.60467 -2.18371 -2.32644 -2.66969 -2.46427 0 0 -2.68564 -3.6
-1.2 -0.211473 -2.89687 -2.39145 -1.70914 -1.6235 -2.77002 -1.94095 -2.44618 -1.88888 -2 -2.20088 -2.15854 -2.676 -3.00806 -2.8 -2.96438 -2.08988 -2.20465 -2.59325 -2 -2.72269 -2 -2.4653 -3.17637 -2.18579 -2.52443 -1.2761 -0.213703 -2.86354 -3.4057 -3.06549 -2.59202 -3.25924 -2.73922 -7.43321 -2.20992 -2 -2.8 -2.26885 -2.31492 -2.57754 -2.52785 -2.99589 0 0 -2.13261 -3.2919
-2.90071 -3.26069 -3.8079 -3.15029 -4.28098 -3.35791 -3.30372 -3.0679 -2.8 -2.8 -2.78548 -2.8 -2.54114 -2.1087 -2.8 -3.09101 -2.63254 -2.86004 -2.17778 -2.59686 -1.98071 -2.3249 -2.20772 0 -2.56749 -2.40865 -2.66607 -2.60684 -2.58087 -2.99887 -2.55434 -3.0265 -4.4 -2.79252 -2.62515 -2.32013 -2.75133 -3.09176 -2.8 -3.02542 -2.8 -3.46568 -2.57417 -2.77502 -3.07938 -4.07246 -2.63646 -2.46557
-3.24719 -2.86219 -3.66447 -3.74983 -3.1815 -3.28499 -2.39773 -3.31453 -3.57654 -2.54159 -5.2 -2.4161 -2.8 -2.78801 -2.52529 -2.90419 -1.56864 -3.09785 -1.95754 -2.38908 -2.40372 -2.24822 -1.38869 -2.05061 -2.8 -2.52132 -2.62607 -2.8 -7.66296 -2.918 -2.56884 -2.57677 -2.37373 -3.44124 -2.40733 -2.45761 -2.44719 -3.24229 -2.99584 -2.91108 -2.8 -2.7349 -2.85617 -2.99275 -3.1202 -3.11099 -2.79689 -2.8
-2.64025 -3.05734 -3.04388 -3.08134 -2.95132 -2.81475 -2.99924 -2.2989 -2.8 -2.35466 -2.70242 -2.42633 -2.77206 -2.60657 -2.66514 -2.54443 -2.78505 -2.61993 -2.58322 -2.59649 -2.60912 -3.2103 -1.48217 -2.8 -1.94086 -1.95488 -2.20372 -1.71997 -2 -2.34436 -2.8 -2.87892 -2.29479 -2.57178 -2.54513 -2.52491 -2.70033 -2.33165 -2.66016 -2.8 -3.40979 -2.91282 -2.69478 -2.64417 -3.49199 -2.605 -3.06534 -2
-3.27514 -2 -1.33347 -3.28095 -2.88899 -2.23543 -4.4 -3.55592 -6.8 -3.21016 -2.50975 -2.70458 -2.72113 -3.12237 -2.65938 -2.56617 -2.54689 -2.72801 -2.47024 -2.42397 -3.55097 -2.65818 -3.00648 -2.8 -2.53354 -2 -5.58771 -1.89012 -1.96658 -3.04416 -3.2653 -2.36758 -2.64964 -2.36638 -2.26051 -2.66344 -2.39277 -2.27091 -3.02132 -3.03583 -2.44774 -2.73202 -2.78756 -2.79162 -1.85834 -3.06943 -2.68565 -2.21592
-3.17437 -2.69608 -3.59225 -2.82603 -3.46637 -3.13334 -1.98828 -2.8734 -2.91031 -3.42495 -2.8 -3.6 -2.72341 -1.94967 -2.05062 -2.3209 -2.3136 -2.26351 -2.49707 -2.43426 -2.71929 0 -2.43335 -2.46199 -2.66954 -2.93677 -2.55217 -2.57145 -2.8 -2.64686 -2.61243 -2.25489 -2.53491 -2.68396 -2.34019 -2.53957 -2.95388 -3.01406 -2.26376 -2.34862 -2.27395 -2.48591 -2.28515 -2.27839 -2.90501 -2.68208 -2.15435 -2.26153
-3.17828 -3.22462 0 -3.13025 -3.21167 -3.15025 -3.1648 -2.71326 -2.8 -2.93025 0 -4.4 -1.95735 -1.98493 -2.08738 -2.13645 -1.89814 -2.52846 -2.49501 -2.52244 -2.40107 -2.2695 -2.74623 -4.14735 -2.56995 -2.44782 -2.5799 -2.58548 -2.70028 -2.41627 -6.63681 -2.2863 -2.90656 -2.95745 -2.43135 -2.24471 -2.23268 -2.1301 -2.33382 -2.43675 -2.78297 -2.50787 -2.7714 -2.74983 -2.62926 -2.42147 -2.10435 -2.53408
-1.75794 -1.67803 -2.89368 -2.84106 -3.12263 -2.68131 -5.2 -3.52666 -3.19036 -3.20496 -2.60496 -2.8 -2.17033 -2.71666 -3.43113 -2.71365 -2.25921 -2.74579 -2.8 -2.8 -2.68297 -2.79486 -3.46085 -3.22414 -2.77355 -2.54175 -2.63838 -2.73478 -2.79458 -3.03065 -2.90904 -2.59143 -2.8 -2.77446 -2.78047 -2.8 -2.18512 -3.13919 -2 -2.52778 -2.42952 -2.22797 -4.4 -2.76096 -2.71728 -2.67951 -1.88791 -2.31801
-2.922 -2.28747 -4.14013 -2.58389 -3.6 -3.33057 -3.25339 -3.51111 -2.8 -2.8 -3.15838 -2.66623 -3.22181 -2.55261 -2.63876 -2.8 -2.50004 -2 -3.30735 -2.47362 -1.47408 -3.34821 -3.33738 -2.8 -2.69963 -3.42008 -2.56962 -2.63876 -2.8 -2.98141 -2.53257 -2.62127 -2.63474 -2.94018 -2.70095 -2.99775 -2.09268 -2.53358 -1.93715 -2.14442 -2.44208 -2.64718 -3.01894 -2.8 -5.2 -2.69676 -2.62796 -2.29064
-2.66989 -3.17996 -2.74498 -3.46537 -2.55949 -3.55679 -3.08014 -2.91684 -3.1995 -2.45487 -2.61052 -2.8 -2.61018 -2.49326 -2.64749 -2.51845 -2.61617 -2.83702 -3.01547 -3.51685 -2.56931 -2.62262 -2.59865 -2.64803 -2.97567 -3.0944 -2.72477 -3.19204 -2.67145 -3.00315 -2.8 -3.06014 -2.58804 -2.8 -2.74249 -2.96373 -1.8733 -2.46362 -1.94714 -2.3883 -2.59045 -2.58327 0 0 -8.98768 -6.8 -8.81232 0
-2.97389 -3.08721 -3.69797 -3.22498 -2.81322 -2.94379 -2.46916 -2.6153 -2.38863 -2.61161 -2.52975 -2.53594 -2.54191 -2.31598 -2.53619 -3.6 -2.57442 -3.47261 -3.03864 -3.03538 -2.70197 -2.8 -2.67711 -2.8 -2.58688 -2.8 -2.71845 -3.09487 -2.92162 -2.56521 -2.8 -2.66775 -2.79237 -2.62351 -2.63412 -2.53165 -1.90794 -2.20988 -2.09709 -2.34164 -2.5075 -2.81715 -1.37764 -2.40863 -8.08759 -9.77725 -10 0
-3.37002 -3.48671 -4.068 -2.72938 -2.85918 -2.58443 -2.7681 -3.09996 -2.97749 -3.97994 -2.45985 -2.75863 -2.98059 -2.38594 -2.46699 -3.22667 -2.45335 -2.537 -2.8 -2.88415 0 -2.80246 -2.52328 -2.42311 -2.86682 -2.60708 -2.90673 -4.1631 -3.6 -3.66475 -2.88676 -2.9319 -2.54924 -3.028 -2.8 -3.11791 -2.33853 -2.2222 -2.94857 -2.79836 -2.14062 -2.40616 -2.49426 -4.4 -2.53448 -2.48545 -3.6 -1.85532
-3.54037 -3.48061 -2.57822 -2.78727 -2.54802 -2.57928 -2.66265 -2.69966 -2.47333 -2.35214 -2.31737 -2.42341 -2.28111 -2.55178 -2.50299 -2.53174 -2.91473 -2.60137 -2.8 -3.24485 -4.4 -2.63201 -2.58978 -5.0065 -3.17748 -2.65795 -2.95555 -3.01746 -3.25264 -3.17588 -3.26444 -2.58214 -2.92397 -2.60742 -3.0973 -2.56018 -2.4686 -2.16295 -2.60843 -3.03676 -2.37868 -2.44209 -2.21206 -2.21819 -2.33868 -2 -2.55227 -1.8975
-3.84961 -3.23696 -3.85344 -2.79477 -3.6 -3.10857 -3.05686 -3.15664 -2.75446 -3.48929 -2.74493 -2.50433 -2.35754 -2.68806 -2.45365 -2.69563 -2.7699 -2.96597 -2.8 -2.78506 -2.78623 -2.6015 -2.59592 -2.8 -3.80259 -3.80443 -3.47616 -3.48404 -3.00393 -2.96395 -3.06029 -3.33973 -3.91085 -3.22763 -3.14905 -3.05455 -2.25673 -2.21817 -2.65701 -2.8 -2.51668 -2.31188 -2.32934 -3.03531 -2.8 -2.94152 -2.55803 -2.56278
-2.988 -3.63299 -3.90826 -3.40231 -3.24824 -4.0092 -3.06526 -2.8 -2.69421 -2.8 -3.37394 -2.61646 -2.3062 -2.48704 -2.39564 -2.52512 -3.22729 -3.36223 -2.92798 -2.8 -2.53713 -5.2 -2.67469 -2.62122 -5.2 -3.6 -2.8 -3.6 -3.13269 -2.8 -3.36066 -2.97791 -2.8 -3.19184 -3.24323 -3.05849 -2.52856 -2.87098 -2.8 -2.47872 -2.7372 -2.58863 -2.64174 -2.59263 -2.79149 -2.8 -2.39472 -2.18749
-1.85225 -3.58585 -2.48503 -2.69167 -3.03534 -2.75783 -2.8204 -2.87564 -2.51966 -2.46219 -2.58394 -2.44225 -2.49199 -2.75332 -2.49714 -2.8 -2.77393 -2.47484 -2.6651 -2.44602 -2.64951 -2.7502 -2.74021 -2.75315 -2.53928 -2.54205 -3.92955 -2.8 -2.79103 -2.8 -2.8 -2.8 -2.66501 -3.1495 -2.38577 -2.6775 -2.43869 -2.6571 -2.58754 -3.21435 -2.8 -2.61293 -3.00489 -2.72083 -2.75255 -2.68551 -2.42299 -2.18305
-2.0641 -2.17412 -2.23152 -2.7605 -2.62353 -2.40804 -3.09855 -2.74352 -2.56445 -2.57693 -3.38479 -3.01274 -2.44878 -2.79304 -2.8 -2.73989 -2.51891 -2.60649 -2.71306 -2.93733 -3.22333 -2.55009 -2.72851 -2.74433 -2.55348 -2.63586 -2.99212 -2.8 -3.24419 -2.67823 -2.8 -2.77039 -2.45986 -2.77656 -2.68676 -2.4632 -2.70915 -2.8 -2.54881 -2.3692 -3.10158 -2.67019 -2.77289 -4.32648 -2.74228 -2.60529 -2.61039 -2.38618
-1.85589 -2.06517 -2.11855 -2.21159 -2.80685 -2.38322 -2.66542 -2.57065 -2.58133 -2.39243 -2.38798 -2.21902 -2.44551 -2.8 -2.8 -3.39762 -2.52174 -2.71698 -2.89487 -2.91182 -2.63265 -3.09141 -2.54846 -3.30465 -2.5225 -4.16995 -2.69497 -2.73115 -2.65023 -2.8 -3.3205 -2.8 -8.8762 -3.04115 -2.55782 -2.37154 -2.47804 -2.62706 -2.62676 -2.22112 -3.05021 -2.75865 -2.42263 -3.51392 -3.07431 -2.77125 -3.6 -2.23131
-2.0661 -2.7114 -2.58241 -2.21819 -3.03887 -2.67329 -2.70089 -2.47763 -2.38416 -2.39745 -2.34702 -2.16479 -2.51075 -2.38259 -2.5247 -2.39357 -2.8 -2.7948 -2.8 -3.02404 -2.63391 -2.8 -2.93398 -2.60005 -2.8 -3.2326 -3.36479 -3.42373 -2.7488 -2.94236 -2.64574 -2.8 -1.93627 -2.8 -2.8 -2.70745 -3.16296 -2.48048 -2.66837 -2.72881 -3.20378 -3.6 -3.1354 -3.06991 -2.8 -3.0743 -2.65047 -2.62814
-2.03761 -2.20163 -2.50132 -3.23889 -2.75451 -1.55841 -2.84575 -2.58072 -3.23959 -2.53023 -2.71478 -2.32325 -2.39379 -2 -2.8 0 -2.72801 -2.27162 -2.59042 -2.26487 -2.72572 -2.4416 -2.56499 -2.62444 -5.05606 -2.45233 -6.16987 -4.67992 -5.29538 -4.49163 -2.25323 -2.25953 -2.52163 -2.9998 -1.83212 -2.53973 -2.46223 -2 -2.6547 -3.05197 -2.14353 -2.93237 -3.07973 -2.52062 -3.45464 -2.91857 -2.8 -2.74907
-2.33327 -2.21855 -2.21025 -3.133 -2.75489 -2.87022 -2.60927 -2.41837 -2.73012 -2.55263 -3.08416 -2.64343 -2.48417 -2.65855 -2.48663 -2.56814 -2.73837 -2.91414 -2.71983 -2.65019 -2.62819 -2.55529 -2.3061 -2.40693 -3.54725 -5.44495 -5.14378 -5.5983 -4.63758 -5.54229 -2.8 -2.41772 -2.37848 -2.29801 -2 -3.6 -2.25868 -2.55295 -2.44513 -2.4689 -2.64319 -2.72555 0 -3.58915 -3.24043 -3.1479 -2.6872 -2.49163
-3.01494 -3.34727 -2.64301 -2.71867 -2.65853 -2.91999 -2.84744 -3.01554 -3.45196 -2.78286 -2.63018 -2.21413 -2.66797 -2.8 -2.8 -2.36525 -2.61909 -2.79919 -7.98227 1.40212 -2.68082 -2.57042 -2.61774 -2.64561 -2.5406 -2 -2.59853 10.8 -2.8 -2.71119 0 0 0 0 0 0 -2.14867 -3.09081 -2.49843 -2.3681 -2.7795 -3.14779 -3.12319 -3.45602 -2.58279 -2.90252 -2.91288 -2.5322
-2.64536 -3.21665 -3.6 -3.09785 -3.0874 -2.497 -2.50101 -2.68134 -2 -2.40702 -2.27455 -2.2371 -2.64663 -2.44768 -4.4 -5.2 -2.57167 -2.68938 -0.0569308 -2.12367 -2.71639 -2.26215 -2.5126 -2.91487 -2.10494 -3.31729 -2.22836 -5.2 -2.29551 -3.20079 0 0 0 0 0 0 -2.13596 -2.86274 -2.44235 -2.62273 -2.39544 -3.0455 -3.05338 -3.1931 -3.2999 -2.742 -2.63911 -2.25028
-2.35356 -2.65425 -2.86005 -2.84337 -2.48475 -2.64547 -2.92982 -3.58429 -3.02358 -2.53812 -1.97294 -2.58375 -2.19523 -2 -2 -2 -2.39285 -2.97007 1.97424 -7.6 -2.35203 -2.19505 -2 -2.17568 -2.55521 -2.58351 -2.58937 -3.16609 -2.47202 -3.12193 -3.26631 -2.8 -4.4 -3.6 -2.412 -2.73473 -2.8 -2.55014 -2.8 -2.77557 -2.71483 -4.4 -3.3644 -3.20771 -3.05197 -3.08524 -1.92768 -4.32504
-2.92041 -2.9865 -2.8 -2.7077 -2.92061 -2.75029 -3.20437 -3.73091 -2.48745 -2.6914 -2.34593 -3.03875 -2.29093 -2.15046 -2.50397 -2.33286 -2.1505 -2.38044 -4.94335 -3.35283 -2.23328 -2.41349 -5.2 -2.01386 -2.38827 -2.29793 -2.42256 -2.69673 -2.70193 -2.52977 -9.67656 -2.93303 -4.4 -3.47143 -3.11006 -2.6578 -2.27908 -2.35944 -2 -2.34978 -2.8 -3.05959 -2.89461 -2.59442 -3.26663 -3.43914 -3.00024 -2.24582
-2.96307 -2.96365 -3.03197 -3.05791 -2.68296 -2.76081 -2.99933 -3.75307 -3.09423 -2.85609 -2.92938 -2.74203 -2.7076 -2.10732 -2.3046 -2.22027 -2.5938 -2.61354 -2.33461 -4.4 -2.31523 -2.93455 -2.1267 -2.55317 -2.55748 -3.43113 -2.66613 -3.16374 -2.51837 -3.1898 -2.79777 -3.01326 -4.4 -3.37747 -2.84319 -3.1176 -2.714 -2.19624 -3.22852 -2.79023 -3.64066 -2.89329 -2.97579 -4.4 -3.06316 -2.49724 -2.61751 -2.64865
-2.22704 -2.77885 -1.97446 -2.78352 -3.89359 -2.72124 -2.78194 -2.8 -2.79374 -3.15088 -3.09548 -2.55636 -2.14766 -2.62567 -2 -2.35598 -2.69564 -2.48298 -2.8 -5.14365 -2.38754 -2.1409 -2.15262 -2.69349 -3.15165 -2.8 -2.73249 -2.70561 -3.15701 -2.8 -3.11566 -3.11517 -3.14055 -3.42565 -3.38971 -2.33588 -1.98165 -3.22231 -2.8 -2.56506 -2.8 -2.97195 -3.2945 -3.30202 -2.40389 -2.56557 -2.70271 -2.13127
-3.32714 -3.68836 -2.8 -3.709 -2.84463 -2.63086 -2.8 -3.04308 -2.67523 -2.85469 -2.466 -2.50665 -2.46524 -2.4802 -3.18081 -2.46041 -2.49029 -2.75211 -2.30794 -2.35956 -2.16436 -2.7868 -1.95876 -2.13515 -2.44465 -2.8 -3.03694 -2.62485 -2.35361 -2.72886 -2.49971 -2.53643 -3.06545 -3.162 -2.93622 -2.63977 -2.11568 -2.6949 -3.1249 -2.63497 -2.46093 -2.8 -2.27502 -2.3549 -2.8 -2.8 -2.17974 -2.36409
-3.28424 -2.66153 -2.8 -2.69192 -3.18363 -3.08802 -3.17699 -3.32545 -2.90587 -3.11202 -2.81302 -2.44918 -2.36332 -2.34185 -2.43516 -2.55635 -2.15681 -2.59781 -2.48732 -3.0512 -2.71266 -3.6 -2.13629 -2.2516 -3.15703 -2.2135 -2.64138 -2.2794 -2.8 -2.92454 -9.65175 -2.66997 -2.72872 -2.88732 -2.48597 -2.8 -2.54553 -2.50333 -2.63351 -1.4753 -2.8 -2.88257 -3.05437 -3.14861 -2.73364 -2.45286 -2 -3.12269
-2.63498 -2.35212 -2.74467 -3.177 -3.41169 -3.27691 -2.32542 -2.31119 -2.57331 -2.83446 -2.67441 -2.25815 -3.56178 -2.42091 -2.99625 -2.1354 -2.61085 -3.47733 -3.68892 -3.54772 -2.56895 -2.57298 -2.8 -3.21139 -3.10893 -2.8 -2.68003 -3.18367 -2.39069 -2.90775 -3.10118 -3.03751 -6 -3.29957 -2.91549 -3.13077 -3.24779 -2.53977 -2.64538 -2.8 -2.34497 -2.7153 -2.78717 -3.0591 -2.66125 -2.93745 -2.77308 -2.32166
-2.76211 -3.10821 -3.70369 -3.30289 -4.17573 -2.99967 -3.12503 -2.8 -3.21174 -2.50358 -1.62178 -2.67974 -2.67147 -2.14788 -1.8764 -3.12771 -2.26721 -2.49678 -3.18339 -3.32049 -3.22002 -2.9123 -2.8 -2.7835 -3.11085 -2.54519 -2.63566 -2.54958 -2.73162 -2.7089 -3.11516 -2.98412 -4.74513 -3.29907 -3.23296 -4.86165 -2 -2.63023 -2.58 -2.32475 -2.51924 -2.94467 -3.05804 -3.08306 -2.31671 -2.58575 -2.6092 -2.70807
-3.31506 -2.56006 -2.75755 -2.90024 -3.08516 -2.65243 -2.87578 -3.1435 -3.55352 -3.01321 -3.59131 -2.736 -2.35573 -2.47691 -2.12492 -2.8 -2.8 -2.64243 -3.07281 -2.92919 -2.19391 -2.61746 -2.47037 -2.53402 -2.91909 -2.75525 -2.66088 -2.76202 -2.8 -2.58937 -2.59407 -2.79828 -2.8 -2.78208 -2.78206 -2.4597 -2.7059 -2.66777 -2.31117 -2.46055 -2.46624 -2.69443 -2.38951 -2.5063 -2.3215 -2.37843 -2.23307 -2.13819
-3.82794 -3.95838 -2.61442 -2.7112 -3.05702 -2.94802 -7.32089 -3.17357 -3.60159 -2.59642 -2.65077 -3.05552 -3.43533 -2.64965 -2.68389 -3.36904 -3.2422 -2.74947 -2.5612 -3.21961 -2.66228 -2.75734 -2.57616 -2.55362 -3.19349 -2.79405 -3.21729 -2.53237 -2.8 -2.66301 -2.4951 -2.77143 -3.04167 -2.78347 -2.68686 -2.51593 -2.55997 -2 -2.49371 -2.33326 -2.85456 -2.48426 -2.11998 -2.26756 -2.35348 -2.587 -2.41116 -1.78187
-2.31229 -2.96887 -2.71346 -2.97416 -2.78165 -2.6349 -2.94489 -3.03881 -3.01382 -2.76613 -2.67769 -2.62313 -2.55132 -2.5441 -3.43322 -2.97622 -2.93764 -3.19657 -2.78289 -3.52371 -2.77465 -2.34663 -2.85714 -3.30501 -3.52125 -2.91353 -2.96784 -2.52803 -3.0038 -3.6 -3.23033 -2.49247 -2.49259 -3.51267 -4.05917 -2.69993 0 0 0 0 0 0 0 0 0 0 0 0
-2.42076 -2.39019 -2.75122 -3.85911 -2.74859 -2.40417 -2.73101 -3.43366 -4.0762 -3.25112 -2.8 -3.28719 -3.55132 -2.53064 -4.76268 -3.20041 -3.06731 -2.77102 -2.9716 -2.7125 -2 -3.3285 -2.24048 -2.54613 -4.16292 -3.22422 -2.73267 -2.86204 -3.21759 -3.11684 -3.07343 -2.43842 -3.17195 -3.09206 -3.28415 -3.60362 0 0 0 0 0 0 0 0 0 0 0 0
-4.4 -2.71687 -3.43812 -2.77673 -2.02175 -4.1244 -3.47725 -2.38853 -2.93946 -2.8 -3.13423 -3.68618 -3.02583 -2.30074 -3.39198 -2.45724 -3.6 -2.78442 -2.94464 -3.15322 -2.88281 -2.5301 -2.33217 -2.50445 -6.8 -3.40115 -3.47763 -3.0888 -2.89435 -5.2 -2.87142 -2.7779 -3.22074 -3.14258 -3.19548 -3.15026 -2.94128 -2.90117 -2.79814 -2.99012 -3.12939 -2.86384 -3.14662 -2.48213 -2.68053 -2.98882 -3.09502 -2.48616
-0.40983 -2.32974 -7.6 -5.2 -4.00277 -3.85866 -3.36171 -3.1761 -3.89249 -3.51109 -3.68613 -3.1339 -2.58227 -2.73632 -2.45094 -2.35148 -2.42273 -2.44153 -2.76055 -3.0963 -3.06401 -2.88602 -2.79321 -2.55648 -4.4 -3.34138 -4.4 -3.1796 -2.85812 -3.08261 -2.95273 -2.88705 -3.29465 -3.75634 -3.14661 -3.29394 -2.51887 -3.24443 -2.32264 -2.53453 -3.52272 -3.14816 -3.19037 -2.74289 -3.10448 -2.91957 -2.8 -3.6
-2.74802 -3.33913 -2 -2.8 -2.78405 -1.7869 -2.85084 -2.62962 -7.84597 -3.80989 -1.68684 -3.57347 -2.23239 -2.8 -2.92903 -2.4354 -2.73152 -2.63397 -3.07219 -2.8 -3.27893 -3.30194 -2.40582 -1.92156 -1.78789 -2.20638 -2.35509 -2.38513 -1.95993 -1.9861 -2.31799 -1.96946 -4.26508 -2.91987 -2 -2.89061 -3.21578 -2.43513 -3.27686 -2.68331 -3.0466 -2.89429 -2.97686 -3.00706 -2.97261 -2.61666 -2.53801 -2.86954
-2.86565 -2.51969 -3.5763 -2.62425 -4.31305 -2.5326 -3.0031 -2.98168 -3.1367 -3.3204 -2.24612 -3.06688 -2.4497 -3.47793 -3.26484 -2.76772 -2.98745 -2.7225 -3.51211 -3.02919 -3.3432 -3.52156 -2.62426 -4.4 0 -2.91618 -3.1031 -2.60314 -2.20979 -2.70845 -2.13546 -2.48906 -2.48589 -2.40539 -2.57441 -2.15315 -2.68493 -2.68161 -5.2 -3.14162 -2.89997 -3.26896 -2.58325 -3.07602 -2.74572 -1.2 -3.0014 -2.51959
-2.70146 -3.45825 -4.04773 -3.35123 -3.00674 -3.93619 -3.95526 -3.88182 -3.06777 -2.15439 -1.98611 -1.85154 -4.01458 -3.24579 -3.43979 -3.29828 -3.30153 -3.39084 -4.33668 -3.99272 -4.32491 -4.07961 -3.75984 -3.10539 -9.2 -5.98098 -1.78126 -1.81035 -1.80732 -1.76233 -1.90662 -2.61963 -2.56256 -1.82019 -2.18475 -1.71541 -0.159254 -2.47482 -2.11377 -1.95695 -2.16566 -2.28783 -2.08813 -3.05895 -2.95015 -2.67728 -2 -2.50254
-3.37575 -3.00625 -3.89267 -3.36991 -3.35174 -3.30059 -2.8 -3.49289 -2.626 -1.2 -2.22548 -2.67764 -2.55645 -3.27902 -3.33767 -3.6 -3.52852 -3.94054 -4.30677 -4.83343 -4.05099 -3.85117 -3.70376 -3.26324 -7.14877 -5.61571 -2.45864 -1.88861 -4.26602 -1.83778 -3.6 -3.14214 -3.25241 -2.7088 -2.32583 -2.46282 -2.0745 -3.6 -2.25473 -2.50402 -3.19745 -3.27899 -3.20786 -2.98664 -2.89032 -3.37404 -2.92212 -3.26348
-2.8 -2.06343 -4.10522 -2.67747 -2.27079 -1.17635 -3.40983 -2.98341 -3.29554 -3.33175 -2.17527 -2.51439 -3.1587 -2.42374 -2.46577 -2.59271 -3.02711 -3.51918 -3.40006 -2.79162 -2.49315 -2.76741 -2.4334 -1.97346 -3.40737 -1.99118 -1.94048 -2.46531 -1.78147 -2.24542 -1.71772 -2 -1.79872 -2.31861 -1.5791 -2 -2.23379 -2.45081 -2.23392 -10 -2.96792 -0.789203 -2.83644 -2.84237 -2.7012 -2.56178 -2.21502 -2
-2.28587 -3.14375 -3.81005 -2 -3.06478 -2.46822 -3.14386 -2 -2.58941 -2.4202 -1.59422 -0.67976 -2.56821 -2.5293 -3.06403 -2.77746 -3.14384 -2.73052 -8.43192 -2.8 -2.44242 -2.34235 -2.64719 -2.48315 -2.16709 -2.61733 -1.47346 -1.79091 -1.71175 0.00733563 -4.4 -1.86174 -1.73935 -2.45892 -1.98853 -2 -2.4252 -2.72955 -2 -2.73995 -3.29583 -2.71612 -3.1731 -3.1558 -2.61855 -2.8 -2.71798 -2.58743
-2.31801 -2.86117 -2.90725 -2.11429 -2.42317 -2.21864 -4.4 -2.97607 -1.42632 -2.53418 -2.45911 -2 -3.53839 -2.93017 -4.4 -4.07771 -3.43735 -3.62738 -3.87285 -3.51443 -3.39357 -4.77682 -2.85533 -3.73671 -2.28377 -2.59986 -2.99062 -2.56646 -2 -2.60786 -2.26702 -2.60837 -2 -2.406 -1.06028 -1.91315 -3.0466 -3.48057 -2.38746 -3.34031 -3.98908 -3.03938 -3.10608 -3.22997 -2.96716 -2.79738 -1.80704 -2.65571
-2 -2.39404 -2.68437 -2.24162 -2.28333 -3.01826 -3.00501 -2.81564 -2 -2 1.29414 -1.09957 -3.44626 -3.46946 -4.4 -3.9139 -6 -4.0569 -3.72488 -5.2 -2.31681 -4.97341 -2.48933 -3.75965 -3.08084 -2.74236 -3.1327 -2.62055 -3.3642 -3.53358 -2.30375 -2.58071 -2.74263 -2.56704 -2.8 -1.90386 -3.02057 -3.23275 -2.74374 -3.25418 -3.3481 -3.27728 -3.35609 -3.77334 -3.02039 -2.94167 -3.07226 -2
0 -6 -7.89949 0 -8.03352 -6.63969 -8.27562 -7.09457 0 0 -9.18536 -8.73614 -2.99379 -2.47144 -3.27729 -3.10246 -4.4 -3.31367 -3.26152 -2.28949 -2.67467 -2.89894 -3.26301 -2.71258 -2 -2.20883 -2.77995 -2.28927 -2.88325 -5.2 -2.89851 -2.92348 -2.53012 -3.1777 -2.27871 -7.94647 -2.79033 -2.76925 -2.8 -3.41053 -2.8774 -3.31535 -3.03191 -0.614874 -2.87419 -3.12592 -2.29091 -2
-6.66419 -7.40648 -7.20889 -1.52709 -7.94638 -8.21449 -7.46377 -6.8 0 0 -9.26255 -8.72766 -3.12622 -2.59582 -2.96881 -2.60798 -2.79285 -2.68093 -1.87379 -3.092 -2.37327 -3.07765 -3.03234 -2 -2.56671 -1.81083 -2.75725 -2.08901 -2 -2.61387 -1.76657 -2.26492 -2.95708 -3.54009 -2.86849 -2.64946 -4.4 -1.2 -3.0432 -6 -2.71317 -3.2051 -3.25209 -3.13481 -2.90725 -2.42048 -2.98342 -2.40909
-3.01269 -3.89561 -2.64498 -2.54192 -4.95034 -3.6 -3.12232 -3.50684 -3.06898 -3.54506 -2.61326 -2.52033 -2.32888 -2.33936 -3.27862 -2.84549 -2.2712 -2.72565 -2.76631 -3.65428 -3.12034 -2.71267 -3.28028 0 -3.09863 -2.89952 -2.69143 -2.52717 -3.25679 -1.91908 -2.19313 -1.7218 -0.949311 -3.03876 -4.99294 -2.27028 -2.95164 -2.99939 -2.988 -3.22863 -3.47823 -2.58407 -3.20011 -3.16877 -2.9394 -2.91663 -2.38101 -2.71702
-3.47992 -3.47968 -3.10504 -2.99611 -2.8877 -2.87428 -7.64245 -3.4004 -4.02112 -3.6 -2.59561 -3.02991 -2.66826 -2.77556 -3.58564 -2.93611 -3.42128 -1.68351 -2.37961 -5.0417 -2.93111 -3.20432 -2.2985 -2.30845 -2.59196 -2.60559 -2.36419 -2.84956 -3.13702 -2.54544 -1.66961 -1.73335 -1.10076 -5.09837 -10 -2.41142 -1.93635 -2.62594 -3.27837 -3.22246 -3.55504 -4.2862 -3.39898 -3.6 -2.9166 -3.46542 -2.49637 -2.49664
-3.19314 -3.27961 -4.4 -3.6 -2.95505 -3.6898 -3.04586 -3.17745 -1.96295 -3.08356 -4.09204 -4.11921 -2.57051 -2.28792 -2.45822 -3.4636 -2.77631 -1.95089 -2.64709 -2.63051 -1.31212 -2.48061 -1.4986 -2.16365 -2.39281 -2.48718 -2.92524 -2.65893 -2.8 -2.73808 -2.32505 -2.21218 -2.39299 -2.95945 -2.24799 -2.26895 -2.37037 -1.71815 -3.24151 -2.83757 -2.7529 -2.62224 -3.04366 -3.22966 -4.4 -3.08634 -2.33523 -2.24151
-2.8 -3.65715 -4.4 -2.90353 -3.91236 -5.2 -4.4 -3.41178 -1.72459 -9.1034 -3.44022 -4.4 -3.27503 -2.84963 -2.81238 -2.23919 -2.29318 -2 0 -1.2 -3.5254 -7.6 -2.03815 -1.93364 -2.61835 -2.55864 -2.79856 -2.30241 -3.56932 -3.03443 -2.87733 -2.82718 -3.2756 -2.88433 -1.71095 -2.84191 -1.47953 -1.58504 -2.96254 -2.84185 -2.96609 -2.92136 -3.21586 -3.14707 -3.07624 -2.54134 -3.48543 -2.44168
-3.505 -4.4 -3.78751 -5.2 -4.90314 -5.2 -3.90555 -2.50542 -3.22753 -2.91428 -3.43514 -6 -3.15528 -2.70784 -3.09234 -3.33631 -2.99995 -3.13898 -2.96086 -3.49136 -2.63172 -3.07437 -2.57936 -2.53937 -1.93583 -2.25312 -1.97656 -1.69463 -2.97114 -2.29134 -1.99127 -2 -3.2233 -2.06371 0 -3.03373 -2.84079 -3.4812 -3.11641 -3.34441 -2.94806 -3.6 -2.83977 -3.59573 -2.95595 -3.33703 -3.27559 -2.46379
-3.17061 -6.71163 -4.30316 -3.78849 -3.45001 -4.12143 -5.2 -4.4 -3.21621 -3.87279 -4.4 -4.4 -3.07651 -4.4 -3.30671 -4.4 -2.50084 -3.76271 -3.30458 -4.32816 -3.00538 -3.44659 -2.6298 -2.78713 -1.95138 -2 -2.69631 -2.6909 -2.38956 -2.45762 -2.57836 -2.56412 -3.00873 -2.88432 -2.87209 -3.09273 -3.41629 -3.28225 -3.10905 -3.03598 -3.43106 -3.27371 -4.4 -3.25805 -3.35565 -2.9089 -4.07507 -4.16969
-3.18002 -2.62938 -2.32118 -2.52446 -2.81872 -2.50394 -3.60364 -3.86339 -2.45189 -3.10545 -3.59019 -4.36373 -4.4 -3.01229 -3.00104 -4.4 -3.57992 -3.55533 -4.4 -3.34126 -3.12039 -2.81606 -2.96996 -2.53737 -2.98353 -2.88333 -2.77291 -1.64601 -2.36873 -1.89722 -2.66404 -4.4 -3.51538 -3.95544 -3.03938 -2.40758 -2.89783 -2.82092 -2.58266 2 -2.69444 0 -2.63409 -2.8934 -4.10797 -3.6 -2.63897 -2.46691
-2.42232 -3.09378 0 -2.89778 -2.38014 -2.98017 -3.14485 -5.2 -3.35832 -2.98915 -3.79467 -3.36565 -3.32354 -3.23551 -3.02439 -4.04405 -3.16293 -3.72275 -2.9785 -3.39687 -3.21424 -2.3664 -1.56481 -2.24517 -2.88165 -1.81356 -2.76568 -2.88549 -4.86117 -2.56485 -3.34212 -2.43081 -3.17288 -3.35852 -3.2985 -2.59429 -3.49572 -4.18181 -3.68024 -3.08731 -2.50058 -2.75559 -3.04755 -3.21576 -3.33088 -3.2024 -2.70569 -2.68018
-3.28118 -2.78323 -5.2 -7.6 -3.84382 -3.69196 -5.2 -4.4 -4.03264 -6.8 -3.52787 -3.38981 -3.29011 -2.9403 -4.21485 -3.51323 -4.83301 -2.91404 -3.40338 -6.8 -2.53987 -3.46939 -2.26148 -1.82642 -3.17844 -2.6854 -2.85784 -2.07572 -2.62282 -2.06308 -3.6 -2.68958 -3.21076 -3.27791 -3.04956 -3.26774 0.0264498 0.276313 -0.855371 0.203959 -0.4 -1.08177 -0.0619712 0.0372212 -0.211763 -0.0346864 0 0.879511
-1.50499 -3.88422 -6 -4.18461 -2.62074 -3.42093 -5.2 -5.2 -5.2 -3.6 -3.95076 -4.4 -3.24167 -2.43299 -3.6 -3.15157 -2.94497 -2.32041 -2.9622 -4.4 -2.8 -5.2 -3.6 -2.50665 -2.46629 -0.714758 -2.39908 -3.08267 -3.5987 -2.96023 -3.18802 -2.7773 -3.21724 -1.93945 -3.54007 -2.74112 0.241091 -0.284725 -2.25576 -1.2 -0.541066 -1.2 -0.185134 -0.0884908 3.17297 -0.134229 1.60759 2.262
-2.7515 -2.92567 -3.27179 -4.21856 -2.93515 -4.27998 -3.45868 -3.59075 -2.45842 0.346931 -3.15134 -2.568 -4.4 -3.37078 -3.06605 -3.4467 0 -6 -6 -3.39646 -2.90956 -3.29905 -2.26351 -6 -3.83361 -6 -2.33679 -4.85112 -5.2 -4.07386 -1.17404 -2.66541 -3.1974 -2.75078 -2.24012 -2.06129 -3.02724 -3.6 -2.649 -3.14407 -2.7154 -2.95073 -3.11615 -4.34307 -2.90884 -3.36572 -2.29553 -1.7342
-3.65773 -3.11081 -2.78076 -3.55828 -3.57441 -4.30944 -2.32638 -5.2 -3.649 1.2 -3.12935 -4.4 -3.18361 -4.24251 -3.13422 -6.79105 -4.4 -3.55526 -3.10224 -4.4 -3.02354 -0.550946 -2.61077 -3.48646 -4.07385 -3.61052 -4.2918 -3.73952 -5.2 -2.55502 -2.93323 -2.51029 -3.26469 -3.61022 -2.26808 -3.2958 -1.35068 -3.01631 -3.18887 -2.31475 -3.25416 -3.37956 -3.6 -3.06868 -3.47466 -3.42161 -2.66171 -2.53317
-2.9397 -2.94145 -3.31274 -3.27663 -4.05733 -3.18129 -2.62564 -3.848 -6 -5.2 -2.48017 -5.2 -2.8 -3.6 -2.64369 -4.02719 -2.49049 -3.19132 0 -6.71961 -5.2 -7.6 -2.8 -3.42602 -2.85585 -3.46578 -3.44701 -2.90646 -3.21887 -3.25906 -2.80253 -3.30369 -4.1434 -2.88321 -2.91578 -4.31882 -3.11998 -3.48136 -3.55835 -2.96987 -3.32884 -3.19799 -2.5994 -10 -2.28643 -2.53237 -2.78919 -2
-3.65574 -3.23431 -3.52534 -3.09404 -5.2 -4.00028 -3.39977 -5.2 -4.4 -6 -3.02299 -5.2 -3.6 -3.77249 -3.54325 -3.51578 -3.19423 -1.83309 -7.27466 -6.8 -6.73881 -3.58581 -5.2 -3.87438 -3.18485 -5.2 -3.03791 -3.10406 -3.34366 -3.39886 -3.05723 -5.2 -3.09218 -3.07892 -4.4 -3.4087 -2.64006 -4.4 -3.14659 -3.5858 -3.36246 -4.4 -3.6 -3.6 -2.94105 -2.20304 -2.54175 -2.12752
0 0 -6.8 -5.96704 -10 -8.4 0 0 0 0 10.2014 10.3047 0 -2.39159 -6.8 -4.4 -5.2 -3.76762 -6.48049 -7.12044 -6 -6 -5.2 -5.2 -1.08211 -1.95106 -2.41817 -1.7485 -10 -10 -2.11217 -2.77517 -1.27791 -2.15839 -2.42556 -2.17056 -2.76108 -1.85573 -3.15705 -3.72751 -2.80471 -2.47143 -3.19698 -8.76409 -2.1098 -2.68041 -2.05106 -2.26613
0 0 -8.68791 0 0 0 0 0 0 0 10.8 10.8 -6.51377 -5.2 -2.18206 -1.96875 -6.8 -7.43314 -1.8222 -6.8 -6.64042 -8.41782 -2.65607 -3.37966 -5.46484 -4.69037 -4.91883 -4.90678 -10 -6.62658 2.63424 -4.97794 -1.78706 -1.56701 -3.53851 -3.01271 -2.30849 -1.53886 -3.95527 -3.53505 -5.2 -4.4 -3.29623 -2.09683 -2.31623 -2 -2.69381 -2.76594
0 0 0 0 0 0 0 0 0 0 0 0 0 0 0 0 0 0 0 0 0 0 0 0 0 0 0 0 0 0 0 0 0 0 0 0 0 0 0 0 0 0 0 0 0 0 0 0
