8 0 8 64 0 64
0 0 -1.99 0.447645 0 0 0 0
0 0 -0.0241797 0.01707 0 0 0.0336054 0.0189016
-0.6 0 -0.023741 0.0112698 0 0 0.0791399 0.0201731
0 0 0.00632606 0.0144334 0 0 0.0504437 0.0214574
0 0 0.0810072 0.0337138 0 0 0.0236078 0.0253385
0 0 -0.187177 0.034823 0 0 0.0243451 0.02421
0 0 0.00931625 0.0325564 0 0 0.0160974 -0.0918552
0 0 0.0339391 0.0325224 0 -0.212066 0.034043 0.0320187
-0.1 0 -1.47359 0.0307977 2.83487 0.00609851 4.85366e-10 0.0053855
-0.0359062 -0.0533957 -0.271854 -0.264516 0.0215165 0.0207825 0.0181897 0.0184691
0.0110194 5.55112e-17 -0.116194 0.0186505 0.0593672 0.0390265 0 -0.0760278
0.0354838 0.0230182 -0.147747 0.0202692 0.0698505 0.0229122 0.0344237 0.0130745
0 0.0270622 0.444184 0.0227438 0.0248189 0.0380244 0.031952 0
0 0.0440045 0.0255965 0.0150498 0.0307495 0.448241 0.0344428 0.0309875
0 0.0404122 0.0232465 2.34757e-13 0.0278451 0.000298739 0.0368544 0.021953
0 -2.73403 1.3 0.13859 0.0656702 0.2 0.0713584 0.0381722
0.00492799 0.431118 0.00706283 1.66533e-16 0.0327079 0.0341702 0.475913 0.0146754
0.034423 0.0289368 0.0158534 0.00640837 0.0430181 0.040202 0.0192563 0.0235225
0.0316325 0.00395127 -0.0374152 0.2 0.568736 -0.229915 0.0234677 -0.276418
0 0.0307368 0.0257192 0.00438569 0.0684924 0.222136 0.0107159 0.2
0 0.0290093 0.0154438 0.034975 0.0274566 0.0335642 1.6831e-13 0.0351995
0 0.036416 1.23235e-13 0.038196 0.0461638 -0.163572 0.0054339 -0.155099
0 0.0368278 0.233912 0.0128524 0.0294769 0.0399234 0.0125292 0.0741059
0 0.0380501 0.0281148 0.0347561 -0.0360209 0.0593108 0.011639 0.0212542
0.0209063 0.0233859 6.97842e-11 0.0183841 -0.0184259 0.0296551 0.0324286 0.0156359
2.77556e-16 0.0315598 0.340049 0.00628117 0.0313606 0.0430196 -0.247596 0.0332459
0.249193 0.0346616 -0.193844 0.030993 0.0592789 0.0413763 0.00605461 0.0345533
-0.306193 0.326339 0.0159827 0.0126195 6.46289e-13 0.0235683 0.00422451 0.0370805
0 0.0392083 0.016392 0.0216548 0.160768 0.0367558 0.0389808 0.0271809
0 0.0592082 0.143488 0.0171262 3.2 0.0470616 0.0289886 0.040966
0 -0.257678 0.0128326 0.022084 0.052939 0.122845 0.0227608 0.46972
0 -0.131594 -0.0823822 -0.116936 0.0625746 0.0481478 5.0116e-12 0.0341001
0.0133533 0.40184 7.42455e-10 0.437897 0.043775 0.0196926 0.0140486 0.0372051
0.0114798 0.0247221 0 0 0.0570874 0.0253876 0.0239664 0.0338397
0.0886957 -0.3 0.100567 0.0234942 0.0689611 0.539978 0.0433851 0.0235304
0.0295795 0.0305482 0.024214 0.0117572 0.0573917 0.0275737 0.0457075 0.0260209
0 0.0252528 0.02461 0.0337843 0.0414067 0.0458013 0.308059 -0.122635
0 0.0338981 0.0374923 0.0306705 0.04595 0.0434253 0.0224439 0.0351294
0 0.0205468 0.034662 0.00889083 -0.0525546 0.0400089 0.0382062 0.0368118
0 0.0195582 0.00745483 0.0344819 0.046767 0.0500318 0.0484724 -0.238263
1.83229e-09 0.0135956 4.60743e-15 0.0130106 0.0184286 0.0151148 0.00992203 0.0216401
0.0206204 0.0318692 0.00567737 0.0245922 0.0409193 0.0333396 0.0238405 0.366504
0.02231 -0.268517 0.0100472 0.0220761 0.0441421 0.0326655 0.0173204 0.0181351
0.0308043 0.0186398 0.0146999 0.0162749 0.0588801 0.0357512 0.0305846 0.0259508
0 0.019584 0.101485 -0.237989 0.0484802 0.0393277 0.0166744 0.026539
0 0.0350553 0.0131965 0.00848991 0.0604862 0.0450679 0.0177233 0.0295065
0 0.0363373 0.0138117 0.011112 0.0516875 0.0258657 0.431968 0.0263115
0 0.0300654 -0.130316 0.019246 0.0628297 0.0364705 0.0343556 0.0160535
3.02536e-15 -0.4 2.64622e-13 1.80919e-12 0.00112453 0.0250058 0.0378979 -0.224099
0.00146925 0.0149409 0.0122108 0.0133783 0.0249876 0.0346249 0.0416039 0.0155694
0.00296231 -0.191153 0.2 -0.207283 0.0396885 0.100253 0.0523268 0
0.0272866 -0.262722 0.0446542 0.019646 0.0278984 -0.131189 1.9 0.0191836
0 0.0107001 0.212265 -2.00931 0.0390253 0 2.53117 -0.0621642
0 0.0138194 -0.0999992 0 0.0454772 -0.254624 2.38514 -0.161041
0 0.00685184 0 0 0.0409275 0.0148189 0 0
0 0.0362916 0 0 0.0377786 0.0285532 0 0
0.0060755 0.0210482 0 0 -0.0999998 0 0 0
0.0250729 -0.223174 0 0 0.0529248 0 0 0
0.02134 0.0166312 0 0 0.0424412 0 0 0
0.0324704 0.2 0 0 0.0504137 0.0297026 0 0
0 -0.0252304 0 0 0.0490868 0.0717349 0 0
0 0.0202804 0 0 0.0448419 0 0 0
0 0.0362446 0 0 0.0458314 0 0 0
0 -0.0321895 0 0 0.0909561 -0.0398226 0 0
