10 0 10 96 0 96
0 -0.0111945 -0.0152331 5.27356e-16 -0.00775914 0 0 0 0 0
0 0 7.21645e-16 -0.0214452 0.00497743 0 0 0 0.0129286 0.0172883
0 0 0.00576205 2.31482e-14 0.00164159 0 0 0 0.00492345 0.0162666
0 0 -0.00920853 2.77556e-16 -0.0163273 0 0 0 0.0170373 0.00798204
0 0.0489933 -0.00911567 0 -0.0130457 0 0 0 0.0271946 0.00703239
0 -0.00304408 -0.012908 -0.0101227 2.77556e-17 0 0 0 0.008653 0.000157715
-0.326371 0 -0.0200282 9.99201e-16 3.17782e-12 0 0 0 0.028179 0.00614325
-0.168015 0 -0.0105193 3.61996e-06 5.5655e-10 0 0 0 0.0111263 0.0026398
-0.0524444 -0.00969003 1.09912e-14 -0.0144235 0 0 0 0 9.76996e-15 1.41637e-13
-0.0341147 -0.0133425 0.00221257 8.32667e-17 0 0 0 0 0.0124621 0.00836615
-0.0357412 -0.00969599 -0.00809976 0.00268491 0 0 0 0 0.0340484 0.226009
-0.0339709 -0.0131731 -0.0173162 -0.0118213 0 0 0 0 0.716789 -0.0099635
-0.0283865 -0.011461 1.29396e-13 0.0013218 0 0 0 0 -1.9 0.0116801
-0.0194495 0.000212741 -0.0102377 0.0037493 0 0 0 0 0 2.84273e-13
7.46625e-15 0.00683153 -0.0124351 0.0101925 0 0 0 0 0 -0.0135413
0 0 -0.0107801 1.4 0 0 0 0 0 0
0 -0.0256631 0.00221618 0 0.118902 0 0 -0.042131 0 0
0 -0.0225 -0.0164953 0 0 0 0 -0.0711077 0 0
0 -0.0299635 -0.0145221 0 0.00693588 0 0 -0.0584572 0.0184266 4.97037e-05
0 -0.0284158 -0.0154274 0.0496884 2.94764e-14 0 0 -0.0821901 0.0295953 -0.0172
0 0.010872 4.88498e-15 0.00418683 0.000641464 0 0 -0.128486 0 0.0118267
0 -0.016275 1.7552e-06 0.133146 0.0170067 0 0 0 0.0119028 8.24951e-13
0 -0.0343781 0 0 0.00503121 0 0 0 0.103632 0.0150552
-0.270628 -0.0244857 -0.0124303 0 0.0166127 0 0 0 0.511039 0.000167036
-0.109897 -0.00939068 0.00361505 0.0158653 0.00431782 0 0 0 0.1 0.0155811
-0.0548295 -0.0054757 0.0232469 0.0164413 0 0 0 0 0.0732195 0.0052054
-0.0361573 -0.0139443 3.19189e-15 0.00459876 0 0 0 0 0.0454849 -0.0122872
-0.0235441 0.00227629 0.00186103 0.00887533 0 0 0 0 0.0669632 -0.0262958
-0.0380455 -0.0129688 0.0104239 0.0077919 0 0 0 0 0.00761389 3.29181e-14
-0.0356061 0 0.011761 0.0181324 0 0 0 0 0.0509698 -0.0105657
-0.0307322 -0.0227867 2.08167e-14 0.00750046 0 0 0 0 0 -0.025558
-0.0350545 -0.0164107 0.016081 0.0430497 0 0 0 0 0 -0.037904
0 0.00189723 8.76132e-13 0.0162397 0.1 -0.0081271 -0.00650029 1.876e-13 -1.44196 0
0 -0.0109815 1.7012e-11 0.00524885 0.0570689 -0.0146216 0.0439576 -0.0260746 0.0462747 -0.0208385
0 3.45002e-13 0.000785546 0.0215108 0.0690006 2.70797e-12 0.0963768 0.0337791 -0.478398 -0.0185239
0 0.0029783 2.83961e-11 0.010671 0.0568848 -0.0147159 0.122714 0.0604448 -1.04222 7.21645e-16
0 0.00222441 0.024782 0.0374171 0.0547317 -0.0283487 0.129375 0 0.0594968 2.97601e-06
0 0.00885702 0.0100359 0.0481955 0.0458 0.0112038 0.112112 0 0.0298711 -0.0197413
0 0.00472715 0.0160951 0.0298538 0.0413751 8.59554e-09 0.11538 0 0.0252517 -0.0132608
-0.289033 -0.00520679 0.0130319 0.0394576 0.0505238 0 0.0948508 0 -0.0363227 -0.0274376
-0.2 0.00224805 0.0250726 0.0527582 0.0112189 0.000643768 0.00142688 0 0.016684 -1.7033
-0.0389849 0.00964294 0.0343567 0.0387517 0.0183198 0.0114769 -0.0139428 0 1.28036e-13 -1.82294
-0.0424271 0.0180243 0.0222294 0.055283 0.0168465 0.0358267 -0.025856 0 2.76168e-14 -1.6292
-0.00471179 0.00879625 0.0197209 0.0633619 0.0233995 0.0125723 0.0135324 0 0.012438 -1.43405
-0.0132078 3.88825e-09 0.0203399 0.0403782 0.0168107 0.0299944 0.0125549 0 0.0192157 0
-0.0242708 0.00121499 0.0166209 0.0539204 -0 -0.0143083 -0.0200991 0 0.00231229 -1
-0.0193792 0 0.0297229 0.0552175 0.00836278 0.00471922 0.0283188 0 0 -1.1
0 0 0.0305569 0 0.00230538 5.32907e-15 0 0 0 0.0842246
0 -0.0118251 -0.0280961 0.0267842 0.109515 0.0418313 -0.0250603 0 0 0
0 -0.0321715 -0.0343485 0.00627025 0.0490712 0.0196054 -0.0197517 0.0123034 -0.0390603 0
0 -0.00821715 1.52108e-11 0.00421735 0.0249364 0.0279544 0.0256399 -0.0256636 0.00717841 -0.0134782
0 -0.0147703 0.0064408 0 0.0479162 0.0163842 0.0100457 -0.0595872 3.85803e-15 -0.0209626
0 -0.0160025 9.48109e-08 0.0108746 0.0313211 0.00821131 0 -0.123297 0 -0.0259838
0 -0.0227735 0.00376296 0.0121991 0.0234956 -0.20577 0.022222 0 0.00597609 -0.0246426
0 3.9846e-09 0.0043436 0.0246581 0.00086553 0.0116135 0.013024 0 4.2466e-15 -0.0241033
0 0 0.00136042 0.169622 0.108864 0.0354071 0.0607838 0 0.0166814 0
-0.0542836 -0.00939668 0 0.0231095 0.0196231 -0.0151745 1.5058e-08 0 0.0137397 -0.0216247
-0.0890801 0.0012959 0.0568814 0.0403211 0.0223181 -0.0178499 -0.0411906 0 9.27314e-14 0.0105805
-0.0735228 0.00977384 0.0400038 0.0421751 0.0171087 0.00436417 -0.0468801 0 0.0123282 -0.0554818
-0.0349376 0.0138793 0 0.0507803 0.0202349 0 -0.0519523 0 0.00915579 -0.033795
-0.0456477 0.0124465 0.0160235 0.0647639 0.0115932 -0.00988054 -0.0547242 0 0.00215917 -0.0263327
-0.0393733 -0.0200607 0 0.0542008 0.00672162 0.007532 -0.068777 0 -0.00793575 -0.0272482
-0.0371806 -0.0128652 0.0199161 0.0603991 0.0127758 -0.0140278 -0.0341021 0 0 -0.0401028
-0.0161253 0.000947689 0 0.0677221 0 0 0 0 1.74597 -0.0644008
0 -0.00755369 3.22645e-10 0.040537 0.0111459 0.0102791 -0.00797433 -0.0612887 0 0
0 -0.0278485 0.0156531 0.0226865 0.0222134 0.0152535 1.56766e-08 -0.034539 0.008042 0.0325595
0 -0.0222156 0.0100816 0.0670257 0.0168063 -0.0226002 -0.0224705 -0.0428399 0.0127366 0
0 -0.0170924 7.02216e-14 0.0359673 0.00467719 0.00525894 -0.0121266 0 0 0.0268849
0 -0.0140769 0.00441284 0.0319206 9.18029e-11 -0.0173724 -0.0215932 -0.1 0.00074565 0.0267595
0 -0.0137095 0.000302348 0.0246312 0.016388 9.27036e-14 -0.0203971 0 0.00215974 0.0283862
0 -0.0173892 3.88578e-16 0.0225445 0.0274422 -0.0139973 -0.0262357 0 0.0311588 0.0243977
0 -0.0273053 0.0100871 0.0281047 -0.0135288 -0.0133295 -0.0293892 0 0.00516145 0.0199549
-0.131061 -0.00845617 -0 0.0370279 0.0139347 -0.334059 2.6242e-11 0 0.0267281 0.010246
-0.0761281 2.11011e-10 0.00675894 0.0361933 4.89392e-12 -0.223472 8.05411e-13 0 0.0222873 0.000462041
-0.0365006 0.000669037 0.00546658 0 0.0195331 -0.398847 0.0345091 0 0.0400016 -0.0365464
-0.0295772 1.01527e-11 3.90837e-05 0.0282413 0.031559 -0.255241 0.0339274 0 0.0125138 0.00166856
-0.041447 0.0137098 0.0180097 0.0387269 0.0134045 0 -0.0163024 0 0.0316376 0.0412517
-0.0287479 -0.020216 0.0169601 0.0274864 0.00127687 0 0.00711804 0 0.0573094 0.0206582
-0.03673 0.0132388 0.0146781 0.0759912 -0.0193807 0 0.010866 0 0 0.000925805
-0.0437712 0 0.0200491 0.0158163 0.00816521 0 0 0 0 0.0153032
0 -0.0225113 6.44346e-13 0 0.0374769 0.0343664 -0.0221896 0 0 0
0 -0.0149024 -0.0197265 0.0197676 0 -0.00794987 -0.0214534 -0.0173382 0.00971469 0
0 -0.0119414 -0.0153677 0.0250535 0.020939 9.534e-10 -0.02455 -0.030153 0.0057695 -0.00281446
0 0 3.05039e-09 0.0208954 0.043186 0.0136672 -0.0126647 -0.000411652 0.0135761 0.00614544
0 0.0244241 0.00138983 0.00489395 0.0179765 -0.00753941 -0.0193143 -0.083977 0.0269793 0.00469433
0 0.00379644 2.49107e-10 0.0193078 0.0216372 4.84118e-12 -0.0241683 0 0.0111501 0.0180521
0 0.00536938 0.00249339 0.0278256 0.0264513 4.39802e-11 -0.0175833 0 7.57475e-06 0.013377
0 -0.00311606 0.0171745 0.0156395 0.0173978 -0.0066766 -0.0181608 0 0.0217927 -0.0496918
-0.204843 8.21813e-11 4.8007e-09 -0.2 0.0212647 4.39465e-11 -0.0101537 0 0.0081114 0.00509179
-0.0977263 0.00357866 5.19018e-10 -0.190173 0.0197056 5.07267e-09 0.00741905 0 0.0224643 0
-0.0288928 0.0041506 1.32677e-10 -0.3 0.0174636 -0.00948612 1.76636e-13 0 1.91125e-13 -0.6
-0.0271515 -0.00469049 0.00880556 -0.3 0.0312549 1.17155e-08 -0.0118056 0 0.00447892 0
-0.00589622 -0.00925808 0.000336634 0.0229663 0.00478781 1.47638e-09 0.0076146 0 0.0164651 0.7
-0.0197784 -0.0240536 0.00919366 0.0298991 0.0485699 -0.0121404 -0.0187121 0 0.0298037 6.25777e-13
-0.0172125 9.20097e-14 0.00139102 0.0166786 0.0107303 -0.010177 0.0142833 0 0 0
0.00472043 4.04511e-10 0.00975854 0.0999999 0 0 -0.0145586 0 0 -0.0237369
