8 0 8 64 0 64
0 0 0.792748 1 0 0 2.8 2.84215
0 0 1.7 6.3 0 0 3.1 2.8
0 0 -1.1 4.9 0 0 3 3.5
0 0 -0.2 3.4 1.9 6.5 0.7 2.4
0 0 1.26037 2.1 3.03291 -1 1 2.30858
0 3.1 2 -0.909357 4.6 2.4 2.9 2.9
0 -0.500052 -0.5 2.1468 5.3 6 3.2 3
0 -0.3 -2.4 0.4 4.68326 2.5 3.5 0.1
-6.1 0 -0.1 -0.2 0.613529 1.6 -0.6 -0.2
-6.9 -3.9 0.148974 3.3 -1.6 3.3 0.1 3.5
-6.2 0.6753 0.719214 3 3 3.1 0 2.7
-3.7 0.978168 -0.5 2.8 0.2 4.8 -1.6 3.4
0 -2.2 -1 -0.4 6 -1.45443 3.3 0
0 -1.6 -3.46182e-09 4.1 7.1 0.420292 4.3 -1.2
0 -2.7 -0.937826 3.17775 6.1 -0.410155 5.29762 2.6
0 0 -0.543408 1.08198 5.1 3 0.8 4
-2.03342 2.46264 -1.2 -1.3 -1.4 3.7 1.9 -0.3
-2.7529 -0.9 -1.7 0.5 1.6 -2.68412e-09 1.15735 -2.1
-3.5 2.7 0.4 1.98799 2.2 2.5 0.1 1.1
0 2.5 -4.4 -2 1 2.09999 0.0999999 0.599992
0 4.8 0.9 1.9 -0.6 3.7 3.8 7.5
0 8.3 3.1 -1.31398 -2.5 1.5 3.3 6.49995
0 7.3 -2 -5.5 -3.7 2.2 4.4 5
0 5.9 1.1 -0.6 -4.8 -0.3 2.7 7.3
-0.386022 0.4 -1.7 -0.9 -0.9 1.6 -2 0.2
0.6 0.6 -2.3 1.2 -2.51832 -2.2 -1.4 -1.2
-0.1 -1.4923 -2.6 0.5 -0.303637 -0.8 -1.7 -1.3
0.1 0.899999 -2.7 0.3 -1.64153 0.7 -2.7 1.1
0 -1.1 -1.1 0.5 -1 3.19236 -7.8 -1.7
0 1.4 0.4 0.8 -4 2.5 -8.5 -0.4
0 1.7 -2.5 0.862313 -3.6 0.866843 -6.4 -2.3
0 1.86421 0.3 2.7 -3.7 4.6 -6.2 -2.7
0.1 -3.72485 1.6 0.1 5.4 4.1 2.5 3.2
-0.9 -0.2 0 0 2.88644 5.4 4.5 5.5901
3.1 -0.2 -2.1 3.2 3.6 3.9 4.9 4.1
0.860745 0.7 -4.3 1.6 5 5.1 3.71891 4.33895
0 3.2 -2.38876 -3.2592 5.1 7 4.84618 2.5
0 2 -4 -4.8 7.1 6.5 3.7 4.9
0 4 -4.7 -0.0518737 7.1 7.6 6.1 0.1
0 0.7 -2.8 -3.01195 8 8.1 5.7 4
-4.48055 -1.82252 3.1 0.3 -3.1 -3 0.7 2.1
-4.8 -2.0356 -0.2 -1.3 -4.3 -3.1 3 0.7
-4.1 2.5 2.49856 1.58688 -2.9 -2 -2.63639e-10 3.2
-3.5 1.5 2.18554 2.6 -2.12442 -1.6 -2.3 0.9
0 4.7 1.98357 1.3 3.3 -3.5 -0.5 2.1
0 9.4 -3.36719 2.9 5.3 -2.1 0.3 6
0 5.9 -2.2 1.95038 5.45273 -2.5163 1.8 3.5
0 6.04581 -3.7 3.69379 5.2 -2.4 0.5 3.18627
1.05657 0.2 1.4 2.1 2.8 0.5 -0.1 -0.3
0.4 2.85116 4.5 1.36071 2.9 1.8 -1.6 1.6
1.2 1.8 -0.9 0.4931 2.48175 4.71621 2 0
-1.5 1.9 2.18787 1.1785 4.7 2.9 -0.634307 0.846926
0 1.5 -1.05065e-08 1.5 -1.5 0 3 4.8
0 1.2 1.5 0.5 -0.1 1.88049 0.94328 4.8
0 1 2.41169 0.778571 -2.6 2.1 0.599999 2.8
0 -1.60727 0.350174 -0.0286605 0.1 -0.7 1.53471 3.06958
-4.8 2.4 -1.5 0.9 0.5 0 -3.2 2.59516
-8.4 3.6 1.8 2.4 -2.3 0.894163 1.4 1.75222
-5 -0.5 0.858641 2.543 -0.3 3.27932 2.56431 1.07418
-6.3 0.5 0.379086 3.4 2.55888 0.681071 0.8 5.98531
0 2.25249 -2.3 0 -5.4 0.4 4.08867 6.18756
0 2.1 0 0 -4.3 1 0 0
0 1.1 0 0 -4.9 3.6 0 0
0 3.3 0 0 -6.1 5.7 0 0
