10 0 10 96 0 96
0 0.0106647 0.010018 0.00482472 -0.036172 -0.00984622 0.0477289 0.00772964 -0.00619526 0.634479
0 0.159631 0.00767016 -0.00533289 0.0067837 -0.00268045 0.0273512 0.00217611 0.0149421 0.0100998
0 0 0.00340149 0.00275795 0.000740809 0.0715038 -0.0102961 1.5883e-10 3.28099e-12 -0.00145447
0 0 0.00357812 0.00124744 -0.0046949 0.0045208 0.0144183 0.000180469 -0.0232473 -0.000268003
-0.0253671 0 0.00833136 0 -0.00254555 0.014 0.2 0.010111 2.44485e-11 -0.00209359
0.000105619 0.0313934 -0.0296199 0.0043547 0.00415278 -0.0040343 0.0166269 0.0135667 0.0152809 1.71613e-13
0.0165308 0 0.00191649 0.0043641 -0.0935836 -0.00358375 0.00638432 0.0222815 0.0160412 -0.0001899
-0.00416447 0 0.00800379 0.00524124 7.14968e-08 0 0.00821113 0.00487224 -0.0225653 0.0100683
0.00211799 0.00849164 0.00712566 0.00377685 -0.0057225 7.49983e-13 0.00369951 0 -0.0422559 2.7478e-15
0.00580546 0.00901306 -0.00378927 0.00323172 0.00437384 0.00742373 -0.00975961 0 -0.01369 0.0109293
0.0101855 0.00631573 -0.00779782 0.00556516 1.92563e-11 -0.00541796 0.171636 0 0.0059319 0.189151
0.00421844 0.00882509 -0.00554356 0.000784324 0.000449263 0.0192437 0.00701917 0 0 0.00795131
0.00357863 0.00371411 0.002318 0.00686608 -0.00245744 0.0227171 0.0845382 0 0 0.0151948
0.0178251 0.0230682 0.00548709 0.0021388 0.1 0.0198119 -0.0175243 0 0 0
0.0219541 0.0142251 0.00162743 0 -0.0101527 0.0467191 -0.00145934 0 0 0.00321522
0.0157715 0.0125788 0.00340099 0 -0.00136027 0.0123064 0.0185226 0 0 0
0 -0.00830081 0.00333272 0 0 0.0446552 -0.0310072 0.00749295 -0.030038 0.923839
0 -0.00918191 -0.00601056 0 0 0.000583769 -0.0029652 -0.0164011 3.74167e-10 5.2261e-13
0 -0.00332913 -0.00676678 0 0.0351855 -0.00508067 -0.019112 -0.0361658 -0.0185598 -0.0108773
0 -0.0230662 -0.00325969 0.0122832 -0.011669 1.56901e-06 0 6.42481e-12 -0.012971 -0.0152626
-0.1 -0.0305668 0.00183271 -0.0185272 0.0139664 -0.00567894 -0.0147149 1.463e-13 0 -0.0123336
-0.0150819 -0.0230346 0.089043 0.117032 0.0351761 0 -0.00982002 -0.01431 0.00381448 -0.0160176
-0.0109024 -0.0155609 0 0 -0.0177629 -0.0582216 -0.0108128 -0.00799577 0.00907751 -0.0222792
7.1651e-11 0.00176115 -0.0115326 0 0 0.00902914 -0.0150587 0 0.1 0.000962129
1.02295e-10 -0.00199396 0.00315203 0.00231677 -0.00496089 -0.00807001 -0.0453997 0 0.0211204 0.00347918
2.33458e-12 0.0081234 7.88536e-13 0.00108121 -0.0160236 -0.00231128 0 0 0.0180252 0.00769174
6.20237e-12 -0.00704511 -0.017271 -0.0109804 0.00147821 -0.00679561 0 0 2.20978e-09 4.6047e-11
-0.00883278 2.15106e-13 -0.00983228 0.000905685 -0.0487436 -0.00945677 -0.00675308 0 0.053752 -0.0456528
0.00223308 2.53412e-08 -0.00476978 1.019e-11 -0.0308456 8.7727e-12 -0.0236684 0 -0.0670289 0.00633798
1.11021e-11 0 -0.00503591 0.00430065 0.000253433 0.00560387 0.0824233 0 -0.0112759 0.0301327
7.19147e-13 1.69309e-15 -0.00277453 0.011786 -0.00472226 0.0400923 -0.0370928 0 0 -0.00748974
-0.0017114 0.000931995 0.00304596 0 -0.0187807 -0.0128911 -0.0192335 0 0 2.17326e-13
0 0.0235542 -0.0170407 -0.0171068 0 -0.0286078 0 0.0472768 0.416698 0.1
0 0.0182715 -0.0151334 -0.0257974 -0.0089632 -0.0339596 0.0605255 0.0666765 0.128627 -0.0118853
0 0.00289304 -0.00962515 -0.0183627 -0.0134044 -0.0224285 0.0671391 0.0815469 -0.154521 -0.0307926
0 0.0184042 -0.0151201 -0.0206305 0.00576724 -0.0368916 0.0646652 0.0442824 0.0738293 -0.0379648
0 0.0289863 -0.00221614 -0.00228749 0.00402705 -0.0320122 0.0709616 0.0626271 0.0181363 -0.0166252
-0.0266552 0.0125641 -0.0147656 -0.0101075 -0.0070398 -0.00689412 0.0691736 0.00439827 0.0492425 -0.0125915
0.0034409 0.00551202 -0.0118782 -0.00929969 0.00473668 -0.0150159 0.0605016 0.00977569 0.0298794 -0.0401831
1.14629e-09 0.00358972 -0.0197525 -0.0167014 0.00343329 0 0.0484945 0.0262173 -0.0548315 -0.00840392
-0.036257 0.0127645 -0.00594244 -0.0233731 -0.0160167 -0.0131523 0.0310429 1.96061e-10 -0.0413646 0
0.00508901 0.020173 -0.0012418 -0.0164681 -0.0240651 -0.00564948 1.44051e-13 -0.00175799 -0.0299562 0
-0.0270868 0.0220537 -0.00858123 -0.015737 -0.0232147 0.00305922 1.4595e-11 -0.0440347 -0.054258 0
6.09374e-11 0.0178261 -0.00774368 -0.0170659 -0.0125042 0.006755 0.0374908 0 -0.0338688 0
-0.0174929 0.016079 -0.0146457 -0.0139111 -0.0198814 0.0158059 0.0693311 0 -0.0182306 0
-0.0042631 0.0175559 -0.0128814 -0.0243043 -0.0306764 -0.0101341 0.00327594 0 0 0
-0.0285126 0 0.000864954 0 -0.0369207 -0.0068343 0.0758882 0 0 0
0.0249402 0.0131175 -0.0140888 0 -0.0254766 2.63633e-11 0.079938 0 0 0.11013
0 -0.0053411 -0.0366498 -0.0190232 0 0.0111144 0.000117424 0.0495533 0.0819483 0.11635
0 -0.00489759 -0.0277899 -0.0371116 0.00826881 0.0130356 0.00270898 0.0634902 -0.0304299 0.00951353
0 0.00153779 -0.0106914 -0.0357441 0.00258829 0.0149283 0.0360467 0.0155666 -0.0234395 -0.0150131
0 -0.012257 -0.00651036 0 0.0166463 0.00200534 0.0260404 8.44602e-13 -0.0324981 -0.00769182
0 -0.00367837 2.71869e-10 -0.0276459 0.00534723 0.00172689 0 -0.0262729 0 -0.0039011
-0.0421658 -0.00939606 2.74089e-08 -0.0251829 -0.0122036 0 0.0331854 0.018336 -0.0140005 -0.0162763
-0.00499317 -0.00447032 -0.00246588 -0.0275033 -0.011666 0.0149308 0.0224474 0.0131224 -0.0559872 -0.0200047
-0.00582789 0 -0.0152538 0 0.014281 0.0340655 0.0635351 0.00135207 8.63625e-10 0
-0.0261617 0.0139304 0 -0.0213935 -0.0022535 -0.00309257 0.0881053 0 2.20017e-10 -0.00716443
0.00574688 0.0113565 0.0430436 -0.0091003 -0.000939386 -0.00111305 -0.0202081 0 -0.0249072 -0.000453912
-0.0409715 0.0147181 0.0225417 -0.0114879 -0.0049027 0.0146894 -0.0100739 0 -0.0135946 -0.0464926
7.58074e-11 0.0163102 0 -0.0127076 -0.0018251 0 -0.0247633 0 -0.00925691 -0.0273234
2.30846e-10 0.0220693 -0.0203085 0.00045711 -0.00909037 3.62273e-11 -0.0182823 0 0.014767 -0.0130923
-0.011182 -0.00125401 0.202109 0.00163124 -0.0131492 8.55427e-14 -0.0418259 0 -0.0065311 -0.022086
-0.0174545 -0.00343385 -0.0138853 0.00564942 -0.00143335 -0.00702363 0.00478961 0 0 -0.0211485
0.00149707 -0.00946189 0.0547879 0 0.00917682 9.71445e-16 0 0 0 -0.0356409
0 0.00830222 0.00737324 4.7543e-10 0.0268486 -0.00551185 0.00624223 -0.00799244 7.2552e-10 -0.884226
0 1.96837e-06 0.0176587 -0.00762762 -0.00909494 0.00507023 0.0146057 0.00554112 -0.0418247 -0.00188888
0 0.008781 0.00278089 0 -0.0155244 -0.0227783 -0.00884355 0.00325438 -0.0239069 0.0521044
0 0.00705346 1.34408e-10 0.00273767 -0.0160092 0.00712292 1.33973e-09 0 0 0.00847148
0.0911898 0.0188885 -0.00220361 0.00547103 -0.0567865 -0.00929077 1.56635e-11 -0.0180716 -0.00469806 0.0166146
-0.0251613 -0.0132326 -0.0114304 0 0.000994642 -0.0043277 2.566e-13 -0.0111854 -0.0417585 9.88417e-11
0.00284903 0.00839629 -0.0126836 0.00610087 0.00134721 -0.00916236 1.47503e-11 0 -0.0430193 0.00478111
0.00239871 2.66953e-13 -0.00938828 4.65958e-12 -0.0194526 0.00341278 0.00325286 0.00172276 -0.0381924 -0.0214336
0.0068829 0.00179207 -0.0150175 0.00777734 -0.00941031 0 0.00773108 0 -0.00617531 -0.00503348
0.00901496 0.000864386 -0.0121989 0.00282085 -0.0206487 0.2 0.00649178 0 -0.0247932 -0.00717628
0.00179449 0.0158225 1.68853e-08 0 -0.00314322 0.3 0.0517576 0 -0.0382959 -0.0381726
0.0033087 1.01261e-09 -0.00640942 -0.00533999 -0.00632136 0.127538 0.0665927 0 -0.0429185 -0.0189866
9.03383e-12 -0.00269814 -0.0058659 -0.00721311 0.00633399 0 0.0143585 0 1.4118e-10 -0.0327189
-0.0165894 0.00333611 -0.0111695 0.00330128 -0.0225437 0 0.0566207 0 -0.0198388 -0.00761679
3.88575e-08 -0.000626031 -0.012398 0 0 0 0.0451448 0 0 -0.0328916
-0.0261192 0.0098712 -0.00840296 0 0.00585459 0 0.0291982 0 0 0.00196424
0 0.00901609 0.00440541 0.00118542 0 0.0174179 0.00401981 0.0216866 -0.0810158 0
0 0.00305813 1.1689e-10 0.00200572 0 -0.00519946 0.00567162 0.0224143 0.0013915 0.00608588
0 0.00674082 0.00301538 0.00274135 0.0202389 -0.00524047 2.9924e-07 0.000334823 -0.00893585 -0.00658328
0 0 0.0179719 3.33205e-11 0.0181859 0.00057185 0.0135019 0.0426597 4.05784e-11 1.55181e-13
0 0.0407907 -0.636169 1.66533e-16 0.00581052 -0.000802887 0.0128064 0.0131073 0.0106092 1.27093e-13
0 0.0195614 0.00244452 2.01954e-11 0.00247719 0.00505529 0.0135688 0.0124377 -0.0204568 8.6678e-11
0.0102909 0.0217464 0.00414524 0.00478395 0.0140612 0.00378719 0 0.00950576 -0.00676487 0.00424262
2.06071e-10 0.018167 0.008311 0.00110136 -0.00129009 0.00287358 0.0115494 0.00184028 -0.011547 0
0.000629979 0.0120623 0.00717253 0 0.0118557 0.00280414 0.00982304 0 -0.00754732 0
0.010831 0.0140092 0 0 0.0119913 0.00742678 0.0392131 0 0.00416498 0
0.0375873 0.012099 -0.000313931 0 0.00760358 0.00858261 0.0240234 0 -0.00333641 0
0.008363 0.00709758 0.00165015 0 0.0102943 0.01106 0.0173946 0 -0.00292931 0
0.0310596 0.000968718 -0.00469595 0.00464363 -0.00594059 0.00942609 0.0489353 0 0.0158272 0
0.010187 0.0150678 0.00800709 0.00855507 0.0180719 0.00924346 0.0184397 0 3.69982e-14 0
0.00356373 0.0156957 -0.000130019 -0.0112152 0.0038747 0.00407162 0.0631549 0 0 0
0.0309811 0.0168106 1.41825e-12 0 0.0189242 0.00769421 0.0372685 0 0 2.99032e-11
