36 0 36 72 0 72
2.4 1.6 -0.8 19.5264 8.61324 14.7923 6.48498 0 5.2 0 2.50448 0 3.35858 0 10.5327 -0.4 8.0233 8 6.8 8.50116 11.2586 14.8253 17.6 6.36836 0 0 0 0 0 0 0 0 0 0 0 0
5.6 -0.622405 -4 -1.2 17.6 -4 6.45415 0.799603 4.94289 18.5263 4.15249 1.2 0.714403 18.8 8.02431 -2.26922 20.4 -4.10778e-09 -2 19.8616 0.4 3.6 2.4 -2.4 0 0 0 0 0 0 0 0 0 0 0 0
0.8 -2.4 -0.4 -0.4 16.4794 7.61513 1.6 19.2 0.4 5.13357 5.7746 2.4 0.4 9.2 18.1765 15.8026 -4.8 -2 13.6 1.2 16.7994 1.2 18.6121 1.00363 -0.351129 -4.4 -2.80777 -1.6 -1.79148 -2.82792 1.6 4 16 19.8014 -2.4 4
19.6127 1.2 0.425698 3.64163e-10 -3.48546 1.2 3.54483 6.4 7.67437 18.8134 19.2 -0.4 2.8 -1.77159 -1.17231 19.6722 -1.0605 -2.35844 19.2 20.4 -0.355922 -0.424661 19.1176 18.8 -2 18.4 -3.2 -0.4 -1.93631 -4.40002 14.4 -3.2 8.8 -2.91983 0.514487 -2.01097
-2.8 -0.4 11.283 19.1353 -1.6 -0.8 -0.4 -2 -2.4 -0.703918 -2.70919 1.2 0.985118 -0.608215 -1.6 3.87891 2.16145 12.8 4.17292 9.20021 19.3986 14.8 4 3.6 13.2 -0.4 -2.3781 12.3985 2 8.4 1.2 -2 -2.4 0.801798 0.399999 6
-1.3509 -0.8 6.69219 19.5731 -0.0814735 -0.318107 6.52093 -0.0951513 18 13.2 7.25955 -2.31921 2 0.966081 20.4 17.2 3.6 -1.33481 20.2033 6 7.06917 13.3086 -0.800001 2.19961 19.4244 4.4 17.2 -4 -1.28274 -1.2 18 -1.2 0.274575 1.2 0.814023 0.4
-2.10274 9.2 12.8 -3.2 -1.2 -2.8 -1.97713 2.4 0.399808 -0.670231 5.91693 0.4 4.4 3.66171 -2.92646 -3.2 14.2436 9.63984 6.4 -0.475082 4.33349 14.4 -0.811407 -0.4 0 -20 -8.8 -8.85133 -18 0 20.4 20.4 20.4 19.7052 20.4 19.8195
4 17.6 -4.4 -4.4 -4 -3.09593 1.60002 2 -0.64475 -1.2 19.6893 1.2 -0.4 5.12773 12 0.236331 10.4 8.2564 4.4 18.4495 11.7028 7.81644 8.61316 19.192 -17.9116 0 -16.9147 0 -2.4 17.0778 2 0 19.6306 19.9315 19.7294 19.7407
18.4 -2.4 4 -3.2 4.8 -0.4 -2 19.5671 0.708624 9.6 2 18.8 -2.15877 20.4 1.76757 -0.0802683 0.761142 4 20 20.4 -0.0274289 14.4 1.33759 -0.295792 -2 2 -2.43331 -3.49256 1.63932 20.3928 -2.69744 0.689598 0.4 2.93242 -0.161474 3.40469
-0.4 18.9144 -2.18678 -2.8 14.8862 7.6 3.2 19.2949 19.9297 4.18487e-12 1.64442 0.4 -3.6 -4 -1.29543 -2.85119 3.08067 -1.2 9.34692 -0.976923 8.05862 0.556887 6.10328 4 20.3996 -0.8 -1.2 -2.8 2.8 -1.97798e-08 -1.2 -2 6.69166 2.69166 0.8 -1.32436
6.05616 2.26594 -4 11.7211 -1.43266 -2.53844 1.4924 20.4 4.89337 11.2 19.6875 4.93483 -2.49366 -8.8 5.08908 7.2 9.16728 15.2 -6 -7.6 -7.05862 20.4 3.09281 -12.7446 3.98319 19.3124 -0.936834 -3.1369 3.24039 5.2 2.64943 20.4 1.15894e-08 9.44693 4.59198 -0.4
-1.15077 18.4825 18.9902 -2.27377 -4.50121 -2.27046 6.32675 4.92847 2 -12 4.46749 2.27404 3.6 1.2 6.18189 10.816 12.9864 8 -6.38728 -12.7992 -5.09935 20.4 6 -1.80885 0.794414 9.74368 5.2 8 16.7694 2 19.1428 7.48483 5.2 4.06385 5.50008 0.4
-0.541144 8.79994 1.22197 19.8793 -1.07019 -2.38704 13.6 3.08375 -1.64544 20.4 1.2 2.45682 4.34743 20.0025 12.3923 17.6 10 -1.2 9.19866 1.34733 1.2009 4.69062 3.18096 6.4 0 0 0 0 0 0 6.8 10.1625 10.2894 8 11.3829 8.8
-2.82019 -1.6 20.4 8.61138 -3.31065 7.2 20.4 19.0361 1.6 -0.145082 2 0.836801 19.9933 6.40155 0.475288 -1.38362 19.8015 19.5984 19.7582 2.74505 6.8 0.445904 2.11278 -0.505007 0 0 0 0 0 0 9.20141 19.7939 6 11.3998 13.2 9.8602
20.4 -2.98209 -2.4 -3.52284 0.561136 -1.76884 0.0786912 -1.27433 2.11508 7.07462 5.2 7.6 0.162213 19.9625 20.4 17.3898 3.47452 -1.44488 5.86026 19.2303 0.308267 19.7906 19.444 19.4171 0.458978 6.45879 7.2 -2.80156 -3.20412 -1.2 0.868054 7.20001 -2.25729 2.39997 -2.52671e-09 -1.23709
-0.8 -1.74674 -2.67133 -3.03211 19.8818 4.8 0.496681 3.49789 18.8 20.4 0.8 19.5905 -1.27402 -0.663085 19.2 3.95036 6.09933 7.07878 9.59697 13.4602 12.4 19.3134 6 3.93181 -0.743255 0.476211 20 1.44138 -1.4238 0.165693 -1.6 -1.6 -1.2 19.3975 0.558345 8.53723
17.6 -2.90522 -4.24626 -2.4 20.4 -0.4 1.20033 15.2 0.63033 9.41649 -0.545964 0.541893 -4.54613 -5.2 18.8 -1.44833 -0.874152 4 3.2 14.4 -0.8 0.41586 6.43078 2.8 1.85596 0.516564 2.01663 -1.6 -3.49657 -0.82255 4 -0.429352 7.72674 8.00627 -3.17762 -10.2079
10.1442 0.4 1.2 -0.468747 10.81 -0.247049 3.4533 3.2 1.02088 1.77757 -0.595641 2.94201 2.07963 -3.51933 -3.10026 -0.849684 -3.28329 -4.34428 14.6391 3.60282 -3.80488 0.156515 20.4 0.8 1.54805 -2.7211 -2.55459 20.2781 3.57651 -0.780655 5.07641 -2.57606 18.3166 18.3959 -2.74486 -2.78241
4.4 -3.36536 -3.2 -5.17914 3.00395 0.0765434 12.5755 2.73323 -1.27266e-09 1.97816 0.4 0.789304 5.66738 -1.68404 10.4 20 19.5627 -1.6 19.7863 18.8 14.8429 19.5216 11.6436 -0.270063 -0.621876 19.8509 3.75134 9.32825 -2.19525 -3.8922 19.546 0.4 -2 -4.11787 19.2 19.5508
6.17458 0.279853 -4.8 -3.2 1.04831 18.8 19.5066 1.60087 20.012 1.94182 19.7804 19.1917 0.852824 6.4 19.2676 19.9944 -3.16111 18.544 7.84064 19.3613 19.7562 0.916131 7.2 -0.8 1.2 6.8 10.7993 -2.22952 -1.6 -4.36113 0.8 12.8 -1.6 -1.07004 1.43351e-08 20.4
19.2 5.2 0.831058 9.60103 -0.373972 -0.000687588 14.4058 0.747175 -1.7085 4.4 2.59529 2.17604 10.8 18.4 18.8091 -0.782909 20.4 3.6 3.66011 10.7638 -0.4 9.01129 5.69352 0.4 -2.84281 -2.26942 19.6 -1.09945 -0.318293 -3.79281 -1.13601 11.6 -1.31718 1.2 -1.34864 0.672857
-2.34689 -1.6 -1.34058 -2.09798 2.16638 4.46574 20.4 -0.353763 2.15815 1.63944 20 18.1354 0.391954 0.123246 1.8805 6.48801 20.4 20.1001 20.4 2 4.28483 11.6 19.9809 20 -3.56567 -2.38674 -1.53058 1.04661 9.6 19.4134 -2.68067 -3.69409 19.8118 -1.54968 13.1073 18.4
19.3154 6.39678 -0.444317 3.6 1.01036 -2.21094 12.8 -0.195 2.4 16.215 0.947064 19.2 -2 20.1019 -2.8 14.8 19.2 -2.4 2.1283 17.2 19.9032 20 3.55212 10.4 -3.88062 1.7402 -4.16185 5.94913 -2 -3.19634 -0.665249 -1.58218 1.2 -0.247614 2.15257 3.6
20 5.08078 3.88144 1.26294 -0.4 -1.04708 5.22927 14.5119 0.8 3.40924 0.4 11.5089 -1.59717e-12 0.748178 19.2 20.344 -2.77765 19.5539 1.99993 2 10.8 20.0608 0.921686 -0.8 -2.79736 -4.23715 1.46254 -3.08945 19.4422 0.690468 1.2 3.31914 -1.19998 18.4 4.0226 2.67121
19.7993 3.57824 19.255 20.4 -2.55177 -1.4724 5.2 -0.4 18.8 18.8 3.6 1.6 -3.30451 -3.05166 -4.38035 0.570974 9.57005 20.3999 1.41848 5.41483 2.05178 19.7074 8.82266 6.89818 4.42275 17.2 19.1168 -0.791325 -3.59845 19.5979 3.2 18.4 -1.00161 20 0.336453 3.03711
-18.3655 -1.6 20.3959 1.2 19.8184 -3.79775 7.2 20.285 20.4 19.6148 3.42762 5.97574 -3.2 20.3488 -2.8 3.3792 16.4 19.6367 6.28229 -2.9875 20.4 -2.58041 9.58168 4.4 11.867 19.2892 -2 -1.27724 1.60168 -1.22516 19.2 6.4 19.2 -0.400031 1.13877 -0.8
2 -4.4 8.4 -2.10594 -2.13034 -1.06801 20.4 2.00336 0.488228 8.4 4.01922 2.65832 4.58296 20.3366 -0.471497 1.2 14.8 -1.6 -0.4 20.3997 0.399999 0.799999 4.29784 8.37043 0.231682 -4.04439e-08 0.8 -1.6 -3.87738 -2.4 19.3015 5.06464 1.22597 18.8982 2.75396 2.4526
-2.8 -0.4 18.7085 0.707356 -2.53471 -1.14195 20.4 15.2 6.48937 4.59574 5.2 5.74368 -0.902686 5.17064 4.63584 9.32153 2.69227 12.6042 20.2949 4 8.4 6.4 7.42502 10 20.4 19.7977 -0.138544 16 1.5585 -1.674 20.4 2.8 -2.1777 18.8871 1.67947 1.07225
-1.05872 -3.2 3.99847 3.6 4 19.8267 -1.2 18.2281 2.50475 2.13884 -9.92828e-12 0.8 -1.89036 12.8 0.80118 -1.56092 0.199299 7.08026 0.136947 3.58801 4.51277 13.2 -5.6 0.85989 -3.91862 -1.73374 -2.35386 -4 16 -2 -4.04338 -2.8 8.31173 3.32766 0.0674882 -0.8
-0.8 -0.696052 -0.4 -0.4 20.4 18.74 19.3477 -0.865998 2.8 2.83364 0.0893213 -1.92077 19.8075 -1.2 2.83544 -0.122112 -0.4 19.9085 3.60128 7.55159 2.8 5.08686 1.06616 1.4955 7.01281 -3.49449 -0.611702 -1.06712 4.19127 1.6 19.9111 -1.27273 5.6 4 -3.2 -0.822577
-0.932917 -3.69233 -3.03473 -3.44391 -1.2 -1.33779 1.6 4.4 4.49058 19.6875 2.07509 2.11048 0 0 20.4 17.4486 8 19.532 7.64366 0.4 2.95018 3.60856 10.1314 11.4049 20.4 17.7341 0.837785 2.02999 -5.89334 0.4 -0.807075 -1.51202 20.4 16.4 -0.531161 -2
5.69776 0.570144 -2.10464 3.48359 -0.8 -3.2 3.89837 4.6727 0.921938 1.3624 3.2 2.14323 0 0 20.4 20.4 20.4 19.5151 4.86234 2.91981 7.2 4.74002 6.2613 8.4 -2.33855 -2.30091 -3.6 11.6 19.5792 -2.4 20 -6 14.5676 1.2 19 2.99764
-2 20.4 -1.73875 -3.77401 -1.40783 0.174174 0.4 14.7895 1.06555 5.99618 1.22877 2.4 -1.94442 -2.59562 3.47844 -1.7485 15.1861 -0.4 11.1055 4 -1.58713 17.0262 0 6 1.08487 -2 1.20822 -2.8 -4.03252 7.6 19.4085 -3.2 -1.88799 9.73954 -2.14358 2
0.8 -0.87415 -0.4 3.67104 2.39999 2.61912 2.42686 1.30922 18.6568 4.4 -0.274043 0.0934905 -0.159403 -3.32925 2.57088 0.8 19.296 2.75065 1.21762 0.880528 7.2 18.4 18.8957 1.50293 -5.13666 -4.00001 -1.80452 2.48631 0.0653381 -2.6147 2.09534 -2 -2 -2.20116 -1.52357 3.2
19.398 1.46512 -2 -1.06472 10.7755 -2.38879 -1.6 7.99938 11.2 19.9987 1.52259 8 -2.4 -3.32068 -2.4 8.8 4.4 4.01371 1.10781 10.5279 2.8 19.37 1.22134 4.03409 -2.57726 14.4 2.15613 0.468462 0.4 -1.2 -1.2 19.33 -0.4 3.6 -0.752973 6
4.5677 3.21059 2 0.229947 19.7064 17.2 4.31594 20.4 5.67136 4.03039 3.6 4.50865 1.12478 2.4 5.6158 18.8 1.6 19.636 17.6 12.738 18.6396 19.679 0.960865 4.39565 -1.18443 5.98695 -1.6 -1.44044 14.8 19.2 20.4 4.8 -0.393937 5.95384 -0.400004 4.8
19.4999 19.8915 -0.9196 5.75358 19.6402 7.61941 -0.137988 8.4 0.402336 6.69875 2.99977 5.05005 2.4 1.82543 13.2 -4.45697 19.6673 2.75177 7.98804 8.65919 4.8683 -0.547338 0.469182 1.96329 20.3998 -10.1576 -2.99097 2.8 6.49903 1.69308 0.305766 5.42539 -1.00212 -1.07835 2.46834 1.6
16.1428 15.7028 5.93661 -6 6.8 11.3293 0.564722 15.5352 2.55423 2.78588 8.06206 3.6 6.24663 2.15152 -3.6 -4.08471 3.90395 -1.65174 -2.16803 -1.52785 7.19427 3.33975 19.6939 1.28796 1.2 -2.8043 2.4 -2.64502 -3.76412 -2 -0.8 -1.97139 2.4 20.3608 -0.942621 0.4
15.8286 -4 0.547863 -0.879497 1.61949 15.1429 19.3008 7.67999 2.56641 -2.07094 18.4303 14.4 13.1384 2.98837 -3.83958 -2.96972 1.4549 -3.02315 18.8 8.49271 20 1.29422 1.71027 5.5086 1.21619 3.6 -4.74248 3.2 20.1107 8.15448 0.4 -0.8 2.9952 -7.60624e-08 2.59272 19.2
20.4 10.2042 0.790103 -0.601005 -1.1297e-07 6.71737 2.88895 6.1323 2.8 4.77032 1.6 5.18343 19.7675 11.2262 2.24496 1.41618 -4.60828 -2 -0.651664 -3.03945 -0.578859 19.774 0.418164 10.239 4.4 0.371963 10 -2.94626 18.4 20.4 5.6 0.4 0.8 4 8.27111e-07 0.491466
-4.8 -4.99574 -1.2 0.373787 10.4 -1.24835 7.42532 -0.8 0.0249577 1.70833 5.6 2.1056 -4.65771 -4.27235 0.0612816 -6.47118 11.8531 -4.88691 -2.4 3.2 13.6931 3.66405 -0.379996 5.15758 14.8 11.3399 -4.66292 -5.94464 6.07653 2.4 5.59999 -0.708738 -2.10401 10 18.6976 1.2
2.30699 -5.74926 -2.57297 -2.97499 -0.158454 -0.651029 10.8 7.84204 3.01597 1.95251 5.23498 5.2 9.26232 -0.7154 3.61853 -6.3691 18.8 -0.810038 17.6 -0.409595 11.0183 3.6 -0.4 0.724845 16.7138 14.8 -0.8 -4.10762 19.8315 0.0698524 5.6 2.40467 10.4142 1.2 19.5637 -0.467429
-13.2 -18.0444 2.26844 0.4 1.49832 1.2 0.908246 2.6142 6.58974 19.6834 0.563024 8 19.6 -2.1573 -2.19702 2.74621 -2.1282 -2 -0.159086 1.2 2.09961 1.22041 19.6178 2.47249 2.30176 9.2 -0.108512 -2 16.1972 5.10894 4.0472 7.64331 -0.459791 3.69304 -0.294944 16.8
-2.692 -5.19996 -1.2 1.79096 2.46286 0.799999 6.4 -1.2 4 5.6 4.33505 5.2 -1.38001 -0.4 -4.95861 -1.89334e-11 -0.99752 -2.66087 19.17 7.2 8.53924 12 17.3581 4.4 4.34692 20.4 1.56031 20.4 20.1798 -1.19992 4.1684 0.639776 1.52719 2.69048 3.63383 3.2
-1.2 5.15773 -0.0548994 10.7368 -0.858171 0.758885 7.80409 4 -1.10837 7.48875 -0.318326 1.89938 -1.72336 -3.61195 -2.57053 -3.03833 -0.210989 3.6 -0.300083 -0.574611 -0.10381 6.4 0.283404 -0.160974 20.4 -0.535043 11.5999 0.971767 19.6014 17.9392 0.7119 17.2 18.8 8.75726 -0.577784 19.8367
6.4 -7.6 -0.890272 4 -0.4 1.19542 14.0982 0.671969 10.7146 4.37555 2.4 -1.16141 -4.24251 -3.95539 -2.82609 -3.59375 20.4 11.2192 0.8 -1.74929 0.195276 15.2 4 1.93561 18 0.658619 6.4 18.8 5.31126 18.638 16.4 -3.32737e-08 7.6 1.66849 16.8 1.2
8 18.4 3.20134 0.0589006 1.50501 5.83314 2.65608 12.4002 13.4016 7.23499 12.1741 6.65266 5.6 2.71496 8 2.07318 1.40884 0.00442073 10.6836 18.8 7.71475 5.59242 4.01262 3.14595 -3.2 8.70835 -2.99861 -2 1.053 19.2 7.13688 -0.626147 18.9441 1.03121 18.4 20.4
4.80503 17.6 16.8 8.12825 4.95039 18 15.2 5.39588 2.82858 9.08566 10.8 16.8 1.6229 5.4141 19.6282 -0.816493 17.051 2.18878 19.8237 10.0338 6.4 6.55887 19.6 19.7294 -1.4193 -2.48472 -1.37725 19.7129 19.3601 17.2935 5.90775 18 0.8 8 18.4 9.6
-1.6 -2.8 -0.4 2 20.4 -1.2 5.2 20.1699 5.71936 4.69502 1.43607 -4 2.38989 8.52782 11.6777 0.336855 -2.01605 0.281514 1.2 2.42487 2.10784 5.08083 5.6 5.54829 1.2 5.927 -1.2 15.2 -4 7.87448 18.3999 10 3.29772 20.1253 -5.2 5.2
-4.4 -1.15432 0.4 -2.4 19.6511 1.19254 1.05899 12.8 6.82688 4.68195 16.7101 -4.26952 5.07211 3.34636 1.0761 0.470206 -0.4 19.6142 3.0842 0.862775 1.77814 0.266058 3.24851 13.4873 3.96885 -0.957941 18.8001 19.3584 5.16676 -2.53816 6 0.398453 19.2 18.2484 -1.98005 -3.2
3.85239 -1.85163 17.6 1.40843 4.8 0.040776 2 20.4 19.434 -4.08041 -8.85979 0.4 4 -1.94431e-08 3.73073 0.8 -3.2 17.2 3.72627 1.22868 11.2 3.6 10.8552 5.03399 -3.77165 0.742041 -1.67507 19.4344 -5.219 -3.03255 -3.6 1.6 -0.844699 2.23855 -0.539726 18.5051
-2 0.4 19.6637 20.4 -4.38219 -2.65541 8.79997 2.01227e-10 -3.13918 -1.7015 16.588 -0.265588 16 8.4 4.4 -0.301409 0.483901 1.2 9.36127 1.2 8.24704 5.6 3.62153 2.14603 -3.52919 -4.4 1.37174 4.1074 7.15777 -2.23433e-08 9.2 2.30587 0.871597 -3.76058 -1.6 4.5279
-0.130039 -3.22666 -1.2 -3.59137 -1.73668 20.4 4.40797 -0.0425288 15.5998 19.9362 -1.54036 -1.15343 0.8 11.9063 -1.17894 -2.4 0.854727 1.72731 1.64483 3.3914 1.08651 0.257081 1.74287 7.43053 -3.85021 -4.4 -2.62549 -2 19.2 20.4 -1.25415 -2.37916 2.12778 -4.95591 5.2 -3.3674
-3.2 -1.85472 -1.2 -3.65862 19.1852 12.4 1.2 -2.81203 2.4 16 -0.674626 8.74154 0.4 11.2 -0.762947 4.11145 1.31503 20.4 -1.98167e-08 4.4 4 3.01537 8.4 8.69952 12.886 -4.21845 -1.6379 -3.6 6.8 16 14.8 -2 -1.51447 5.37813 -2.8281 -2.89839
1.6 -1.451 -0.0719019 3.6 2.90555 -0.400247 9.2 2.35016 2.4 5.2 3.2 1.84052 -3.02302 6.27253 19.6 5.12366 3.48446 11.2218 3.17531 4.46265 1.99316 1.66616 2.26151 2.4 19.7365 -3.13064 -1.901 5.4919 0.425682 19.9967 -2.73071 -5.6 -1.2 1.49443 13.2 19.3552
10.8 -1.2 2 3.47676 0.958161 19.3584 9.60219 -0.8 -5.46226 1.68004 7.75397 2.96111 0.537821 7.78738 2.50258 0.162802 6 -1.30302 12.8906 7.6 1.38769 3.02051 3.6 5.6 19.3429 -1.16565 0.8 1.64098 -1.17932 -3.6 3.04862 -0.4 -1.08079 1.6 14 17.5999
-1.2 -2.8 -2.8 -2.22416 -0.816783 0.279162 -0.4 -0.117199 -18.8 18.8 2.31115 4.43166 2.4 1.05392 1.74844 -1.2 6.05244 20.4 19.09 1.5333 4.42306 7.44063 2.77757 1.60104 3.6 17.6 19.2873 -4.8 -5.67515 -3.6 7.31738 0.8 16 9.28684 5.86383 7.05869
2.8 -2.55298 -1.96132 -1.6 5.31943 -1.92225 1.02118 -2 4.8 2.8 -0.0340342 -2.0832 7.33434 1.06407 6.71971 4.4 -7.6 19.2253 16.7507 18.7851 7.33864 4.36913 5.26522 2.01423 3.88987 -1.48085 8 -2.4 18 -3.82539 18.8 -6.00066 3.6 18.4004 10.1094 18.1254
10.5235 2.4 0 -0.400001 1.2 -2.21844 7.40138 9.29185 -7.14438 -4 -0.329208 6.4 -3.0332 -1.63784 1.1169 -2 -2.18671 -2.56305 12.1132 3.6 4.18772 7.94231 1.22626 7.2 -1.6 18.4 -5.2 18.4 12.4 1.466 12.4 -7.2 0.8 2.8 -2.4 3.6
-1.16058e-09 5.2 0 0 11.5308 2.8 9.17717 1.70368 -1.2 -3.48949 20.4 19.3484 -2 -0.180437 1.6 0.532981 1.49396 1.2555 14.4 3.35292 6.74299 3.90492 10.8 17.6 -2.8 18.8 -4.8 -1.92967 -9.23494 16.4 10.8 -5.44379e-07 -0.400622 1.6 9.79455 1.2
4.84215 0.8 6.25653 17.6 11.2905 6.8 1.05945 13.378 0.370819 2.28023 8.75762 7.88496 -3.37387 -2.8 -4.07669 -3.29937 -5.31639 -3.84975 -2.45726 9.03454 3.03563 0.238623 -1.01871 -1.16793 18.806 16.8 15.9775 0 11.103 14.467 0 0 0 0 0 0
5.0955 -1.00818 12.2445 -0.700051 -10.5878 2.79757 14 2.73226 20.4 -0.765882 -3.57674e-08 8.96254 17.4008 -1.2 -1.6 -4.82384 -1.0112 -3.97478 4.82809 7.2 15.6017 18.7632 10.8 -0.124753 19.3054 15.6 15.9316 13.8011 0 0 0 0 0 0 0 0
-0.655236 4 0.4 8 -1.2 -1.90087 1.88614 19.6706 6.4 -3.59175e-12 4.88904 8.4 0.8 19.2 -0.941323 8.8 -3.98867 11.2 -0.8 17.2 2.11641 2.00026 18 12.2554 0.895367 -3.62126 -8.8 6.0611 -6.26583 -5.2 11.6 14.4 12.8 19.5901 14.9292 18.2151
4.8 19.4671 -2.26465 -0.8 -1.79048 2.70225 4 3.2 1.2 19.5049 3.19701 18.4 0.8 19.5435 0 -1.80523 3.5922 -1.48413 20.3999 -1.37983 -1.12269e-08 19.6524 -0.0285694 19.6827 2.17935 -4.23365 -10 -20 0.738808 -9.2 17.7919 17.0721 20.4 19.6596 16.8 15.7444
-13.6 -12.3995 -15.1227 -15.4435 -12.9987 3.6 -5.91871 -7.95533 0.4 -3.6 -7.857 0.58188 -5.71021 8.59443 12.4 -4.46869 -4.47154 -5.2 -2.82775 -11.5782 -0.8 0 3.6 1.6 18.8 19.0559 0 20.4 19.9066 20.4 1.9063 10.563 2.66618 6 7.6465 12.6542
-12.0364 -9.95677 -15.3247 -10.969 -12.5794 -16.2553 -8.03877 -6.10159 -3.72208 -4.90718 -7.2 -6.72262 0.799969 -3.49993 0.336152 -3.2 6.78772 9.6 1.43316 -3.6 6.86537 19.8013 -1.52398 -2.84816 20.4 19.6 0 19.5024 6.72033 0 12.8 4 3.05785 2.1768 8.8 2
19.0355 19.8885 0.799996 -1.2 -1.62678 -3.2 -0.4 -2.4 -0.8 -2 -1.79292e-12 0.8 0.699744 -0.4 -3.09354 -4.4 -0.845559 -4.4 0.4 8.39818 -1.62758 -0.8 -2.4 -0.8 19.1813 10 14 14.6065 9.6 12.8 5.6 4.8 4.8 9.2 4 -1.83501
1.49616 16.2749 18.4 -1.90307 -1.85766 -2.39996 2.08989 2.4 10.3903 6.4 -0.0233072 -0.911699 19.6062 10 -3.60001 -3.2 0.351622 -1.36027 8.78872 11.7591 -0.499581 -0.632902 -1.6152 6.11118 13.496 11.936 13.6 8.8 9.64091 18.0688 8.8 10 6.8 11.6 6.54198 8
-1.6 -3.42098 -2.36676 -0.312319 -0.565858 -2.9465e-08 19.5737 2.8 2.4 0 -0.604305 7.25013 -3.6 7.16801 10.5532 17.1932 1.69424 12.4 5.58554 -5.49978 -3.45586 9.60027 8.83708 1.51178 1.08667 -2.8 3.9999 -1.97056 2.8 0.8 2.8 -2.8 -1.2 -1.6 -1.24556 6.8
2.65871 -3.84187 2 -2.4882 19.5799 5.50339 15.2 1.2 12.4 15.2802 10.6036 8 12.8 -1.6 9.93627 -3.6 11.2 8.4 5.6 1.33362 -1.9476 0.092781 -1.6 -1.6 -1.2 -2.13862 -0.8 1.6 5.78218 -1.5356 -2.54152e-13 6.8 -1.21738 -2.4 -0.0802117 13.6
-0.4 -4.4 0.57869 -4 7.3967 -0.8 2.4 -2.83783 11.7086 1.27719 0.835103 4.36924 -6.8 -4 14.2108 0 -3.52808 8.83026 18.5939 -1.13889 9.16643 -0.8 5.2 3.04032 5.88987 2.4 -5.40377 3.22419 -1.61411 18.8 6.4 -2.4 5.26855 9.84647 1.10491 10.6403
12.8692 1.2 1.4746 6.8 8.08317 5.02395 11.2096 0 0 0 0 0 5.2 0 -1.6 10.3166 13.6 0 0 0 0 0 0 12.3735 8.8 0 -5.226 -3.2 5.69807 19.6234 12.8 16.2161 3.91798 7.2 15.5889 13.2
