36 0 36 72 0 72
0 0 0 0 0 0 0 0 0 0 0 0 0 0 0 0 0 0 0 0 0 0 0 0 0 0 2.40009 9.6 7.2 7.6 3.25627 2.13037 4 9.38845 6.8 9.85031
0 0 0 0 0 0 0 0 0 0 0 0 0 0 0 0 0 0 0 0 0 0 0 0 0.4 2.29592e-08 -0.752046 5.6 -1.2 -0.88628 -2 -4.02179e-07 2.8 6 -1.64324 -1.90982
7.2 0.574561 -0.800001 5.44897e-11 4.0131 2 -1.55284 -12.102 15.9338 -5.2 3.2 5.06352 0.370834 7.2 0.245465 0 0 0 0 0 0 0 9.99965 4.8 6.8 7.09197 -1.6 3.2 1.29156 6.8 0.8 4 19.5541 8.9079 3.31102 5.6
1.6 7.22603 0.4 -0.204346 13.2 2.92927 4 -8 1.83483 1.59999 1.40947 3.6 -1.90155e-09 5.2 -4.4 1.2 0.32741 2.4 -2.65008 -3.2 2.85809 2.32029 1.82127 3.6 6 -2.4 2.8 8 1.98729 3.54275 11.9959 8.4 10.8 18.9396 10.909 3.6
-2.8 1.86277 -1.6 -2.8 6.8 -9.41401e-10 4.8 7.36431 0.400451 7.22586 2.4 -0.8 -0.657882 -4.21261 0.399989 4 3.92101 -2.96765 4.8 -6.78923 5.55827e-08 19.2 3.03478 6.39999 4 -1.2 -0.4 4.2471 2.35983 0.452785 2.4 4 0.781562 -0.0466478 -1.52595 2.4279
-0.91253 -5.6 5.2 -0.4 -1.81957 -0.8 -1.2 -0.4 -1.9675 0.44391 -0.425048 0.4 0 4.8 13.8988 -2.5969e-08 -4 4.4 1.2 1.6 1.2 4 2.4 1.2 2.4 0.4 -3.6 -0.8 3.33414 -0.4 -0.960057 2.36113 -1.6 1.2 7.6 0.4
-4 -1.05069 -1.6 -1.6 -2 3.5986 -1.05203 -2.06381 8.423 2.89345 1.47806 2 4.35827 17.6 -6.4 19.4754 9.99472 2.34704 -2.76157 -0.4 0.4 0.8 2.4 2.8 5.2 2.4 0 3.2 2.4 10.3401 4.8 8.4 9.45915 3.89765 11.2 14.4
1.99999 -2.51777e-06 8.33324 -0.4 5.52359 0.763378 7.12811 3.29884 -1.2 15.1992 4.07751 1.18284 2 7.2 1.6 -0.900852 -3.2 -2.97588 -0.8 18.0849 1.2 7.2 8.84162 1.2 4.8 5.6 18.7214 11.2 8 9.6 4.34392 10.4 5.2 11.1642 7.59912 12.4
1.2 -1.2 -0.8 13.8395 0.4 3.6 5.51581 11.9991 2.65423 1.76915 -0.806746 2.26267 7.37333 2.79999 6.07529 -5.6 -2.49527 -3.02339 -7.6 -2.31646 1.6 0.8 2.4 9.6 0.116174 -0.860398 3.41471 6.4 1.64268 9.2 4.4 10.281 5.77022 0.0696333 -1.20053 -1.09112
-0.4 8.8 0.384606 0.4 8.9011 0.8 -4.4 5.63018 3.99991 -0.208698 6.8 1.6 -5.2 -0.4 3.88872 0.79999 8 -4.40003 -2.42498 4.79998 4.39552 5.77471 -0.8 -4 3.23647 -3.24741 -0.491354 2.40001 -0.800003 -0.785458 4.22172 7.61139 9.6 10.4 0.535961 2.91682
-1.6 6.39976 0.4 -0.8 6.71078 -3.78432e-11 -0.4 -2 11.5997 2.08744 -5.48047 4.34026 4.4 5.19945 4.8 15.6 2.8 6 2.8 2 2.8 11.2 7.2 7.25609 -2.89714 8.53338 0.205211 6.0065 7.6 0.335302 8.4 9.2 2.19143 6.76095 5.99988 2
-0.399494 1.43225 0.4 6 9.59999 7.23462 1.26719 4.68346 0.8 1.6 2.4 2.96647 4.4 -1.6 -0.4 -1.79951e-06 8.23532 -0.8 6.39997 2.4 4 5.6 11.2 9.54954 0.406597 0.705955 2.48338 7.2 6 -4 6 0.176728 -0.796233 1.4507 4.11768 2.12294
-2.53016 -1.07086 -5.4036 -1.2 -2 -1.2 -0.8 8.08989 4.8 5.1251 -2.3514 -6.39946 19.6658 11.0355 20.2307 8.8 14.8 8.4 0 19.2821 19.5575 20.2791 18.6777 19.539 14.2201 19.6 1.6 5.58393 19.5403 -1.8986 -1.4896 4 -0.8 8.13938 -0.400002 -3.07458
-1.60007 -0.480698 1.19999 -4.64069 -2.8 6.4 -1.22825 -0.87664 3.2 4.8 -0.708655 -2 14 8.8 15.2 14.4 11.2 19.531 19.4411 19.2 20.4 10.1897 19.2 19.2 2.95947 2 -4 -0.8 -2 15.8881 1.32158 -3.41102 -2.52274 -0.466422 -2.4 -1.73254
18.8057 -0.49511 -3.13397 -2.4 8 -0.115993 1.2 7.2 3.18239 5.6 -1.6 -2.4 4.15756 0.799592 -0.4 4 3.2 3.6 4.8 6.8 2.31627 19.5919 2.4 4 3.15198 -3.59084 14 18.7574 -6.8 -4 -5.2 -3.2 20.398 -3.6 14 15.0023
18 4.17635 1.88021 1.43437 1.76847 20.4 3.6 2.72659 8.64618 0.713064 -0.647146 -2.4 5.20604 2.4 -2.05494 3.62196 1.3974 -1.6 -0.4 2 5.6 6.4 9.08816 7.2 6.8 -1.6 11.6 19.7446 -1.2 -4.8 6.8 -4.8 -0.589821 -1.19894 2 18.0002
-3.2 -0.784717 5.17941 -2.8 8 4 0.79363 6.50589 -2.79998 -1.54275 -2.4 -1.86979 1.6 -1.29629 -6.93044e-11 -4.47508 -1.6 -3.2 2.86434 5.6 5.37803 10 -4.05621e-08 6.00001 -4.4 -3.6 -3.78866 6.8 -2.17315 -1.2 14.0552 -0.600324 3.26325 3.6883 -0.627538 7.2
16.0028 -2.95329 -1.4092 3.11876 -1.54746 -5.18376e-09 9.6 3.84375 0.672956 -1.20946 6.4 2.01598 1.07722 1.65294 -7.60782e-09 -2.4 8.84358 -4 -1.2 11.9998 3.6 -0.4 1.6 4.8 4.76766 3.81458 20.4 6.68883 -2.70738 2.33642 19.2 -0.992082 4.618 -2.38177 5.55308e-11 5.61826
6.93749 -1.2752 5.58012 -0.4 8.72758 2 0.799485 0.420751 -4 -1.47718 -3.73645 8.14942 -1.52819 2.9933 4 -2.95245 -1.6 -2.27594 1.2 8.24578 6.4 6.51745 -0.8 2.55107 -1.2 2.4 -1.05103e-09 1.44204 6.4 20.4 19.5971 8 20.3019 5.69216 2.82855 0.299278
-2 -5.68375 0.8 -1.6 9.2 2.4 10.0582 -1.10263 4.99045 2.43219 -5.6 -4.84047 0.898593 -3.25036 -2.4 -2.02586 -1.2 2.8 9.2 -0.4 0.614548 5.1756 2.8 8.65386 2.10807 18.8 -2.4 -1.6 0.687976 3.6 2 1.39728 20.2779 9.68791 18 8.35085
-2.30473 5.2 5.2 6 2.47213 8.71085 14.4353 2.05964 5.2 -7.6 -1.12734 2.66222 1.76503 6 3.57487 -0.400001 3.2 -1.06353 3.2 7.37256 1.75442 3.6 0.315282 3.6 20.3086 1.56567 5.39968 5.14837 20.4 -4.4 3.57711 -5.6 -2.8 -4.56623 1.42274 5.16435
-2.55082 0.212246 5.05211 2 5.19068 5.00477 9.6 1.27416 -1.61971 7.57459 -2.8 1.62449 7.55173 0.651526 -2.4 -1.11154 8.13156 0.8 13.5655 6 -0.4 1.46849 1.21034 3.2 -1.45557 -0.149016 18.368 1.2 0.4 0.127988 2.59091e-09 20.4 -5.6 -4 -4.8 -1.63357
-2.8 2.39859 18.4 4.26364 1.6 5.89801 2.67398 4.4 2 18.2412 -0.4 8.4 3.76649 -2 5.59913 6.91911 -2.76489 2.8 2.5335 8.54296 -0.8 2.47359 2 0.4 1.00913 19.689 -1.2 -0.8 6.51865 -4.66478 3.57913 18.7805 -0.861847 7.6 13.651 -1.2
-2.08959 0.112848 -3.10917 7.2 0.913287 10 4.8 0.8 -1.2 -4.18125 4 5.59089 -0.400001 5.19894 5.61513 6 2 0.727913 5.6 8.06439 9.59726 12.7071 6.4 2.4799 3.23062 19.6537 18.4 -0.4 1.97788 -0.862088 2.78809 -6.95427e-10 3.2 -1.96329 2.8 4.92199
-6.09879 2.3294 -3.2 3.86542 -5.0617 -3.08623 -0.8 5.68269 0.145023 -2 -1.96674 -4.34119 -6 -4 -3.23212 -4.71233 -5.44186 -3.2 -0.555609 -1.30204 19.5411 10.4 6.00467 -0.193859 9.98839 4.4 10.4 16.8 11.6 11.6 -13.2 -10.8 -6.4 -8.4 10 0
-4.40001 -0.918904 2.75148 -1.74891 5.31673 -2.87588 11.2 0.149134 -0.334839 1.2005 15.6 -3.6 5.38906 -5.6 16.8 -2.8 -3.75188 6.87112 0.992201 19.6844 3.93984 -4.39998 -4.4 -3.2 2.7797 20.4 9.6 13.6 13.2 10.8 -8 -13.6 -9.2 -10.4 -10.8 -1.6
7.2 -6.8 -6 -3.6 -4.30257 -5.2 -0.8 -8.96723e-10 1.76498 8 -5.15547 -4.8 -4.8 -4.8 -0.4 -3.6 -0.278706 13.1479 5.6 9.32058 13.2 20.4 4 -0.4 -4.4 -5.2 -2 1.6 5.25525e-08 -4 -1.2 0.586973 -0.425779 -0.4 -1.37065 1.99675
-6 6.4 -4.57891 -4.8 -2.99229 -5.2 -2.4 -2 -0.8 -1.89216 -1.1378 2 4.8 -4.4 -3.06339 1.19974 5.34699 2 19.6 17.2 -0.140131 19.784 6 -3.6 -4 -3.2 -3.2 -1.6 -4.8 -0.800001 1.6 0.8 0.505697 18 -0.0958416 3.2
-7.2 -0.4 -0.489333 -3.76338 -2 -4.8 -2.4 -3.16876 -2.02118 5.76804 -4.8 -1.25193 -1.6 -4 -0.387181 20.4 -1.60877 -4 -3.2 20 7.04603 19.6008 -1.93898 1.2 -4 -8.8 0 -6.8 0 2 -11.6 0 17.0811 16.5993 10.8171 13.6
-3.70069 -2.79802 -4.4 -5.2 -2.85927 0.8 0.4 -7.15961e-08 -2.4 -0.366965 -2 -1.6 5.69994 13.2 -4 0.339032 -4.06781 -0.140349 4.269 17.3793 -2.4 19.5337 -4.8 -1.72451 -10.1347 -8.4 -11.2 -9.2 -12 -7.6 6.4 14.4203 0 10.4 10.4 8
-5.33126 -6 -1.6 -2.21305 -3.2 -5.2 3.59996 -6.38862e-07 0.800004 -3.76644 -4.86546 -2.4 -1.27797 2 -3.29608 -6.4 20.4 -0.4 -2.48716 -0.122688 2.4 -1.4903 -0.800012 19.5341 -0.954869 -0.4 3.2 4.4 3.70431 -0.11799 2.56534 -0.185423 9.29581 9.86372 4.99249 5.57407
-4 -5.6 -5.6 -4.8 0.826352 -2.4 -3.2 -4 -2 -2.8 -6.15291 -3.59616 -4 -2.8 2.94839 -3.3516 4.66803 2.4 5.97581 9.7045 1.6 -0.0554467 4.23214 4 -0.675152 0.399989 5.68546 -7.17499e-11 0.4 -1.19565 3.44281 3.08074 5.80982 7.00977 5.6 16
-2.23076 -3.6 -4.87914 -3.51359 -3.12456 -1.6 -1.6 -3.2 -4.4 2.8 -6.23745 0.4 18.7386 19.2 -3.47938 9.79034 19.5337 3.22399 -1.2 1.20002 3.56736 19.7109 3.29373 5.76927 -3.8021 -3.98079 2 1.53157 -2.4 -0.120304 -1.6 10.4 3.2 15.6 0.937678 4.25219
-4.4 -0.749385 -5.23677 -3.50519 -2.89452 0.4 -0.898211 2.39498 -4.8 -4.8 -1.6 -2.4 3.98963 12.9371 -3.20009 -3.14001 5.6 5.2 5.6 -2.73179 -1.2 5.2 3.08228 -2.8 -3.26103 -4.61892 -3.69505 -7.07293e-07 2.23299e-10 9.2 4 6.45541 4.4 19.4706 -1.12529e-09 -1.2
14.8135 -5.79602 -2.36182 -3.79486 -1.01504 -1.2 -0.545981 -3.34042 -7.51885 4.89074 -1.6 -3.6 -3.6 -4.4 1.2 -1.2 -2.4 -2.49643 1.6 6.39996 -1.2 20.3305 15.7587 3.15131 -4.8 -0.8 -3.6 0.507244 -1.6 2.8 3.2 3.29082 15.2 1.07949 1.26475 0.358591
10.8 0.825914 -2.50833 -2.4 -0.820296 2.4 2.44997 -7.2 -2.8 -5.2 -2.46636 -3.68266 18.4226 -0.8 19.5455 5.2 4.65633 -5.6 4.4 0.573206 1.2 4.4 15.6 19.2 -0.826904 -1.6 2.7993 -1.13086 1.2 -0.547393 9.168 0.767298 -8.5981 -0.8 6.4 -1.6
8 -0.97312 -3.2 5.06262e-13 1.6 -5.6 0.500037 2.4 -1.84778 8.8 2.42197 2.8 -1.6 4.97515 2.4 -6.4 1.25224 1.1342 7.45363 8.4 -1.6 0.4 4 -0.272042 -4.4 0.0299229 -6.14036 -3.6 2.4 -4 1.47194 20.2148 0.0429253 -0.225318 -0.400001 1.6
2.4 -4 -2.8 -3.24849 2 -2.40001 4.5642 0.116179 -6.4 8.31456 -3.00468 18 -1.81823 -2.8 -2.4446 3.6 -2.8 -2.79108 2.8 7.34773 0 5.66538 6.96599 0.327102 5.2 -0.4 -6 2.28973 -4.18942 4.01328 3.2 3.99985 6.39652 -0.4 12.1477 6
-3.2 -1.86664e-07 -2.4 1.02857 0.746571 -4.8 -3.6 5.15356 -0.0223225 -4.4 -4.4 -0.8 -3.68328 -4.8 -3.99085 -6.8 -4.91941 -1.20001 -1.661 1.7396 -4.8 -1.74473 2.8 3.30315 4.4 -3.19994 0 4.68232 19.6 6.34517 17.2 -2.8 20.4 6 4 -0.950693
-2 -4.00156 -4.4 5.6 3.73283 1.6 -2.07639 0.772315 7.2 3.6 -0.252072 0.399997 -6.4 -5.6 -3.2 -5.2 -1.36982 -1.6 -0.4 2.37553 3.43023 0.4 2.4 2.83863 12.0686 3.2 7.93892 8.68011 7.6 19.5727 19.2283 6.83399 5.01285 2.8 3.2 0.8
-5.6 -4.4 -6 -2.8 -4.4 -6 2.8 2 -2.88884 1.2 2.8 1.2 -2.4 -0.649384 -1.54682 -2.01229 -4.21489 0.401236 -2 -0.407889 -1.2434 0.852045 2 -0.8 -4.4 8.4 -3.37162 1.2 -3.30832 0.16608 -1.64195 1.52506 -0.400009 -0.000142339 2.90113 12.4
-4.8 -3.2 -3.6 5.6 -1.2 -0.8 -1.2 -3.2 -2 3.97339 -1.75451 10.5136 -3.71878 -2.86139 -0.4 -1.2 -2 -2.4 -1.2 -2 2 4 0.4 6 19.2 -1.6 -3.76062 -4.02587 -0.623232 0.4 -1.19415 3.66428 1.03552 19.9996 1.2 -2
-1.1937 -19.5182 4.8 16 12.8 8.8 16.8 19.6018 -10.4 -8.4 20.222 16.6325 -4.07121 -3.45181 18.8 -1.57233 -1.92625 -3.2 5.268 2.4 2 -0.434633 3.14109 2 19.1421 20.4 -2 -2.8 1.4342 -2.42451 7.31914 20.4 -0.391949 3.15427 19.5212 0.977196
5.6 3.43932 5.2001 9.2 -1.6 18 18 -12.3465 19.4862 -7.99999 -11.8158 13.6 -1.2 -3.2 -0.4 0.799999 -3.6 -4.019 3.6 2.52766 1.0988 -1.31493e-06 0.4 0.4 5.2 19.2233 -1.6 1.7266 -0.4 -0.4 5.6 11.6 2.88111 2.3971 0.52792 -0.8
-0.152559 -3.2 -1.6 -3.62234 -1.6 0.4 10.4004 3.29315 6.96233 -0.869076 -3.2 2.49278 3.6 -5.2 -0.799975 -4 -2.7686 -2 1.2 -3.6 -9.89683e-06 3.6 5.2 9.6 1.6 -0.4 1.2 -6 -4.8 0.4 -2.4 -3.2 -1.27773 -4.83309 -0.800031 10
2.7 1.3414 -2 -3.6 2.8 -2.41461 2.81912 5.99119 6.29114 10.5237 -1.66835 12.9627 5.84288 1.64067 -2.4 -2.4 1.80375 -3.2 -2.08511 -2 0.8 19.8061 11.8163 -0.4 -0.400001 2.8 -4 1.77396 -4.29797 7.2 8.79122 0.4 -8.8 -4.53811 -3.2 20.4
4 18.8 2.4 0.463169 2.4 0.628833 6 7.6 7.2 18.3773 2.8 4.87082 -2.8 -4.38955 0.8 -0.8 11.2 -2 -1.25608e-09 -1.2 -1.2 3.26051 -0.8 0.918299 8.4 20.4 -2.76234 0.399986 0.770013 -2.70842 -0.8 -4.44724 1.2 3.11524 -1.08745 15.6
18.8 15.1633 8.30757 15.6 -0.475585 4.4 14.3999 4.8 19.593 11.0381 0.8 -1.6 -4.94969 -0.800001 -2.4 -4 5.2 9.2 2 -2.10218 1.29268 -1.2 4.4 4 6.4 20 -0.8 -3.2 -1.85996 2.4 1.09871 8 20.4 -1.2 1.17839 14.0404
20.4 -3.79119 1.00749 -1.6 -3.01512 -0.142148 3.63279 -3.6 1.27726 -2.83972 -1.2983 -6 -2.07676 3.39735 -2.84814 5.21855 1.11987 5.2 10 -3.6 3.35587 8.4 3.20754 -4.4 2.24426 -2.63287 3.99988 -2.40732 -4.19512 -3.63205 19.2465 10 -1.6896 4.8 -0.4 4.4
-0.750503 -4.33449 -4.4 1.2 -2.4 -3.6 -8.4 -1.72478 -1.43284 1.10436 -0.800016 0.15433 -0.4 -0.4 5.6 -3.6 -0.303073 1.2 -2 2.09924 0.4 2.64111 6.72344 0.653727 0.8 -2.17698 -2.8 -1.6649 -4.98188 -1.6 20.4 6.68136 5.68646 2.26972 1.7223 4.44804
12.7946 -2.60445 -0.8 2.64313 -3.6 0.250184 -1.4857 19.0862 3.10726 1.80631 -2.58335 -0.854805 -2.17252 2.82821 -4.44138 1.2 5.6 4.7525 -0.767619 20.1797 -0.246873 0.388541 2.8 1.6 1.54633 -3.3311 0.497271 -6.8 19.6 19.6635 2.23328 19.2 0.437743 -0.826896 7.6 4.01523
-6.4 -2.772 12.8 -4.4 3.6 -2.4019 10.8 -3.19999 3.4093 0.400029 1.33391 5.2 1.82943 -7.39687 3.91772 18.8 3.91573 -0.893155 5.6 9.2 2.8 -0.293103 1.74682 4.8 2.03045 3.1386 3.6 5.00459 2.02646 0.244624 -2.42642 18.4 -2.8 -0.8 -4 -1.59204
-4.03121 20.4 -3.2 -0.348575 -2.4 1.2 4.8 -0.4 -2.8 -3.6 -4.41873 1.91471 2 -3.71845 -4 2.8 -3.18841 -1.2 -0.0793134 4.19675 -2.32351 -3.07965 4.66449 -0.4 -0.8 -0.4 -1.2 -3.48291e-09 -3.6 4.4 1.6 1.35891 2 20.3997 -0.8 -0.880984
17.6 -1.27824 -1.39238 -3.2 -4.60028 -1.63814 -2 15.2 0.584294 0.8 2.02895 -1.2029 -3.07097 -1.2 1.68041 1.2 2.10191 -2.94802 3.18755 0.8 -2.8 -2.62394 -2.35617 8.70801 -3.2 2.8 -2 -2.8 5.76183 -3.6 9.14981 14.4 3.83585 4 1.96354 3.45821
2.31686 -3.09073 -4.8 -3.6 1.6 -0.4 0 5.6 7.40666 0.700676 5.49735 -14 -5.53653 -0.830155 10 13.6 -0.139475 2.29168 -3.75746 4 -0.326033 -3.2 1.35491 3.41449 20.4 -4.77566 4.8 0.4 5.64865 1.03402 19.6002 -2.99815 1.6 3.70152 -2 4.4
1.99823 20.4 -4.4 2.79999 2.29909 19.6621 0.8 -2.8 20.4 14.1039 -1.60028 -1.2 -3.2 -3.38171 -3.2 1.51382 -2.93912 0.429469 9.2 2 -1.48422 4.07435 2.8 -1.91481 8.4 19.597 13.1252 9.2 19.4878 -1.2 -0.348794 10.4 2.30551 19.9999 3.71386 5.2
16.8 -3.2 -0.401659 4.096 -4 -3.2 20 0.0299338 6 17.6 -1.38204 0.211919 1.31781 -2 20.4 12.8 10.8 16.5772 20.2623 19.6464 -0.261864 8.97225 0.8 3.18536 1.6 0.8 11.2 -4 19.8064 -2 -14.8 -10.8 -8.4 -5.83896 -14.4 -18.4887
10 15.2 3.6 -2.31955 -3.86952 -0.511927 18.7001 20.4 6 8.4 8.8 -1.6 19.4978 -0.753824 -0.512425 2.84728 -5.18179 -3.92012 0.849027 19.2 -2.35996 -1.41925 19.8641 -2.8 6.8 0.4 2.95562 -2.8 3.6 -8.59253e-08 -9.2 -8 -18.0798 -12 -8.8 -10
1.2 -2.57911 1.1723 19.8171 6.9628 5.2 -6.51206 0 7.12528 20.3645 4.7889 5.08342 1.41499 -2.44627 1.20001 8.04135 -1.1818 -3.03185 -1.6 3.1313 -4 19.5031 -3.07984 1.48924 6.81543 7.78697 4.73147 1.2 0.8 1.25422 3.64815 1.40394 8.4 4.65766 8.8 6.42778
4.78517 -2.8 4.08578 -1.6 3.2 4.98403 8.4 0 10.8538 11.4713 3.2 -4.39959 9.2 -0.997654 -1.11806 -8 -1.41327 0.455562 0.525624 -1.81761 9.18971 9.80828 1.6 8.98343 2.72601 0.633017 9.6 -2.8 -0.8 19.6732 5.19997 7.02626 5.89892 2.8 6.4 -0.61866
-1.26033 11.6 -3.2 4.31225 -1.39237 9.11834 5.39423 10.8 -1.12819 4.61581 4.17466 5.48956 -3.6 1.21967 4.8 -4.16857 -2.8 0.724393 -3.2 -2.41385 -1.6 1.69367 6.8 19.2 -2 3.36841 -4.48745 -1.46503 -1.00327 -0.949098 2.8 2.40404 8.43325e-13 0.8 0.432172 10.8
-2.4 -0.549196 -1.75563 -1.2 0.4 -0.400034 10.2164 3.2791 1.15064 4 2.12116 5.34896 3.87465 -3.6 1.6 -3.01268 0.714378 7.09525 10.4 0.799998 2.4 -0.8 5.57304 0.4 2.18047 -1.6 0.8 -2.4 -0.150216 3.19863 8.17732 4.30243 2.45472 -0.8 0.643829 16
-0.994179 -2.65763 -4.1014 -4.8 0.773822 -2 -0.800002 5.2 -3.2 -3.2 -1.54361 2.68142 -0.4 -7.2 -4 -2.8 -2 -1.71322 0.4 0.8 -0.8 -2.4 -2.8 -1.21126 -3.65052 -2 -3.6 0.0823392 -2.8 -3.27802 -1.16803 0.201805 0.359924 -1.43977 -2.73314 -3.2
-5.2 -1.6 7.25523 -5.2 -1.09289 4.1428 1.2 -2 2.79999 0.799999 -1.1186 -2 -7.2 -3.6 1.25719 -3.23462 8.32798 1.86378 19.6854 2.94332 -1.2 3.2 3.59999 1.2 -1.94751 -2 -5.85434 -1.04334 -0.31151 -1.3808 -1.2 -2.8 -1.64713 2.46704 -2.71482 11.2
1.90556 -2.8 6.8 -0.4 3.2518 1.6 3.6 5.81511 14.4 7.62311 4 7.6 0 0 0 0 0 0 0 0 0 0 0 0 0.8 -0.0310677 3.12188 5.04912 12 6.2841 3.6 13.9997 3.73911 5.94517 -4.55496 19.7574
0.116007 2 6.79362 11.7434 7.78805 11.238 4.17476 1.6 3.81175 7.2 9.64819 3.34154 0 0 0 0 0 0 0 0 0 0 0 0 -0.880137 8.4 3.6 2.36123 6.33798 5.6 7.6 5.2 4 3.6 -1.53113e-10 7.25226
13.2 2 -1.2 2.27374 3.95717 5.74108 9.70613 14 1.2 0.498876 6.30974 11.6 -3.6 -6 -6 -4 -3.2 -1.01059 4.4 1.2 -6.8 -0.8 -7.6 -1.6 -3.19879 -2.9847 -2.4 -0.359198 1.2 3.2 1.39793e-09 1.6 -0.8 6.8 -1.6 19.904
4.95943 1.6 -3.63826e-07 14.4 1.6 6.83842 7.79628 2.10603 1.31223 6.4 11.2 1.81896 14 5.4745 -6.8 -6 0.828709 8.33 4.4 8.31627 3.76957 -0.8 3.66106 -0.458582 2.4 2.8 0.4 6.04608 -3.37131 3.3661 5.2 4.96134 -3.87728 0.4 10.8 19.5479
1.2 8.68701 0.800436 -4.51052 1.94882 -0.4 3.55639 2.01272 2.8 1.19986 3.19078 0.28893 -1.6 0 7.5477 -2 4.60288 9.73447 -2.32286 -0.8 -1.6 0.4 7.13789 4.42003 5.5342 4.34485 -4.4 5.6683 -3.2 -1.3542 1.56275 -0.00467986 -1.6 -1.89551 0.244946 18.8
1.6 16.4677 -5.2 3.49201 -2 10 -6 -2.27513 1.6 -0.4 5.2 0.00703487 -1.2 -1.2 2.4 -1.74405 -5.16429 0 0 0 0 0 0 3.2 -3.6 -1.2 0.245974 -1.37712 1.20436 0.634575 1.2 0.4 -0.377069 -1.6 -0.760756 0.976471
5.54724 5.6 1.2 0 0 0 1.5432 2.70238 -6 -1.2 1.51909 2.22285 4.28926 0 0 0 0 0 0 0 0 0 0 0 0 3.6 1.19427 -1.59899 -2 -0.751375 0.374204 -0.765449 0.8 1.95247 3.6547 12
-0.141732 0 0 0 0 0 0 0 0 4.55252 8.8 0 0 0 0 0 0 0 0 0 0 0 0 0 0 0 0 0 0 2.8768 0 2.4 16.7934 0.694419 17.5878 10.8
