36 0 36 72 0 72
0.00304888 7.20837 6.32678 3.3397 5.8074 -4.93576e-10 7.2 6.8 -0.708142 0.207766 2.8429 6.03958 -0.785827 -0.736004 4.2383 2.16775 5.2 4.8 8.3201 0 0 0 0 0 0 0 0 0 0 0 0 0 0 0 0 0
5.2 -0.3581 -2.22409 -0.8 3.6 15.2334 9.1246 14.8 3.58288 2 0.399999 -3.26875 -3.68579 -1.8643 0.733853 3.83132 0.8 -0.8 -1.42518 4.09037 11.6 7.23084 2.60568 -0.4 -0.400008 -0.560376 2.83232 8.41494 11.5519 8.32755 0 0 0 0 0 -3.96065
-3.2 0.802904 6.3137 -1.53185 1.984 -3.64674 12 10.3523 0.234361 -1.2 3.2 12.4394 -4.96621 -2 -2 -2.81131 8 -4.4 0.4 -2.29932 2 2 0.8 2.48681 -1.6 7.28783 10.8509 3.80732 1.24755 14.4418 9.32443 -0.0392878 0 0 -6.47308 -1.42391
0.841669 -3.22239 -4.35879 -3.58819 -3.4164 -4.03004 0.8 0.150968 -1.52449 -0.98782 2.74243 15.6 7.60001 11.2 2 -1.42245 -0.653482 13.2 -3.57754 0.689722 -4 9.98304e-07 -2.8 -2.26814 -1.76006 8.4 -0.4 2.0622 -0.266313 3.6 4.4 4.79482 -2.56346 -6.94183 -4.8 -4
4.8 -4.8 4.60782 18.8129 -5.24503 0.4 -0.708508 4.79999 8.45978 -0.4 -0.353542 4.39996 -0.132473 -3.6 -1.48017 1.372 1.6 6.4 3.2 1.6 -1.10143e-11 -1.6 4.8 6 8.6225 1.6 7.88695 8.13699e-10 -0.4 3.6 0.8 2.8 -2.44229 -0.341939 -1.29177 -0.8
-0.4 10 2 -3.97566e-09 -3.19992 -3.2 0.4 -0.494994 8.53766 3.19969 0.4 -2.27559 -3.6 0.241027 -2.4 -1.6 -1.07952 -0.00667098 -1.86765e-07 -3.20654 0.4 3.90013 5.81656 -0.381956 -1.2 1.6 -1.20453 8 -3.6 -0.207388 16.5896 2.36344 0.4 -2.03822 -0.545521 -0.479008
5.6 1.45131 -3.6 -4.7744 -7.33868e-08 1.99997 3.24476 3.2 -0.4 1.22568e-10 16.4 3.6 -1.6 -2.4 18.8032 7.6 -4 -2.31227 0.399998 4.77596 14 3.14032 0.696491 3.02184 1.6 -1.2 9.2 5.42617 8 1.2 16.6561 16.9606 -3.2 -1.89238 -7.2 -2.54183
-4.69503e-07 5.82039 -5.60193 -3.56511 0.503986 -3.6 6.37845 3.2 -0.8 4.4 2.01585 0.312417 -1.08503 -1.71514 -1.6 5.17019 -3.5914 -1.2 -2.23293 -2 4.08536 0.4 9.99999 -1.08334e-06 6.94303 6.4 0.8 3.99982 10.8 5.93449 2.4 2.8 -4.49547 -2.4 0 3.2406
11.5179 -2 1.2 2 -2.65658 -1.05725 -2.96502 3.41965 -1.96299 20.4 2.40002 13.6 -3.12972 -2.481 1.6 -0.471053 18.019 -0.4 1.97048 0.8 8 19.2 0.221408 2.4 2 9.61995 -0.8 -1.6 -0.153965 7.31881 4.31285 0 18 0 19.6079 18.7423
12.4 1.0953 -0.0994173 17.6 8.38242 -2.4 0.429896 -0.4 2.83217 1.59995 12 3.04589 -1.2 1.19999 0.306884 -2.52313 4.4 -0.173431 2 4 3.2 11.9609 -2.36274e-08 0.48092 11.6051 7.71995 5.70425 19.6 1.48433 1.63953 2.4 18.5331 18.7997 15.6 15.1154 15.6
12.4 0.329228 3.6 10.4 3.14406 6 3.75051 10.1534 8.8 7.7867 -0.8 0.32813 0.279191 -0.193886 0.8 9.2 1.3005 4.8 9.53774 3.6 3.6 9.70425 2.80239 3.2 4.4 8.76791 4.8 5.2 19.2 4 2.0166 -17.7648 0 -5.43685 19.0613 19.4323
3.6 7.6 -3.5206e-10 2.61094 2.07956 5.02284 0.317955 2.08327 3.6616 12 8.79953 -0.567665 1.24974 7.16701 3.74399 0.4 -0.448843 3.9036 6.6141 3.6 7.6 4 8.0866 3.2 2.8 6.36848 2.18057 11.6 4.1312 2.53734 6.3025 6.79997 -1.06922 0.4 -4 -4.17845
-2 0.8 4.4 -3.39947 0.4 3.74363 1.19988 0.148374 -1.2 -3.53775e-09 -1.2 -2.4 -1.33551 -15.1387 -13.6 -0.400002 -4.4144 18.8 10.3888 14 -1.6 -3.47251 -2.4 0 -1.6 -3.6 -1.2 -0.4 -1.6 -1.6 2.4 13.1874 20.0323 18.8 6.72427 1.2
18 8.79994 8.10124 -1.6 0.4 7.99997 -0.99116 -0.688753 -2.4 -1.69845 -1.27824 0.4 20.4 0.48582 -0.483111 -16.8 20.4 19.6 9.64348 1.61525 9.6 -3.09019 0 0 -1.59278 -0.8 -0.4 3.2 -2.8 -1.2 0.765694 4.44383 13.1786 17.1986 -1.1224 5.92976
-4 -5.59561 -1.6 -4 12 0.393202 -2 -0.81025 -3.6 -1.57028e-09 0.853799 -5.55044e-06 -1.43401 -3.2 17.2 13.6 6.4 -10 -1.69209 -1.2 12.4664 10.7041 0 0 -2.80001 4 2.8 2.40659 4.4 4.30868 2.4 6.8 -2.4 -4.4 0.399998 1.26436
-5.6 3.2 -8.4 -4.74745 -2.40002 2.61509 3.06715 -4 -3.6 -0.800209 2.4 -3.2 13.6806 10.4 -3.2 -4.48603e-09 10.2191 10 -0.936285 3.6 2.4 20.4 0 0 2 -3.6 2.41173 1.83455 -2.79944 4.52294 2.4 3.6 -0.8 3.6 0.779272 2
-5.2 -6.8 -7.6 -5.6 -0.4 -0.4 -4.8 -5.6 -4.8 -3.6 -4.8 -3.2 -12 -0.8 5.2 0.4 4 -0.8 -9.6 2.8 -7.6 6.2547 0 1.6 4.4 4.39999 -2.63979 -0.626126 -0.879995 -0.4 -0.305738 2 0.148174 2.38089 -0.345728 3.2
-5.6 3.6 -6.10962 -8 -1.29636 -0.400001 -5.2 -6 -3.6 -3.39683 -3.2 -5.2 1.59999 -1.96718 6.8 17.2 18.8 13.6 -8.97026 19.991 12.8 4 0 2.4 -0.8 -0.1385 0.0301926 -2.4 -2.38487 -1.39915 0.400004 0.662463 -0.157164 0.626065 -5.05269e-09 3.6
1.71102e-08 -2.8 -3.2 -2.8 0.4 -3.40347 2.39998 -0.064941 -0.8 -2.66281 -2 5.99781 -3.92 20 -3.2 15.2 -1.2 -0.8 19.2121 6.4 0.799998 -5.79258e-09 -2.4 2.4 0.703952 -0.8 -1.19995 -0.0231776 -1.32728 0.799974 0.728827 -0.8 1.6 -3.21961e-07 -0.402848 -0.800058
-4 -2 -1.63117 -4.8 -1.6 -2.4 -0.0296805 -1.96525 -0.4 -1.83312 3.1074 -0.8 -4.45961 -3.28647 -3.60008 -1.04302 20.4 -4.4 1.6 20.0784 19.0784 8.8 1.6 1.2 0.433469 -1.6 -1.2 1.59437 2.4 -0.449123 0.4 -1.6 -2.8 0.577382 1.2 -2.4
0.4 4.06878 0.8 0.534447 5.36866 4.8 1.60758 0.556749 2.45036 7.06236 0.8 8.01934 -0.8 5.6 1.6 -1.2 11.6 -2.8 -0.8 0.399989 -1.4163e-06 0.848315 -2.77611 -1.2 0.839776 4 -0.8 1.19998 4.87604 3.73955 5.2 8.8 0.741229 4.30011 1.24701 4
3.05072 5.2 3.50052 -1.1739 4.8 2.03852 3.83534 1.65173 3.65471 16.2492 3.05525 3.2 9.6 4 -0.8 -2.41771 12.8392 2.80109 2.4 5.2 12.8093 11.8192 12.8 -0.8 4.39999 3.83173 5.3288 4.36253 1.6161 6.81395 4 4.56799 2 3.6 1.19902 0.8
-3.6 -2.37279 -4.60458 -0.175885 -2.28802e-08 -2.59167 7.89749 -0.20749 2.24098 7.00018 -2.4 0.457736 20.1825 16.8 -0.40651 -2.4 14.4 0.8 2 1.6 6.4 -1.44396e-07 0.162307 -2 3.0899 6.24496 7.07804 6.4 6.8 -0.8 11.6 8.8 6.8 5.2 -1.2 -0.4
4.08529 7.2 8.4 4.64291 -5.33222 -0.463365 5.6 2.87839 7.86965 5.71794 5.64712 -0.363389 20.2595 0 0 0.4 20.4 9.2 -19.44 8 5.2 -17.4317 -15.6 15.2 1.97038 1.72826 3.2 3.18244 3.47896 0.703757 13.2 3.99997 0.399991 9.78699 0.759911 2
0.515148 12.1068 -5.2 -3.6 1.04208 -3.29337 19.5308 -1.6 19.8411 6.4 10.2323 20.4 0.659651 -2.8 -0.641605 5.25303 7.32757 -2.28079 -0.638023 10.194 3.90632 18.162 0.010893 13.4258 0.4 -3.6 1.19999 1.57311 -1.2 0.8 14.1108 10.8002 1.62474 1.0111 -2.8 6.79998
-2.04678 -0.855731 -4.8 -5.26058 1.80887 -2.42535 -0.4 -2.4 -3.34604 1.7738 2 1.9795 3.2 5.05034 19.5864 6.03854 -2 -1.15952 6.87768 -3.30146 4.89424 6.44189 -2.4 0.660548 -2.8 -2.40002 -1.83163 4 0.8 7.2 1.8203 6.4 -0.177968 3.6 3.6 1.6
-7.18159 -0.787542 -5.09495 -4.82248 -4.07786 -6.8 11.0566 -1.94957 -4.89432 1.59064 -6.63341 17.6 19.888 -0.400001 8.97044 3.09002 -2.4 1.2 8.79999 10.2522 0.157669 7.6 2 2.79933 0.4 2.8 -3.6 6 11.6 6.59794 0.8 3.41613 6.8 3.05736 -3.2 4.8
-6.21409 -6.39779 -1.38863 -5.18152 -4.96826 -5.04189 7.4003e-10 15.2 -4.62975 -5.41895 -3.88315 -6.11928 0.886201 8.4 3.04477 -0.400011 -0.92588 -1.2 -0.4 1.6 7.2 2.4 10 -1.6 -4.8 -1.6 -4.4 2 5.6 -4.4 0.4 -3.95623e-11 -1.51437e-07 1.6 -3.20094 -2
-3.5998 0.866294 -1.6 -3.6 0.4 2.4 -2.10879 20.0579 -1.2 12.015 9.6 7.56793 -2.4968 -0.882625 0.8 3.00413 7.5611 -2.4 15.3996 0.8 0.399999 1.6 -2 6.41483 7.05456 8.8 6.4 0.956357 -2.81872e-10 0.8 -0.0269471 4.33612 1.6403 -4.8 2.59101 4.36386
0.689588 -2.8 -0.8 20.4 0.677064 -1.6 2.38935 -1.16575 -0.374008 3.61936 6 19.9003 -3.51329 -0.327185 -3.2 2.65733 19.148 20.1363 4.4 2.4 -1.72864e-08 1.2431 -1.13373 1.03938 8.8 -3.7127 -1.30271 3.6 -3.11023 11.0196 5.2 3.2 2.39552 1.6 -1.2 -6.05379e-07
1.01284 3.87517 -1.2 0.609897 0.334029 -3.47132 -9.47633e-08 0.264931 -3.2 3.34722 3.2 1.6 -1.84869 -0.436484 -2 16 -3.22328 -1.19347 -3.05991e-11 3.60002 -2 -1.6 -0.8 -0.8 -0.0643871 0.708024 6.14882 5.25875 -2.8 20.4 0.8 3.80564e-06 1.76564e-09 3.2 -1.2 -0.943351
19.5982 -0.8 -1.95594 -1.88943 -3.07754 -2.4 -2.05763 -0.4 -2.4 2.4 9.6 5.56402 0.8 -2 5.6 -1.51541 -7.15143 2.4 8 0.4 -2.20486 -0.800001 10.4661 -3.6 -4.03775 3.0545 -0.8 0.126471 8.76807 5.75325 2.8765 0.4 0.218772 5.27316 -6.61977 -3.6
-0.8 -4.37179 -2.4 2.33592 -2 1.70093 1.94024 1.49842 -1.32201 9.98818 0.907282 2.88616 -3.03414 -4 5.1999 -0.245899 3.45352 -4.04032e-08 20 -6.7438 0.550183 -0.807172 -0.8 -1.6 -0.801402 1.6 -4.69878e-08 0.4 0.800034 6.8 0.799954 -0.4 0.4 2.8 -4.7097 8.25256
-1.82115 -2.81701 0.4 18.3602 6.8 7.91746 -0.291702 4.90904 10.6389 -1.2 16 3.87878e-08 19.3324 2.07846 -3.24583 18.8 -2.96513 4.43852 8.4 -2.11314 1.2 6.87743 1.2 -2.05432 1.2 2.94084 1.6 10.2366 4.8 5.2 3.00958 -0.783385 0.799999 -2.4 5.2 2.66918
4.30892 20.1244 -1.68691 18 2.15263 -1.20252 2.13549 0.272415 11.5094 2.34754 -2.63915 0.4 -0.227815 18 7.63239 4 5.6 2.4 1.2 6.8 4.8 12 3.2 14 0.672678 -1.6 -1.92926 -5.23881e-08 0.523261 -4.8 10 2.8 -0.4 3.6 1.059 -2.36825
4.8 4.4 0.12376 -0.846373 16.4 12.687 5.2 2 5.33881 4.06857 -1.49747 -0.386083 -0.313671 7.6 -1.44162 -0.4 1.6 19.5904 6.8 0.4 7.2 6.8 4 2.8 -0.8 0.646419 16 -0.915618 5.2 16.4 -3.6 5.6 -0.4 6.4 -0.763752 11.187
-2.02422 5.6 2.35335 0.4 2 3.99998 1.6 -0.4 4 -1.2 3.81348 -0.4 -1.45107 17.1635 -5.44281 -4.21561 -0.677055 4 -2.21917 0.4 2.4 1.07777 20 1.78503 -8.4 -9.6 7.6 -13.351 -5.81422 -5.2 -9.06668 -6.4 1.40753 -6 -8.72458 18.219
5.2 -2.77922e-08 1.6 4.8 -6.39686e-07 7.19972 1.1752 1.2 3.99381 -1.2 0.4 3.85343 9.2 -8.60395 19.2503 -3.19999 1.2 15.0405 0.4 -2 19.6 5.33737 19.6169 4.8 -4.87861 -3.20001 4.21126 11.8335 -8.17334 7.19972 15.6 -8.78194 -6.4 8.14871 -5.2 2.20654
-2.8 -6.81474e-11 8.09105 5.92462 3.94026 -2.80147 2.39999 4 4.4 -0.4 -2 3.6 -5.63361 6.23973 1.2 -2.70174 -0.733429 19.4735 4.1214 -1.2 4 20.4 -1.05286 3.09402 0 0.4 -16 -16.4 -18.8728 -16.4 18.8 14.4516 -1.2 4.21411 -3.2 8.92585
0.743416 0.4 6.4 9.2 0.513951 -0.177271 3.57741 1.2 1.72029 -0.0698107 1.40014 -0.4 -3.38175 3.6 -6.814 -1.2 2.92256 -0.773806 12.223 -1.37867e-07 12.8 1.6 -0.8 -0.246891 0 -10 -18.1029 3.55067 -6.8 -7.59636 8.4 2.56914 0.400001 12.9631 18.1493 -0.381246
-0.0281153 0.799999 1.79059 -1.30554 7.39877 5.6 9.39382 5.57633 4.18545 5.2 9.2 6.00426 -0.15418 20.4 -0.800001 19.9754 7.09764 5.98888 2.31336 1.92976 4.87423 1.24686 2.6199 20.4 -4.66664 -4.21142 0.4 -5.74855 -0.0137989 12 -4.8 -3.2 -3.2 -2.4 -4.00001 11.2
10.6832 -0.621572 -0.17329 0.387896 8.77635 5.90194 5.57166 7.6 4 -6.2582e-08 7.33688 0.835454 20 -1.07807 -2.33133e-10 20.4 15.0317 2.38568 0 -2.42152 20.4 1.6 1.2 3.69173 -2.94936 0.855804 4.81911 -3.2 11.43 6 0.399999 -1.6 17.2 1.2 -1.52901 -2.69969
0.799999 5.34876 0.466365 -0.25938 -1.5966 -1.2 17.7462 1.00809 14.4 5.10004 0.400006 11.8431 18.7901 19.3652 -7.2 -0.213982 -1.98746 4.52919 1.6 4.8 -0.504673 17.2 -1.6 6.50392 -2 7.59999 5.6 -7.49454 -2.4 1.59996 -3.2 5.6 15.2 -0.8 -4.1561 -4.8
-0.914795 -2.8 1.31361 4.8 -0.163351 6.05512 2.2735 2.87906 3.27508 2.4 5.74301 1.68543 19.4302 -0.719483 -2.6643 13.9861 9.68214 18 0.403697 -0.00225734 2.32408 0.952764 0.904953 4.4 -3.2 -4.68775 -1.2 2.8 -2.8 -1.6 -0.8 -2.8 -1.42861 1.99029 -2.8 -4.11299
0 0 0 0 -4.40001 0 -4.0001 0 -19.2701 -15.2467 0 0 0.0761454 -2.40226 0.717237 0.629719 4.081 3.30217 20.4 2.80144 -2.4 15.6 -2.57944 -4 2.8 10.4 -3.90639 -3.44557 1.6 5.6 19.1794 0.862694 10.2151 14.3553 14 1.2
-17.6 0 0 0 -14.8759 -16.8 -19.6 0 -19.198 -19.201 0 0 1.29138 9.92602 19.233 -2 9.38053 6 -3.91408e-07 2.8 -0.4 -0.478179 6.62124 -1.6 -4.8 -1.92049 -2.8 -2.24485 -4 -0.8 8 2.23645 16.7381 3.50486 -0.288479 -1.59999
3.35241 1.2 3.52594e-06 0.517755 7.06469 3.2 1.16241 12 12.4 4.4 4.4 0.934471 0.399999 -1.38634 1.6 19.5668 2.4 0.8 8.8 0.425532 8 3.24546 -0.101633 5.6 3.2 6.39997 -2.4 -9.6 -3.2 -5.6 18.8 20 19.2 4.58303 0 0
3.86875 4.8 7.76998 0.726645 11.2 1.99273 5.12595 9.2 2.4 7.6 1.94619 0.496235 -1.54444 -1.34598 -1.07081e-08 2.65167 1.33464 4.53428 4.38538 2.8 18.4 20.1386 2 0.219775 4.65782 -1.45417e-07 -10.4 1.6 -5.75242 -0.800002 16.8 5.2 20.4 13.6223 0 0
-2.4 -5.41571 -4.8 -4.1727 3.61744 1.12676 1.49912 0.666004 3.08098 6.34808 -1.97125 4.54442 -1.08875 -4.39177 -3.6 19.9237 19.7304 19.2301 19.2 3.93262 7.40258 6.33372 2 20.4 0 16.5214 0 2.20584 0 0 0 0 19.2 0 0 0
6.00036 -2.01456 -1.80919 -4.7464 0.298095 -2.12026 2.64004 5.46649 -0.196673 -1.29652 13.6 17.4467 6.8 -3.6 0.799999 20.4 5.99975 18.9086 17.6 14.4 -9.63624 -3.6 -3.50273 3.93058 -14 19.9503 2.85592 4.8 0 0 0 0 0 0 -3.67152 0
10.9444 -6.35788 -3.2 -4.8 -5.44825 -2.8 2.17799 -0.019486 10 0.800001 5.91374 16.4 -6.54405 13.4574 -2.31402 -0.864079 -1.2 8.34385 2.94827 0.214832 12.3497 20.3322 12.8 10.4356 18 -1.2 -2 0 0 0 0 0 0 0 0 0
-4.39532 -3.6 -5.23746 -3.40594 -3.53063 -3.93269 7.04306 1.17714 -0.750744 -0.751983 2.4 4.86309 -1.1779 -5.04029 -4 7.6 13.6 18.997 -1.6 20.4 2.65419 -1.29597 9.6 9.2 18.0001 19.2 8 0 0 -6 2.4 0 0 0 0 0
1.94699 -3.0321 4.4 -0.4 20.0089 6.8 0.674244 1.04742 -1.65913 3.63936 4.4 8.60676 2.8 -4.46138 5.70158 -4 -4.4 1.6 -3.2 -1.58379 -6.52328 5.59999 -6.00001 -4.8 4 18.8 19.768 -8.38513 -11.7842 -13.125 20.0685 20.4 -1.41122 -12.8 -0.0865956 18.6038
19.2943 -2.75887 2.5094 0.0213631 19.3601 20.2091 16.4 -1.55894 0.8 -0.277407 8.21042 1.46229 19.3041 13.7734 1.85345 18.8 -6.4 19.6 -1.2 4.8 -4.8 6 -4.4 10.4 -19.3899 20.3998 -3.62618 -9.6 -5.2 -6.61219 18.9195 0 -11.6 -6.4 -15.2 -7.2
11.5982 13.9464 0.4 -1.3216 0.60274 7.6 4.98345 18 5.6 1.59153 3.214 4.6484 -3.2 1.99189 0.4 7.95336 4.4 5.80272 -4.00001 5.33478 -5.51775 0.694381 -0.636761 1.01046 19.837 -16.8815 -0.0912618 20.4 1.88979 -0.8 17.6399 0 0 0 0 0
19.4658 17.7895 3.19971 -4.4 4 9.2 1.2 3.6 2.65163 -1.2 -1.1829 3.6 -2.00002 -3.2 -1.50417 14.5526 -2 0.508717 0.422366 -4.78439 2.92134 1.85623 9.53362 15.6 17.6 -7.2 19.5157 -11.6 20.4 -0.4 19.6194 0 0 0 0 0
4 -3.94648 1.43926 2 0.471751 3.23956 0.395844 5.2652 0.447854 20 2.4 6 -0.311521 4.8 -1.6 -1.6 -0.4 -0.456586 -1.20003 -0.213486 2.4 4 4.54981 -6 0 19.6 20.4 0 0 -12.3548 4.8 0 0 0 0 0
5.04032 -4.4 19.599 -1.84827 -0.705933 3.3555 4.8 1.30005 3.06175 8.8 3.72517 1.74364 -3.60829 3.08385 -3.6 -2.8 -3.2 -2 0.8 -0.4 1.2 -5.38609e-07 9.2 -0.4 19.7918 0.893442 20.0804 20.339 -19.2975 -0.191122 6 4.79014 0 0 0 0
2 8.4 -0.8 -4.66124 -2.4 -1.9056 0.704957 15.9212 2 6.1297 3.2 1.2 1.41806 5.2 7.54007 14.4 0.8 4.95393 3.62997 15.6 2.76771 11.6014 10.1208 1.2 13.6 10.4 0 3.88625 12.0636 0 0 0 0 0 0 0
-6.82998 -2.4 -3.2 -4.4 3.2 0.4 9.2 1.2 5.2 0.790671 -0.897946 3.6 19.3568 12.5649 2.8 2.41722 2.4 5.32437 15.4194 0 2.8 6 9.6 6.40531 0 15.2 18.2676 8.60895 0 14.4 0 0 0 0 0 0
-1.19999 -2.14383 -1.93626 6.80903 -3.17399 0.133846 5.36153 -2.4 4 3.52721 -0.4 1.2152 -3.2 -3.6 -3.2 8.54825 -4.4 -4.00536 -1.6 9.99999 4.48251 4 19.4133 -1.9766 0 2.8 2 0 0 0 13.6 0 0 0 14.4 -4
-1.78855 6.07247 1.61877 10.8296 14.3552 4.4 0.500488 -2.64566 -3.6 0.688196 -2.31471 15.2211 -1.2 -4 0 14 -2.8 -2.43061 -2.714 2.8 2.04908 7.50267 -0.0996911 -0.573114 19.9999 9.6 0 0 0 0 0 0 0 0 -5.4221 0.207049
-6.8 -1.00989 -0.280776 -3.6 -0.260094 -1.90968 5.6 -0.882687 1.15069 0.436253 -5.68675 20 -4.4 -1.37077 -4.00001 0 -0.507821 -4.13351 -5.6 -0.0515754 1.06052 -0.399998 -2.34164 16.7968 20.0252 0 6.4 -0.516168 0 0 0 0 0 0 0 0
-5.91022 -6.4 2.74485 -0.106119 0.597223 0.0585286 14.6383 3.6 -4.4 -1.69336 -1.95081 -0.651695 -2.30213 -3.74084 -10.8 -3.2 -1.2 -3.03652 -1.6 -5.6 3.20085 0.799999 -6.08388 5.99997 0 0 0 0 0 0 0 0 0 0 0 0
-2.30217 -1.93718 1.2 15.6 0.720927 3.6 6.55563 2.41255 -2.8 -0.4 -2 4.2227 -1.0683 -3.99406 2.55763 7.59756 5.56138 6.8 -4 20.2928 3.27573 19.6 0.257284 -0.4 -6 -7.6 -5.08141 -7.6 -7.2 19.5551 19.6 0 0 0 0 0
-2.94811 4.40048 -1.70307 -2 -0.715312 1.78215 2.30965 4.4 2.62453 3.2 3.35169 1.2 0.131032 -5.52819 -4.76272 -0.560149 -1.98944 2.5571 -6.04557 -1.08129 19.2 0.872003 0.734809 8.33626 -4.37137 19.6 -4.8 -10.4 19.0761 -3.5224 0 0 0 0 0 0
9.2 0.8 0.839861 3.3011 11.2 1.89695 2.82966 6.21404 8.8 11.575 2.6547 5.96292 -2.4 -0.462711 -5.2 0.352856 -1.79631 -0.364431 3.2 0.8 -1.6 8 17.4351 2 1.6 4 1.94317 0.399998 9.2 6.20971 0 0 0 0 0 18.7719
1.6 2.4 -0.8 8.40999 2.75272 12.1291 13.6948 2.8 6.29181 12.8 6.63151 9.99946 -2.80006 -0.981924 -4.4 8.63373 2.54446 -1.59848 -4 4.4 18.4 2.70304 19.6 10.4 -1.58807 0.0248519 5.2 12.8 8.19152 16.8 0 0 0 0 0 19.8307
3.05269 -0.733438 1.39118 4.74732 2.4 -1.84004 0.71845 5.86576 2 -0.8 4.19311 -0.325493 -1.52805 -1.1957 -1.2 11.6 -3.6 -2 3.49837 2.8 -0.640317 12 -4.4 -2 4 3.6 5.2 0 4.4 -3.2 0 0 0 0 0 0
8 1.63226 -0.968917 0.398225 0.388125 0.950845 11.8962 8.64126e-10 5.72682 17.6 -2.4 -1.33485 6.84236 -1.2 6.4 -3.3554 11.6299 11.8519 14.3419 0.773511 -1.2 -3.18794 0.279886 -2 15.6 18 16.8851 0 9.98007 13.2 0 0 0 0 0 0
8.32592 12.5918 7.41859 5.986 6.54845 5.64918 6.17254 6.8 13.6 7.36033 2.59308 18 -1.2 0.0587603 -2.79029 4.00096 -1.07935 -1.6 12.7894 4.4 2.78996 4.4 0 4.49178 -3.53286 -1.0523 -1.172 -1.92307e-08 0 2.8911 0 0 0 0 0 0
9.2 6.47303 5.60002 7.82398 12 -13.2 6.8 19.2 4.51864 11.6 0.8 9.38386 15.2 17.2 -2.50076 -3.20001 19.6684 15.0197 0.172661 11.6 0 0 0 11.2946 0 0 2.4 0 0 0 0 0 0 0 0 0
