36 0 36 72 0 72
0 0 0 0 0 0 0 0 0 0 0 0 0 0 0 0 0 0 0 0 0 0 0 0 0 0 0 0 0 0 0 0 0 0 0 0
0 0 0 0 0 0 0 0 0 0 0 0 0 0 0 0 0 0 0 0 0 0 0 0 0 0 0 0 0 0 0 0 0 0 0 -0.4
0 0 0 0 0 0 0 0 0 0 0 0 0 0 0 0 0 0 0 0 0 0 0 0 0 2 -7.2 3.56528 -1.7451 -2.72499 2.29193 -1.2 -4.96648e-07 5.2 4 4.31077
0 0 0 0 0 0 0 0 0 0 0 0 0 0 0 0 0 0 0 0 0 0 0 3.68848 0 -0.825324 -5.2 -1.2 6.4 -1.6 8.31462 -1.25994 -1.6 0.299342 0.650395 -1.82002
0 0 0 0 0 0 0 0 0 0 0 0 0 0 0 0 0 0 0 0 0 0 6.33976 5.43671 -2.02629 -3.6 -5.20349 -3.60158 -0.0104418 17.463 0 8 -0.381247 6.32224 3.62986 -1.41308
0 0 0 0 0 0 0 0 0 0 0 0 0 0 0 0 0 0 0 0 0 1.23424 4.27557 7.349 0.449953 1.6 6 -0.16987 19.2 11.6 1.2 4.06833 3.48468 0.878585 6.67524 -2.9941
0 0 0 0 0 0 0 0 0 0 0 0 0 0 0 0 0 0 0 0 0 7.2 8 11.6 0.765966 18 -3.2 5.6 2 -2.8 1.99066 3.6 -1.90406 8.60183 19.5137 14.3035
0 0 0 0 0 0 0 0 0 0 0 0 0 0 0 0 0 0 0 6.80086 -3.28417 1.39471 3.01715 2.8 -0.69221 19.0316 -5.6 -3.2 -0.384513 4.91428 3.2 4.48138 -0.711485 0.0305643 -3.35851 0.199159
0 0 0 0 0 0 0 0 0 0 0 0 0 0 0 0 0 0 0 3.6 13.2 2 4.4726 2.0948 1.60957 17.6 -3.20176 -1.6 -0.838735 -2.0987 6 2.24376 2.65469 10.4 -0.4 4.8
0 0 0 0 0 0 0 0 0 0 0 0 0 0 0 0 0 0 0.399989 14.1431 4.4 3.2 5.59991 4.4 -0.4 16.6087 -3.2 -1.6 14.4 -1.6 3.59964 -4 0.24198 19.555 3.2 16.8
0 0 0 0 0 0 0 0 0 0 0 0 0 0 0 0 0 2.2287 14.3024 11.2922 19.9981 1.2 3.48423 7.6 18.8 3.42828 7.49097 2.53769 -0.794211 19.5762 16 2.75919 18 -3.2 5.34609 7.66855
0 0 0 0 0 0 0 0 0 0 0 0 0 0 0 0 0 1.65916 12.0402 1.15918 16.4 19.0368 5.6 12.9812 8 3.6 9.93935 13.5997 -0.4 -1.73169e-07 4.4 3.17011 7.6 -1.2 0 19.6
0 0 0 0 0 0 0 0 0 0 0 0 0 0 0 0 0 2.77105 12.8508 7.82985 5.60741 9.17675 12.2108 4.8 0.399998 -2.8 4.4 -1.70469 -0.293265 -3.6 -1.6 8.79994 -1.56441 0.686658 0.526202 4.42296
0 0 0 0 0 0 0 0 0 0 0 0 0 0 0 0 0 -0.4 14.4646 2.79739 3.2 7.6 8.8 3.19639 -3.84486 14.9375 18 3.3505 -1.6 -0.799999 6 -3.58952 -7.44575e-05 -0.399996 7.2 -2.4
0 0 0 0 0 0 0 0 0 0 0 0 0 0 0 0 0 -3.2 2.4 2.0162 3.73177 6 0.8 3.32911 -0.4 -1.6 -3.95334 -1.40223 0.4 1.5776 0.763503 3.40436 2.56821 2.01646 0.516581 3.2
0 0 0 0 0 0 0 0 0 0 0 0 0 0 0 0 0 6.8 0 1.15527 1.2 2.4 6.8 6.4 0.4 -0.678103 -2.15694 -1.55798 -3.99497 -0.4 12.591 2.4 -1.15149 7.2 -2 3.46609
0 0 0 0 0 0 0 0 0 0 0 0 0 0 0 0 0 0 -1.07245e-10 0 -0.800002 1.14232 1.6 1.6 -2.65478 -5.2 0.253774 -3.64813 -5.2 -19.2003 -1.2 0.28403 -1.2 -2.4 0.590346 4.98226
0 0 0 0 0 0 0 0 0 0 0 0 0 0 0 0 0 0 2.4 -0.604331 1.6 7.78126 6.8 1.6 -2.4 -2.00001 -0.8 -6.4 16 -5.6 1.83839 -1.91828 -1.93526 -0.00999473 -0.8 -1.88349
0 0 0 0 0 0 0 0 0 0 0 0 0 0 0 0 0 0.450632 7.6 -0.400001 17.5687 7.6 2.29916 4.47148 0.276833 1.03945 6.76863 -4.35536 0.726336 19.7552 12.9363 14.3524 4.39999 0.399998 0.0239983 5.6
0 0 0 0 0 0 0 0 0 0 0 0 0 0 0 0 0 4.93376 0 6 12.8 18.8 2.8 4.8 5.8199 1.58465 6.24318e-09 13.982 6.8 -2 2.8 -2.8 -0.00904528 12.5771 10 7.2
0 0 0 0 0 0 0 0 0 0 0 0 0 0 0 0 0 -2.8 3.13577 1.6 5.85616 2 5.41989 5.04723 -1.2 -2.4 7.6 -2.05811 0.788074 -1.38585 2.4 1.3092 5.07703 11.2 -4.36494e-08 2.79993
0 0 0 0 0 0 0 0 0 0 0 0 0 0 0 0 0 2.66923 1.6 -0.979623 3.86954 3.60663 6.8 0 19.2629 19.2938 7.66924 -0.114997 1.2 -1.62877 0.659995 2.44442 5.2 -1.02859 3.25504 1.2
0 0 0 0 0 0 0 0 0 0 0 0 0 0 0 0 0 9.2 0 -6 4.09242 9.2 12.318 9.35569 19.6745 -1.6 1.2 1.6 -2.4 -0.799999 -3.65303 1.2 3.2 5.2 0.118079 1.6
0 0 0 0 0 0 0 0 0 0 0 0 0 0 0 0 0 4 10.4 13.2 0 20.1239 4 6.4 19.6182 -2 9.6 -1.8208 5.2 2.04236 1.54799 11.2 2.8 -0.901835 0.655307 1.18832e-11
0 0 0 0 0 0 0 0 0 0 0 0 0 0 0 0 0 2.85164 2 5.2 2.4 1.51634 7.99998 10.3073 -1.17548 -1.2 -0.381463 0.972223 0.8 1.01412 4.32323 3.77313 2.8 1.6 -0.8 -2.80001
0 0 0 0 0 0 0 0 0 0 0 0 0 0 0 0 0 2.40337 10.4439 -3.6 6.4 5.6 8.67494 7.29046 -1.2 -0.12304 0.186475 6.8 -2.8 0.899 17.2 2.07547 3.6 -2.20058 6.63792 0.4
0 0 0 0 0 0 0 0 0 0 0 0 0 0 0 0 0 -1.6 3.72539 3.2 3.58842 9.2 1.2 6.33622 -2.4 9.6 -0.8 -2.40005 -2.4 -5.6 2.8 7.2 8.4 0.625522 3.6 0.8
0 0 0 0 0 0 0 0 0 0 0 0 0 0 0 0 0 -4.10636 9.6 16.6951 2.80001 5.2 5.5369 2.96859 10.4 0.8 2 -0.709244 -0.0619058 -0.19944 5.6 3.34812 5.6 -1.2 16 4
0 0 0 0 0 0 0 0 0 0 0 0 0 0 0 0 0 -2.98273 6.8 2.01062 13.0834 16.4 7.21799 5.39 -1.61346 7.2 15.6299 1.86781 -2 -3.6 6.4 18.9667 -5.65675e-08 -0.0274803 1.44677 18
0 0 0 0 0 0 0 0 0 0 0 0 0 0 0 0 0 2.39959 3.36064 2 8.75232 6.30188 3.6 1.95362 0.4 -7.53146e-06 7.6 14 -1.77028 2.8 0.8 1.2 3.86342 10.9921 0.8 1.77828
0 0 0 0 0 0 0 0 0 0 0 0 0 0 0 0 0 -0.303766 2 3.2 2.75998 2.46693 4.02492 6 20.4 0 19.3114 18 18.4 -12.1008 12.5222 0 19.5639 20.1069 0 0
0 0 0 0 0 0 0 0 0 0 0 0 0 0 0 0 0 10 2.65636 5.19999 5.2 5.6 6 3.6 0 20.4 -9.16152 17.2 0 19.4533 0 15.6582 19.9999 19.6 0 0
0 0 0 0 0 0 0 0 0 0 0 0 0 0 0 0 0 0 0.602456 2.50497 0.4 10.6901 19.6474 14.2577 2.00005 -2.65879 4.8 1.2 8.8 -3.6 4.92714 -2.8 -1.2 -0.170509 3.29807 1.57661
0 0 0 0 0 0 0 0 0 0 0 0 0 0 0 0 0 0 15.6 1.73987 1.71496 2.20357 19.2 4.4 1.96715 -0.333242 -0.727388 0.144773 -5.91504 -2.8 -0.0328655 16.4 3.05082 1.38388 7.2 8
0 0 0 0 0 0 0 0 0 0 0 0 0 0 0 0 0 0 0 1.71985 -1.63258e-10 1.22206 4.10107 10 3.17542 -2 -1.44733 0.4 1.6 0.4 -0.685578 5.55662 1.61299 1.6 9.3125 15.3497
0 0 0 0 0 0 0 0 0 0 0 0 0 0 0 0 0 0 0 0 19.1852 0.4 13.4689 16.8 9.6 0.4 1.2 -5.00948 12.9834 2.4 11.2 3.49746 12 5.6 6 11.7793
0 0 0 0 0 0 0 0 0 0 0 0 0 0 0 0 0 0 1.90542 7.6 1.00073 18.4 5.6 6.4 18 0 4.98649 6.8 6.4 19.3319 -4.8 -5.2 1.18526 -8.4 -12.8 11.724
0 0 0 0 0 0 0 0 0 0 0 0 0 0 0 0 0 7.76535 11.3957 4.53993 4 6.19729 13.2 7.2 6.14499 20.4 6.4 5.6 12.9357 4.55522 17.2 18 -9.86984 -9.2 -10 0.507279
0 0 0 0 0 0 0 0 0 0 0 0 0 0 0 0 0 -3.02613 2.11068 2.8 3.78758 2.8 9.20529 4.8 -1.6 -2.28726 2.45436 -3.20947 -0.4 13.2 -4.78274 8.00678 -4.35211 0.179347 -1.48741 18.9687
0 0 0 0 0 0 0 0 0 0 0 0 0 0 0 0 0 0.119455 2.09923 2.12071 6.8 18.1461 2.69733 7.2 5.2 3.65546 2.4 -2.1269 15.6 -3.42684 -0.390784 18.8 5.2 16.8 12.4 7.96972
0 0 0 0 0 0 0 0 0 0 0 0 0 0 0 0 0 13.5998 4.83981 2.11949 12.4 4 17.6957 6.08577 -0.185713 -0.322283 -1.16316 6.79999 12.8 4 -2.78316 19.9713 10.4 0.538436 0.8 12.4
0 0 0 0 0 0 0 0 0 0 0 0 0 0 0 0 0 10.8 1.71163 0.121358 11.8561 4.92089 14.4017 3.20427 0.8 -2.77116 0.211969 6.48549 -3.6 -1.44753 -1.07906 1.09443 13.2 -2 -2.8 6.22225
0 0 0 0 0 0 0 0 0 0 0 0 0 0 0 0 0 13.6 -0.00328698 1.93526 5.96033 0.4 16.397 11.2 18.7532 5.99872 2.79978 11.2 4.29611 -3.59991 0.347379 7.76032 1.76646 0 -1.64082 20.3996
0 0 0 0 0 0 0 0 0 0 0 0 0 0 0 0 0 -3.04599 -2.8 2.39987 4.17052 3.6 19.8119 3.29008 19.2 -1.6 -4 18.0105 -1.07179 -1.6 12.4877 2.07242 3.34481 5.06975 15.078 0.157002
0 0 0 0 0 0 0 0 0 0 0 0 0 0 0 0 -0.025567 1.6 6 -2.8 0.8 2.00945 4.6777 5.19049 1.6 -0.627994 -2.49238 13.2 18.9124 0.585899 -0.79968 9.2 -1.37733 9.23454e-07 -1.93348 8.4
0 0 0 0 0 0 0 0 0 0 0 0 0 0 0 0 -3.2 8.15457 20.4 0.4 8 0.448845 9.2 17.2 8.4 3.99808 -1.43757 -3.9245 -1.93853e-08 0.996751 2.83386 -4.4 -0.4 -2 -2.8 0.566634
0 0 0 0 0 0 0 0 0 0 0 0 0 0 0 0 0 16 12.8 15.2 7.2 4.73064 4 5.07759 -0.99917 13.6 20.4 17.6 19.9061 -5.6 -0.347343 0.784211 7.6 7.67409 -7.35982 18
0 0 0 0 0 0 0 0 0 0 0 0 0 0 0 0 10.4407 10.4 15.7973 15.6 4.62704 3.72428 12.8316 18.0483 -1.58436 -2.75209 -2.77003 13.2 16.8678 -4.37067 19.1878 12 4.8 4 4.53177 3.56012
0 0 0 0 0 0 0 0 0 0 0 0 0 0 0 0 0 -0.4 -4.57016 -1.6 -0.681945 6.4 1.9146 13.4627 -8.8 -4.42877 -13.2 -14.8 0 0 17.2 12.0276 18.992 10.3416 -14.8 14.8669
0 0 0 0 0 0 0 0 0 0 0 0 0 0 0 0 0 0.4 15.7595 0.799967 10.4 10.0014 5.38436 2 0 -5.69192 -14.8 -13.2 0 11.6 10.92 11.2192 18 11.1678 0 12.7585
0 0 0 0 0 0 0 0 0 0 0 0 0 0 0 0 0 0 5.00477 10.8676 4.8 4.8 5.2 4.8 9.2 2.40009 -2.4 -2.78119 -5.2 -2.67389 3.97831 16.1722 -0.504094 -3.66347 -2.00085 -1.99356e-10
0 0 0 0 0 0 0 0 0 0 0 0 0 0 0 0 0.745234 19.372 1.2 1.43632 3.2 4.77887 10 14 9.75983 18.3538 -2.8 -3.16899 -5.2 -3.2 17.2 18.4 19.6 -2.40006 3.2 0.677377
0 0 0 0 0 0 0 0 0 0 0 0 0 0 0 0 1.56238 -0.326891 6.82751 16.4 1.2 3.6 4.99434 6.4 -3.6 -4.4 -2.8 3.18248 0.879012 1.40673e-11 20.4 -2.75846 -1.76347 1.09157e-11 7.40409 -3.6
0 0 0 0 0 0 0 0 0 0 0 0 0 0 0 0 -2.4 2.4 2 2.36265 12.0446 20.4 9.2 3.06423 0.8 8.79996 18.8 -3.23012 -0.201426 -0.461707 -1.55515 8.26391 -0.400002 1.517 2.4 -4
0 0 0 0 0 0 0 0 0 0 0 0 0 0 0 0 9.2 0.8 4.00003 6.39956 2 4.4 6.8 4.8 -1.604 -3.2 -4 -3.48999 -2 20.3997 1.60178 -0.8 17.5981 12.2495 16.5461 1.2
0 0 0 0 0 0 0 0 0 0 0 0 0 0 0 0 14.8 6.28417 6.91787 18.8 6.11615 7.10791 10 5.77752 16.7999 -1.6495 -4 -1.6 1.16775 6.17002 14.4 18.8 1.2 7.6 5.045 -1.3501
0 0 0 0 0 0 0 0 0 0 0 0 0 0 0 0 14.8 -8.4 0 0 0 0 0 0 -0.8 -3.40475 13.0169 -4.8 -6.8 -9.2 15.1495 2.8 -6 -0.400001 18.4 3.37631
0 0 0 0 0 0 0 0 0 0 0 0 0 0 0 0 2 12 0 0 0 0 0 0 -3.19107 -2.37158 -6.4 4 -4.49732 8.1803 20.4 -3.76919 -6.8 -1.2 17.2 19.444
0 0 0 0 0 0 0 0 0 0 0 0 0 0 0 0 4.34478 2.01508 3.2 2.40584 10.4492 4.96648 5.2 5.17434 -3.6 -2.00282 0.99082 -6 18.439 -3.43047 19.1786 -4.8 10.8098 10.7744 14.7658 19.2
0 0 0 0 0 0 0 0 0 0 0 0 0 0 0 0 0.148633 4.04086 2.64655 1.2 16.7681 2.4 19.6245 5.6 20.4 19.9293 18.1589 -4.4 -3.05493 -2.4 7.99995 -8.53915e-08 -2.33461 19.3225 -1.6 7.6
0 0 0 0 0 0 0 0 0 0 0 0 0 0 0 0 -3.2 10.2633 1.79047 4.75129 12.8 3.2 4.4 5.64007 15.2 -0.4 -0.4 0.130729 0.4 -2.07493 -0.8 -3.67474e-07 -1.6 11.2341 2.45661 4
0 0 0 0 0 0 0 0 0 0 0 0 0 0 0 0 0 2.92716 16 -1.6 4.38303 6.8 15.0965 7.8596 -0.277715 4.73626 2.4 3.6 2.17828 3.6 5.6 15.1999 2.00764 20 12 1.97344
0 0 0 0 0 0 0 0 0 0 0 0 0 0 0 0 0 3.95992 1.6 18 4.8 16.8821 8.8 6.8 -0.4 2.8 -1.6 -1.6 1.2 1.2 2.96534e-11 5.61147 1.99998 5.59527 9.6 16.0425
0 0 0 0 0 0 0 0 0 0 0 0 0 0 0 0 0 4.4 8.98553 3.2 8.00007 7.63956 3.73495 4.48658 5.6 4.8 0.4 1.58682 3.6 10.4 5.8021 -8.8 4.7234 4 10.7851 15.2
0 0 0 0 0 0 0 0 0 0 0 0 0 0 0 0 0 0 14.5581 3.6 1.83098 12.0665 6.18678 8.37716 0.4 2.74081 0.516796 4 1.80033 0.009881 4.4 -0.614637 4.8 6.4 7.11996 10.8
0 0 0 0 0 0 0 0 0 0 0 0 0 0 0 0 0 0 0 0 15.2 4.29156 -4.84752 1.6 8.14641 4.75513 6.8 3.2 -0.487415 11.2 13.3017 5.66291 5.00044 6.4 7.92048 5.12242
0 0 0 0 0 0 0 0 0 0 0 0 0 0 0 0 0 0 0 0 8.32119 2.8 14 8.62576 7.2373 3.6 4.8 2.4 8.47172 2.8 5.93371 4.8 5.2 5.6 6.8 13.1995
0 0 0 0 0 0 0 0 0 0 0 0 0 0 0 0 0 0 0 0 0 0 10.4961 9.08108 11.5302 5.2 9.75851 6.8 -1.2 3.27924 9.13291 3.52501 4.8 5.57083 7.6 1.2
0 0 0 0 0 0 0 0 0 0 0 0 0 0 0 0 0 0 0 0 0 0 0 4.17923 4.83027 7.82572 15.6 9.9594 0.8 5.39922 9.89103 9.9407 5.04477 3.45001 2.93899 15.0339
0 0 0 0 0 0 0 0 0 0 0 0 0 0 0 0 0 0 0 0 0 0 0 0 0 0 4.19711 1.40056 4.01978 13.1582 18.1116 9.2 11.658 11.3781 20.4 18.4
0 0 0 0 0 0 0 0 0 0 0 0 0 0 0 0 0 0 0 0 0 0 0 0 0 0 0 0 0 0 0 0 0 4.78804 0 0
0 0 0 0 0 0 0 0 0 0 0 0 0 0 0 0 0 0 0 0 0 0 0 0 0 0 0 0 0 0 0 0 0 0 0 0
