8 0 8 64 0 64
0 0 -0.000589209 0.479735 0 0 2.25788 1.72599
0 0 1.22215 5.8 0 0 2.43744 2.32426
0 0 -1.6 3.8 0 0 2.4 2.99483
0 0 -0.760148 2.9522 0 0 0.15632 1.97519
0 0 0.729096 1.58536 0 0 0.440141 1.81327
0 0 1.47655 -1.49247 0 0 2.3 2.4
0 0 -0.971275 1.53608 0 5.29206 2.63966 2.55893
0 0 -2.95765 0.0076262 0 1.84206 3.09807 -0.439547
0 0 -0.9 -0.792497 0 1.15086 -1.10207 -0.785585
0 -4.5 -0.150694 2.80529 -2.37134 2.8 -0.451691 3.03982
-6.77355 -0.2 -0.2 2.49979 2.30251 2.74484 0 2.16415
-4.3 0.338259 -0.99763 2.25494 -0.384206 4.40766 -2.0094 2.94997
0 -2.63057 -1.41126 -0.794389 5.51058 -2.11869 2.79667 0
0 -1.8 -0.511848 3.62771 6.62625 -0.267493 3.7 -1.67446
0 -3.1 -1.49597 1.84507 5.57278 -1.0652 4.63285 2.23124
0 0 -1.5 0.437023 4.51974 2.44035 0.14309 3.58322
-3.19559 0 -1.49627 -1.8044 -1.84592 3.16603 1.41984 -0.856476
-3.416 -1.30034 -2.24498 0.0652234 0.918215 -0.316927 0.58547 -2.47249
-3.94061 2.06847 -0.105873 1.43919 1.53726 2.03707 -0.4 0.513797
0 2.04392 -4.84015 -2.41214 0.284703 1.65466 -0.372197 0.118199
0 4.22177 0.37077 1.40513 -1.00881 3.1727 3.30128 7.13559
0 6.64287 2.54855 -1.84642 -2.98597 0.808395 2.74034 6.03235
0 6.77364 -2.46588 -5.91072 -4.2 1.56588 3.83679 4.57019
0 5.3 0.655195 -1.15654 -5.1 -0.857462 2.21376 6.85807
-1.5 -0.650117 -2.08853 -1.81639 -1.46628 1.14348 -2.59606 -0.350926
0.220926 0.427826 -2.8 0.586043 -3.3 -2.58131 -1.98294 -1.56171
-0.557954 -1.89414 -3.19726 1.68673e-12 -1 -1.24842 -2.3 -1.84272
-0.447267 -0.76385 -3.2324 -0.201383 -2.20387 0.295454 -3.19781 0.711909
0 -1.6254 -1.47591 -0.0439172 -1.4 2.5594 -8.28454 -2.14124
0 8.52607e-10 -0.17474 0.425915 -4.5 1.80414 -9.09002 -0.871136
0 1.69233 -3.09979 0.2 -4.1 0.12261 -6.9983 -2.66194
0 1.28097 -0.18197 2.30498 -4.02967 3.95183 -6.77746 -3.03986
-1.00928 -4.78525 1.30165 -0.374014 4.77719 3.7 1.93585 2.65397
-1.46422 -0.7 0 1.24687 2.16778 4.95 4 5.05425
2.47389 -1.25319 -2.56821 2.76341 3.02597 3.43223 4.3 3.5795
0.343207 0.351394 -4.80037 1.05899 4.41444 4.65357 3.18814 3.86732
0 2.8 -3.06542 -3.81118 4.64195 6.48888 4.23385 2.12862
0 1.7 -4.52855 -5.17817 6.61972 5.8 3.22552 4.45291
0 3.42904 -5.29576 -0.580447 6.52089 6.94664 5.6 -0.359556
0 1.16807 -3.42761 -3.49257 7.63896 7.39776 5.20167 3.50066
-4.78007 -2.83447 2.60145 -0.284283 -3.73018 -3.56269 0.138566 1.6011
-5.2756 -2.47149 0.823392 -0.47642 -4.96926 -3.59179 2.54086 0.248372
-4.51771 2.02008 1.90002 1.02047 -3.57305 -2.4754 -0.48704 2.7291
-3.93362 1.00857 1.68626 2.12297 -2.82256 -1.99154 -2.8533 0.545963
0 4.2 1.37182 0.891274 2.80745 -4.0238 -0.996597 1.64588
0 8.83155 -3.78965 2.38198 4.7279 -2.88763 -0.27967 5.5729
0 5.3 -2.78288 1.9 4.83819 -3.2293 1.3085 2.98059
0 5.5677 -4.16655 3.19856 4.8 -3.03628 0.100363 2.70597
0.476599 -0.39198 0.956235 1.58673 2.20961 -0.0832081 -0.520264 -0.871734
-0.148711 1.2559 4.11052 0.795505 2.29247 1.3061 -1.9547 1.13728
0.767954 1.40669 -1.4 0.0485005 1.75749 4.08342 1.51215 0
-1.75839 1.57079 1.67397 0.745523 4.18373 2.22612 -1.13515 0.395512
0 1 -0.379076 1.14387 -1.78092 0 2.54979 4.33761
0 0.463905 1.08096 0.0092957 -0.578915 1.25584 0.457299 4.30519
0 0.413968 1.9409 0.29471 -3.03893 1.44007 0.2 2.35341
0 -2.1 -0.0930957 -0.5 -0.395656 -1.34217 1.02141 2.65586
-5.30093 1.40962 -1.9229 0 -0.0647858 0 0 2.00036
-8.8 2.49776 0 0 -2.95805 0.0739112 0 1.3
-5.4 0.442197 0 0 -1 2.54276 0 0
-6.89644 0.0433553 0 0 1.84805 0.0996831 0 0
0 1.39268 0 0 -5.93691 -0.0279759 0 0
0 1.00257 0 0 -4.74695 0.504192 0 0
0 0.6 0 0 -5.35574 3 0 0
0 1.7 0 0 -6.56982 0 0 0
