10 0 10 96 0 96
0 0.010415 0.00968528 0.00843403 0 -0.00207515 0.0655871 0.0295198 2.59764e-13 0.656499
0 0.102723 0.00868785 -0.00756802 0.0238535 0.000794172 0.0491445 0.0143009 0.000925366 0.0268217
0 0 0.00216954 0.00708868 0.00367644 0.0652695 0.00291691 0.012041 -0.00393819 0.00296734
0 0 0.00765082 0.0121689 0.000581999 0.000472413 0.01953 0.00260908 -0.0268026 0.00249592
0 0 0.00412778 0 0.000427212 0.0148909 2.00088 0.00744581 3.03714e-10 0.00316788
-0.0342952 0.0319181 -0.1 0.00715464 0.0131646 -0.00248532 0.0207852 0.0207943 0.0125025 0.00205402
0.00288852 0 0.00289155 0.00905564 -0.0818671 0.00319913 0.00960527 0.0182472 7.58776e-12 0.0115912
-0.0207007 0 0.00896526 0.00631305 0.00893033 0 8.99164e-12 -0.0199961 -0.0352284 0.0116146
0.00331746 0.0104776 0.0111216 0.00647118 0.00376033 -0.00508781 0.00338203 0 -0.0330158 0.00899112
0.00550882 0.0137933 -0.00310505 0.00850524 0.00632206 0.0178848 -0.00226402 0 -0.0189045 0.0147022
0.00994152 0.0120271 -0.000185664 0.00892448 0.00136725 -0.0290746 0.1 0 -0.00182117 0
0.00354577 0.0131605 -0.000705072 0.00499298 0.00413077 0.124967 0.0212041 0 0 0.00794909
0.015082 0.0054194 0.00194633 0.00258126 6.72359e-05 0.0806953 0.00610949 0 0 0.0211593
0.0161413 0.0154228 0.00795925 1.87187e-11 0.1 0.0469245 6.2011e-11 0 0 0
0.0275868 0.0150532 0.00123472 0 -0.00223389 0.070106 -0.0181193 0 0 0.0125978
0.0221048 0.0108202 0.00768766 0 0.00690651 0.0305808 0.0791577 0 0 0.18519
0 -0.0103749 -0.00180515 0 0 0.1 -0.0293585 0.1 -0.00753472 0.92391
0 6.89321e-12 1.60927e-13 0 0 0.00829439 -0.00382932 -0.00298056 0.00643702 4.73216e-12
0 -0.0131134 -0.0045132 0 0.1 0.0104299 4.56652e-10 -0.0119739 0.00154787 -0.00133824
0 -0.0172641 5.37695e-12 0.0290189 -0.013339 -0.00368221 0 4.11837e-13 -0.0234718 -0.0153768
0 -0.0380347 0.00244806 -0.0200707 8.07299e-13 -0.00284558 -0.0111864 -0.0210887 0 -0.0111163
0 -0.0156059 0.023369 0.1 0.0421479 0 -0.00303007 5.31492e-13 8.76314e-08 -0.0101257
5.66938e-12 -0.0164013 0 0.0503964 -0.0149765 4.37121e-11 -0.0107782 3.19794e-12 0.0476382 -0.0155733
-0.0429356 -0.0034559 -0.00879004 0.684619 0 -0.00473131 -0.0243734 0 0.0424173 0.0039649
5.04397e-12 4.57967e-15 -0.000985142 0.00466827 0.000236646 0.000250645 -0.0724063 0 0.0252685 0.00956952
1.4356e-12 0.00500413 7.25764e-11 0.00413112 -0.0883719 -0.00148566 0 0 0.0172391 0.0111389
1.75415e-14 -0.0039732 6.38642e-12 1.63758e-15 0.00115842 -0.0132079 0 0 -0.0195102 1.62423e-11
2.35922e-15 -0.00339031 -0.0122504 0.00169145 -0.0455299 -0.034984 -0.00375682 0 0.0211203 -0.0293088
-0.00412566 0.00385454 -0.00393964 0.00246604 -0.0177507 -0.1 0.1 0 -0.0728612 0.00924816
-0.00715642 0 1.2873e-13 3.77689e-09 -0.00522318 0.049624 0.0503742 0 5.76451e-10 0.0340522
3.8464e-12 -0.00270566 4.41476e-10 0.008242 -0.00119931 0.0535893 -0.0177338 0 0 1.29944e-07
0.00685601 0.00429641 0.00643772 0 -0.0126488 -0.0207354 9.0555e-10 0 0 2.25472e-12
0 0.0250423 -0.0189158 -0.00877147 0 -0.0373733 0 0.0571371 0.4 0.1
0 0.0188707 -0.00635236 -0.0180477 0.0236855 -0.0403176 0.089377 0.0223406 0.124801 -0.00739297
0 0.00345577 0.00339669 -0.0149694 0.0121359 -0.0269456 0.0942124 0.1 0.103364 -0.024641
0 0.0256401 -0.00419799 -0.0164156 0.0152557 -0.0502133 0.108336 0.00824615 0.0334838 -0.0335817
0 0.0356987 0.00735933 0.000509982 0.0121277 -0.0328111 0.121457 0.0592713 0.0249758 -0.0107819
0 0.0170946 -0.00797488 0.00347887 0.00162984 -0.0049931 0.0895054 -0.00836193 0.0581711 -0.00856055
0 0.0119237 -0.00486011 -0.00498433 0.00726451 -0.0153631 0.134987 -0.0883649 0.0023705 -0.0426077
-0.0204009 0.0115319 -0.0103124 -0.0146311 0.0152358 0 0.0996808 0 -0.0584236 -0.00295394
-0.1 0.020609 0.00371985 -0.0203296 -0.016101 2.21046e-09 0.0503515 0 -0.0502584 0
-0.000721311 0.0240493 0.00618674 -0.0125696 -0.0237258 0.0043205 0.00756708 0 -0.023571 0
-0.0094071 0.0314115 0.00581491 -0.0102713 -0.022271 0.0214651 -0.0103802 0 -0.0242208 0
-0.016107 0.0218762 0.00424732 -0.0270354 -0.0119606 0.0242145 0.0433027 0 -0.0353248 0
-0.015638 0.0249749 -0.00812126 -0.0130624 -0.0213262 0.0304219 0.0800707 0 -0.0588547 0
-0.00165785 0.0192433 -0.00474808 -0.0185016 -0.0363493 -0.00230448 0.00234311 0 0 0
-0.0210388 0 0.0107313 0 -0.0400402 -0.0113008 0.07254 0 0 0
0.0593402 0.00480673 -0.00848233 0 -0.0316083 0.000597337 0.0437776 0 0 0.0756377
0 -0.011602 -0.035729 -0.0178018 0 0.0114868 0.00245002 0.0650545 0.2 0.137384
0 -0.0103604 -0.0256997 -0.0333685 0.0230282 0.0133393 0.00227286 0.0746404 -0.0272937 -0.00102601
0 0.000980373 -0.000963272 -0.0350494 0.0112446 0.0208678 0.0462713 0.0263383 7.75441e-11 2.72449e-13
0 -0.0212007 0.00346908 0 0.0275725 0.00812607 0.0334915 0 -0.0320102 2.06145e-11
0 -0.0108979 2.65091e-09 -0.0217124 0.00483474 0 0 -0.023417 0 0.00188263
0 -0.0147066 0.00752816 -0.0211976 0 0 0 0.0206231 -0.0210221 -0.0110373
0 -0.0135193 0.00809368 -0.0272143 -0.0121014 0.0196552 0.0312411 -0.0278094 -0.0569911 -0.0153106
0 0 -0.0100487 0 0.0162104 0.0328523 0.0691086 0.000594806 -0.00881526 0
0 0.0147031 0 -0.0135252 -0.00234608 -0.00177456 0 0 0.000150878 -0.0187003
0.00202864 0.0122864 0.0302255 0.00180991 -0.0016823 -0.00139543 0.00449016 0 -0.0320398 0.00115482
-0.0254424 0.0222025 0.0293692 3.24965e-10 -0.0095885 0.0137588 -0.00227032 0 1.07424e-09 -0.042073
-0.0192707 0.0244704 0 0.0164879 -0.00648366 0 -0.0265853 0 -0.00999234 -0.0151604
-0.0185739 0.026725 -0.0155451 0.0168161 -0.0131064 0.00656844 -0.0141775 0 0.0412044 -0.017113
-0.00652388 0.00741275 0.288234 0.0127686 -0.0117477 -0.000352737 -0.0339071 0 0.0597273 -0.0316575
4.54803e-13 0.000689738 -0.0123911 -0.0107296 -0.00323587 -0.00588541 0.00656873 0 0 -0.0152286
0.00169591 -0.00672886 0.0510271 0 0.00562254 -0.00677834 0 0 0 -0.0446142
0 0.0270116 0.00895818 0.00151626 0 0.00117188 0.0113198 -0.0070522 -0.0074419 -0.8
0 0.0205019 0.0156512 -0.00105544 -0.00806963 0.00973596 0.0165282 0.00571776 -0.023169 0.0105549
0 0.0303503 0.0108443 0 -0.0116721 -0.0205736 0.00379159 0.0100232 -0.0214969 0.0222809
0 0.00478631 8.03391e-11 0.00520753 -0.0166177 0.00716002 -0.00252674 0 0 0.0248929
0 0.0355175 0.00019229 0.00686342 -0.0500081 -0.0137154 -0.00804636 -0.0280315 -0.00521423 0.0257841
0 -0.0194843 -0.00203489 0.0230713 0.00133193 9.0931e-09 0.00379246 -0.0207248 0.00459871 0.00390615
0.00983043 0.0244458 -0.00889684 0.00670762 0.0033363 -0.00348045 -0.011309 0 -0.00012138 2.6556e-12
0.0123874 -0.011799 9.62208e-09 0.00203338 -0.0215505 0.00422953 -0.0115242 0 -0.0373474 8.3582e-11
0.015909 0.00151207 -0.00745227 0.0170903 -0.0108231 0 4.25453e-08 0 -0.00777981 0.00476838
0.0142211 0.00266361 -0.00947008 0.0138098 -0.0142246 -6.88044e-10 0.0271418 0 -0.0371746 0.0105179
0.0167129 -0.00520571 -0.00405357 0 0.00871599 0.8 0.0812338 0 1.90958e-12 -0.037169
0.00536441 3.24674e-12 0.00058332 0.00442959 -0.00716984 0.2 0.0641679 0 -0.0241493 2.69146e-11
-0.0158366 0.00587212 0.00659426 -0.00483545 0.0017703 0 0.0390077 0 9.9889e-12 -0.0527014
-0.0143446 -0.00354205 -0.0103333 -0.0203494 -0.0267675 0 0.1 0 0.00490253 0
-0.00422382 0.00634143 8.42419e-10 0 0 0 0 0 0 -0.0039167
-0.0175796 0.0222362 -0.00585115 0 0.00389023 0 0 0 0 0.0250388
0 0.00692982 0.00573467 0.00606965 0 0.0357585 0.0135044 0.0408193 -0.0802721 0
0 0.0137308 0.00216646 0.00415328 0 0.00196366 0.0152275 0.0262002 0.0132386 0.0111716
0 0.0115737 0.00259101 0.00478688 0.0277358 0.00482595 0.28287 0.00753926 5.60078e-11 0.00111898
0 0.0648549 0.0210055 0.00108921 0.0335797 0.0219847 0.0222965 0.0639972 -0.0105725 0.00124823
0 0.0549294 0.00342656 -0.00130883 0.0118438 0.00728634 0.0265214 0.0142886 0.0134655 0.00649323
0 0.0404096 0.003759 2.7589e-14 0.0102801 0.0179721 0.013853 0.0288176 -0.0230182 0.00126903
0 0.0440308 0.00895074 0.00498873 0.0221498 0.0117469 0 0.00517808 -0.00783193 -0.00912377
1.99568e-10 0.0154186 0.015784 0.00767341 0.00307536 0.00832102 0.00470167 3.19301e-10 -0.00564883 0
0.025905 0.0295679 0.0115962 0 0.0461895 0.00899127 -0.0148919 0 -0.00781857 0
0.012025 0.0258355 0 0 0.0282756 0.0107293 0.039379 0 0.00418217 0
0.0333161 0.0152867 0.00312076 0 0.0211925 0.0146107 0.0360244 0 -0.00347961 0
0.00795388 0.0200543 6.9381e-11 0 0.021631 0.0168708 0.0285827 0 0.000730652 0
0.0255344 -0.000329895 -0.00102523 0.00954814 2.9944e-11 0.0105305 0.0572647 0 -9.32681e-05 0
0.00986626 0.0132111 0.00611959 0.00760773 0.0175787 0.0169689 0.0265611 0 -0.0056734 0
5.4956e-15 0.0183946 2.4894e-12 -0.0320198 0.0210315 0.0112017 0.0445932 0 0 0
0.0420767 0.0169349 9.34398e-11 0 0.0245402 0.0133112 0.0525235 0 0 0.00665397
