36 0 36 72 0 72
0 0 0 0 0 0 0 0 0 0 0 0 0 0 0 0 0 0.795329 8.49878 0.448409 0 0 0 0 0 0 0 0 5.6 0 6.6624 4 4.48822 -2.04223 12.4 0
8.99796 0 0 0 -6.33619 0 3.6 -1.51363 2.8394 5.53751 2.43218 3.2559 4 -1.57907 -5.2 -0.489668 -2.6677 -1.03534 0.399999 1.2 -0.4 -1.2 0 0 5.17356 -0.303478 -4.4 -2.02818 -1.6 9.58238 4.68215 -3.2 3.6 -1.13042 6 10.8
-3.68854 10.8705 0 5.16075 11.7229 -3.52777 2.12812 18 14.6297 1.6 8.95053 7.19998 -0.256864 -3.52352 -1.2 0.4 4.28866 2.4331 -3.6 3.2 -2.15765 0.850796 7.40046 -0.4 2.20233 0.8 11.2 -0.8 10.4 2.8 -1.09532 1.80459 6.14305 5.16323 10.4 2.81004
-2.75929 8.57218e-10 -1.2 0.8 -0.434851 -1.81839 12.2829 0.8 5.3571 10.4 13.6466 1.27736 -2.8 -3.55994 -4.8 -1.8115e-10 -1.81362 4.40647 15.4001 12.0556 -5.05384 4.37023 18.4 4 11.8683 0.375559 2.56312 -1.81845 2.93619 10.8803 8 2.8 8.4 1.05451 1.76864 2.45597
-0.713026 -5.2 -5.25267 -4 11.059 -2.94966 0.0811528 1.68847 -1.6 4.4 -0.399998 12.8 -1.2 0.210773 -1.6 0.8 -1.2 5.6 -1.6 0.110906 -0.412443 0.799993 1.2873 4.4 -0.763062 1.2 0.8 6.8 2.4 13.0777 10.9986 17.9937 10.4 17.2 16.8 0
-2.66482 4.86272 -2.97266 -5.2 -2.8 -3.46883 -3.17089 -2.8 -2.07298 -0.516645 6.4 1.43367 -1.47396 -3.74354 -2.22079 -3.6 -2.1902 0.22736 -0.8 -1.81534 9.38324 -0.8 -0.8 0.4 -1.6 -0.8 18.3381 6.4 5.6 2.45101 14.8612 14.2891 20.4 16.533 16.4 14.8
-3.61668 -3.38877 -2.44035 -6.8 -1.6349e-10 -0.8 -2.43008 3.89011 3.34679 4.39938 -0.400002 11.3947 8.4 -0.446575 -2 4 2.8 -2.21614 2.4 3.6 0.151922 0.4 -0.4 0.4 -0.603503 2.2311 -2.08575e-12 1.6 -1.40046 4.4 2.4 2.8 4.8348 2.8 -0.39318 2.94776
8.4 -1.60006 -3.2 -0.4 -2.13585 0.742881 0.60392 3.2 9.99991 4.79999 4.8 5.36739 1.96559 2.56315 -2.14833 7.19146 2.02166 0.4 3.2 5.89993 -2.8 5.58102 4.54304 15.2 1.61073 8.39807 0.361613 15.2 5.70572 16.8981 16 0.564361 1.51344 9.6 7.51743 6.53468
7.54971 -4.27845 -5.09708 -6.84941 -5.59993 -1.32524 3.485 1.2 -0.4 3.2 3.42479 5.69221 10.4 -7.13719 20 20.4 18.4 19.4791 19.6671 18.9736 0 0 0 0 -1.39866 -3.2 1.6 -4.13973 -1.7711e-09 2 1.2 1.6 11.2 3.2 5.6 5.20017
-1.0545 -3.7153 -1.20002 -5.2 -2 1.22982 -2 0.8 -0.8 2.12551 4.95464 0.800002 14.3172 -6.64568 19.3966 18 18.6708 18.9858 19.4823 19.0882 0 0 -1.11568 0 18.6515 11.2776 -4.8 -4.13921 -1.6 -1.2 2 1.6 3.2 3.85586 5.2 3.04781
-0.214246 7.6 -6 -0.8 5.2 2.76638 9.60106 10.8331 15.461 4.73467 2.8 6.15971 -1.27691 -1.53003 -5.2 -3.58995 2.8 0.684493 11.1629 0.425327 -2 1.2 9.6 10.4 11.4397 0.610763 1.60033 10.9674 -1.2 6.8563 2.85766 3.6 0.8 19.4224 6.9802 12.4
-4.40923 -2.76088 7.85909 -1.2 13.4794 2.79999 6.8 -1.7278 12.8 7.6 5.6 9.1981 0.118926 -2.8 8.4 0.783571 -0.41234 18.934 -0.800001 -2.57278e-08 1.31071 14 8.46053 3.6 16 1.2 5.6 19.2 3.14848 2.8 12.8002 0.987911 -0.400001 6.8 9.71645 18.4
-1.2 -0.766363 0.781856 -5.6 -4.4 -4 1.6 2.8 15.6 6.4 1.6 6.34314 -0.572582 -1.2 12.2845 -0.4 -0.4 3.31199 -1.6 13.9062 -2 0.460867 12 3.09849 0.4 0.512646 7.44882 4.85697 -1.9134 -1.6 -1.61897 4.40035 1.6 2.35539 3.2 4.8
4.16908 0.4 -5.12612 -6 1.66708 3.20023 0.8 10 0.8 4 5.16451 2.4 -2.51169 2.39772 0.8 -2.8 -1.98049 2 2.31653 12.8 3.42311 3.2 2.4 8 5.21451 8.8 3.2 6.8 -4.4 0.820793 0.795293 -1.0343 0.4 4 4.07917 1.99999
7.41734 -2.8 -3.4969 -4.5501 -2.97003 -3.6 -0.4 4.57774 9.59497 2.8 0.4 13.6 -1.67359 -2.14207 -1.2 0.40632 1.01758 0.183711 2.77966 3.02461 -1.2 -1.6 2.4 6.4 -5.93724 -2.4 -6 -4.4 -3.54494 -2.8 6.8 2.4 13.6 -2.8 0.968046 4.19447
-4.4 -2.77337 -5.2 -1.96167 -4.4 -4.39121 -2.4 -3.6 5.2 10.8 7.6 1.59998 -3.6764 -2.4 0.155545 -2.4 0.841043 -1.85099 4.36369 4.8 -1.27312e-07 1.09741 13.6 8 -4.8 -6.4 -5.2 -3.99995 -3.2 -2.8 -4.4 -1.10258 -0.61544 2.42105 4.57683 2
-3.36146 -2.89732 15.4021 -2.54906 -3.6 -6 12.416 16.4 13.2 2.78673 20 6.8 0.469368 5.6 -1.52463e-09 0.414342 2.4 -0.8 2.31895 -2.8 -1.2 -2.4 8.4 10.8 -3.22215 -6 -2.29886 -2 -0.478231 2.4 9.2 2.88757 13.8035 -0.54133 5.2 -0.76085
9.6 2.77719 10.7897 -2.4 -1.6 -0.800002 3.80537 17.6 15.9642 18.4 4.40399 6.39416 8.8 7.2 2.41022 -0.0676201 2.4 -0.38035 5.2 16.8 0.305412 4.4 4.8 18.8 6 -3.47541 -0.4 7.44685 4.80507 -0.0750698 7.2 12.7998 -2.37482e-08 19.2 12.4 -2.4
5.15194 -4.4 2.00073 9.08688 -3.2 -5.6 4.8 18.4 9.20019 3.2 9.2 5.39787 0.614353 5.9139 7.41484 -0.8 -0.8 10 12 -1.6 0.8 0.4 6.83755 6.8 -1.72936 -3.6 -4.15719 -6 -0.4 0.4 6.8 3.2411 -4 -0.247168 3.64371 5.45569
-4.4 1.1943 -1.2 16.4396 -1.15927 -4.4 1.48699 3.5772 12.8 4.44782 11.2 7.2 2.8 8 6 0.8 0.333007 3.95522 -1.2 -0.4 2 8 9.48445 -2 8.49174 2.8 -4 -2 0.4 -0.522687 4 2.29257 -6.4 -3.2 2.38874 -1.20002
-1.2 2.4 -0.8 -3.2 -0.8 -0.5175 6 4.03689 3.06559 0.800001 6 4.90344 2 -0.4 10 9.2 3.93651e-10 1.87265 -0.575341 1.6 2 1.6 5.6 9.2 15.1999 -0.8 -4.22355 -3.56182 -4.23843 -4 -1.2 -0.463224 3.28707 2.43327 3.37367 1.21002
4.4 -1.24437 -3.13778 -5.6 -3.43474 -2.8 11.2 0.8 2 2.273 6.8 4.89269 0.323189 -0.351922 6.4 2.30704e-13 2.36106 -1.68281 9.6 0.4 3.6 11.6985 6.4 9.89059 0.407831 2.47762 -3.29425 -6.4 -4 2.7941 2.4 7.39483 3.01591 1.3839 -2.4 5.35632
-0.8 -4.8 8.26287 14.7999 13.6 1.89747 3.6 3.38993 -2.8 -0.800001 5.19999 1.22644 2.8 -0.4 -2.8 -1.91155 -2.68715e-08 18.9897 1.12048e-05 -2 2.37531 -2.8 12.714 8.8 -4.4 -2.8 -1.2 -3.2 -2 12 2.8 2 1.2 -1.2 -0.4 4.8
0.545374 -0.8 -5.2 -1.2 6.54233 -1.93078 -1.34285e-11 -0.965326 -9.12143e-08 -0.8 16.9575 4.13369 -1.55718 4.8 -4.35605 -1.2 12.4 -0.8 12.4 0.4 0.4 2 6.45841 12 1.6 -1.6 -1.6 -3.6 0.418638 0.399999 0.8 0.997668 2.4 -1.6 7.42698 0.409962
-6 4.4 -7.2 -2.03003 -4.4 2.8 1.12043 18.5855 -1.691e-06 0.14077 1.33529 19.5374 1.39661 0.8 20.3756 -1.6 -1.35358 -5.2 -0.180726 1.2 2.66882e-10 1.37304 7.2 3.57332 4.69571 8.8 2 -1.92786 -2 -2.94025 19.9999 0.4 0.8 3.77694 9.37142 11.2
-3.6 -7.6 -4.98376 -6.8 -5.14267 -2 3.2 -0.676093 2.67963 -1.53994 10 10.4 19.6736 2 -3.83766 -4 4.27193 -0.88102 5.27701 -1.58433 6.86507 2.8 1.6 2.8 -0.471477 -2.25785 11.2 3.2128 -0.454907 -0.881876 0.217405 19.9074 6.67481 12 3.2 8.8
5.9706 4.4 -3.24287 -4.4 20 0.41322 1.2 0.8 -1.1744 6.48434 13.6 19.7445 -2 9.59999 -2.40792 1.29724 -1.02599 0.4 1.12437 0.42644 2.77197 1.34151 2 6.8 1.91111 -1.17622 4 -0.4 -2.59649 -0.376812 19.6001 10.8 5.2 2.52733 -1.20893 8.65154
8 9.6 -4.40001 -1.37445 -5.29151 0.4 -0.118336 -5.2 0.399999 4.8 10 0.8 6.36997 15.343 20.4 -3.2 5.3409 -1.2 2.13955 0.705173 1.77975 -0.472477 4.1423 4.86251 -0.0589114 -6 -6.00001 -4.4 -1.6 -3.75542e-08 2.48682 2 16 -0.640096 5.54832 0.620264
-3.60001 -0.0294758 -7.93467 -6.274 -2.15199 4.24018 14 2.8 0.141401 3.38662 14.8 0 -2.32087 0.4 -2.11135 -1.6 1.2 -1.6 10.4 11.5998 16.4 -0.0747376 1.53189 11.235 -0.560221 -3.2 -2.00275 -1.91174 -3.2 -1.6 2.44783 0.361579 -1.87873 -0.4 3.2 7.01648
-5.8105 -3.57543 -3.83954 2.2121 6.4 5.64114 5.6 -1.2 -0.4 -0.217474 0.34187 6.06542 1.31206 18.8 -2 14.8 0.4841 12.8 7.55028 2.8 10.8 7.5137 6.71235 2 0.0718632 -5.60054 -8.00254 2.8 -0.354934 2.93934 0.4 1.6 0.906321 19.6147 10.6347 4.41943
0.4 -1.2 -4.81047 -3.6 4 9.29045 -1.25518 2.4 10.5545 3.34369 2.93533 11.2458 0.740127 3.04061 12 -0.293408 4.82691 -2.59134 4.88469 2.61131 0.581048 11.0755 6.59224 7.2 -0.8 -3.52797 18.8038 -4 11.2 9.59999 19.3955 2.29109 -2.22762 -3.6 -0.00373334 -3.01298
-1.76165 -5.2 -3.38566 -8.1782 -3.2 -0.137439 0.879842 -2.1925 2.25435 4.03701 2.43467 15.0141 0.0465058 2.05079 1.4165 -0.19013 4.16374 6.19803 3.62852 -1.64487 4.4 0.268102 7.63864 8 6.4 -2.8 0.73005 2.8 -2.76575 -2.4 4.4 9.56924 -1.37447 0.4 -0.873594 11.1186
1.2 -4.69585 -5.6 -2.8 -5.19999 -4.50829 -2 0.8 19.6 19.2979 2.4 -0.4 6.8 4.4 -0.505942 -0.829493 0.799999 -0.528834 0.8 6.46911 2.21662 2 3.6421 4.4 -0.105926 -2.76118 17.2 3.99999 -1.93423 3.6 -1.73829 0.543135 1.02071 0.538377 3.5749 8
-0.309566 -4.8 -5.13281 0.353951 0.957948 5.2 15.3823 -1.2 -0.800001 0.639878 2.07107 2.4 4.02536 2.4 -2.4 2 9.44499 -1.12306e-10 -2.8 0.8 14.4 6 4.84142 1.2 2.54863 1.90158 6.75373 4.4 -1.44597 1.07597 -2.07499 -2.38841e-08 3.31487 2.8727 2.40508 4.8
5.6 -6.59388 4.4 -6.36197 7.6 -2.10004 1.68323 8.8 3.51112 -0.588405 -2.8 3.2 0.21753 -1.15164 -4.8 4.15714 -6.04422e-07 6.8 16.3643 19.2109 9.6 0.8 15.5998 6.8 14.8 -0.149833 -2.133 -1.86582 8.92682 -0.0372724 2 2.8 -5.88874 7.41412 1.2 0.937268
1.2 5.8422 -6.37189 6.25257 0.4 -3.6 -1.5968 5.6 2.8 2.8 2.4 -3.2 1.2 -3.2 8.4 -2.4 2.72626 8.98044 5.6 4.4 -1.2 17.1999 1.2 5.6 -0.774615 -0.968155 -5.2 4.8 0.4 1.81793 -2.4 10.1782 2.8 -9.2 0.69985 4.4
-5.6 -1.6 -4.4 -3.96987 -5.2 3.6 2.71385 0.720855 9.57332 4 -0.4 3.2 0 1.7989 -1.78655 -0.74604 6 -3.6 7.2 1.1999 0.844659 19.6245 6.08506 1.33869 4.4 -5.2 -1.11788e-08 -5.2 -1.9183 5.2 1.0384 10.9766 -1.2 1.35559 3.26434 6.38516
3.41187 -0.8 -4.38064 -7.2 -5.09824 -5.2 -1.2 -4.4 2.06372 -0.8 1.07301 4.70458 3.93751 9.2 9.2 1.2 -0.943131 0.462463 2.46573 2.4 -0.109186 1.64083 14.5309 1.1597 -2.64694 2.67065 -2.15941 6.4 -4.80001 -1.4804 1.2 -2.75896 -3.2 0.107456 6.4 0.200101
1.2 -3.39448 -4.4 -2.8 -2.8 -3.46596 0.4 2 -2 0.4 4.4 20.1169 -6.4 -6.4 -0.4 -5.43865 -1.2 -9.6 -1.86702 -3.6 7.23654 -8.15832 -2 4.56017 -0.4 4.41817 -6.40001 -5.2 4.8 -0.8 -3.6 3.1598 0.468324 10.8 3.95834 14
-0.483738 14.2731 -5.2 -0.400006 -4.4 -0.4 1.6 -6.99641e-09 0.4 0.499895 8.7573 4.06473 -2.54227 -4.19463 -4.02793 -4.70377 -6 -2.04256 0.536132 -0.640058 0.4 -2.06201 0.632686 -2.8 4 18.9485 -2.77771 -5.6 -1.6 6.8 4.00004 1.6 2.45769 -0.8 2.62428 4.4
-1.71648 -3.6 -4.00004 -4 8.7935 2.61946e-12 2.8 3.6 14.7824 12.1788 4.09575 4.01736 -0.8 -3.25992 -3.60326 -3.2 5.2 -1.79809 2.02321 -0.763057 1.17853 6 17.4066 5.2 -0.4 -3.2 -6.11398 0.873413 0.0047571 10.4 -2 1.44512 0.552829 1.35938 0.630882 6
6.80004 14.3991 -1.29994 -2.68675 19.8607 5.59999 3.28977 1.9351 8 9.18411 2.95122 2.24592 -3.94101 1.02016 -3.6 -3.95232 2.4 -1.6 -1.2 -1.83893 0.124679 -0.3516 1.63104 -0.177228 -6.8 -4.65302 -2.5363 -0.910142 1.9762 0.669455 15.2001 -0.4 3.2 0.508023 -0.206336 6.19465
2.8 0.4 -5.23473 -4.4 -3.6 -1.6 2.89426 1.71496 2.8 5.50044 -2 2.65853 -2.8 -2.4 -3.99999 -2.8 -1.8159 -0.898227 -0.0494977 4.04153 6.03965 4.4 -3.40653e-09 0.4 1.6 -1.60002 -2.4 -3.91002 3.6 -2.39998 -0.4 12.4 -2 1.2 13.6 6.25075
-3.6 -0.347095 -1.6 -2.8 5.2 2.4 3.6 -2.8 6.26103 4.51104 2.13581 5.99274 1.30874 0.998445 2.8 8.99727 0.4 -0.22113 -0.0731564 0.36325 -1.2 14 3.57697 -0.8 7.6 2 -6 -4.8 -3.6 1.04362 -0.207656 -0.4 -2.4 9.6 3.71362 4
-0.404803 3.7059 -2.8 -3.06225 0.8 -1.2 2.4 2.8 9.2 8 8 11.6 11.6 4.79324 9.6 2.8 5.2 -0.737282 3.95896 -2.81136 -3.69056 4.8 -1.34497 -2 -6.06605 -3.6 -1.2 -6.8 -2 -1.95039 9.6 -3.2 20.3507 -0.4 -0.320851 2
0.8 0.607292 -0.706089 -3.2 0.8 1.2 6 6.40336 8 10.6402 7.2 13.2 -1.33783 -1.86721 4.8 16.4 8.4 -0.685105 -1.90801 -4.3273 -1.00401 9.87774 7.2 7.2 8.57587 0 -4.4 19.4986 -0.792742 3.6 13.6 -0.0385053 1.45799 0.12633 17.8366 7.6
8 -2 -1.6 -4 -0.800001 3.49436 18.4 16.8 1.2 13.9635 15.9567 1.75678 3.99999 4 17.2 11.233 -1.6 -2 2.4 8.79829 2 3.13056 1.07086 -0.753845 -2 -2.8 -0.4 -3.6 -5.2 -5.59999 2.41773 4.8 2.8 1.6 -1.0004e-06 0.8
-2.61904 4.42035 13.4789 -2.3898 8 1.95635 8 -2 8.4 7.6 2.64461 4.4 3.2 0.399999 8.8 -7.8193e-12 4.33396 15.4511 0.321629 -2.68599 10.8 4 1.71313 4.32952 2.8 -4.07974 -5.58517 -5.2 -3.0179 -3.88863 8.4 14.522 -3.14428 6.4 2.8 10.8
-3.6 -5.2 -4 -4.8 -4 -3.8459 -2.75737 2.63107e-11 12.4 -2.8 0.4 5.20623 -3.6 3.65954 7.8826 4.68589 -1.55586 -1.42516 -0.210268 10.2932 0.4 -0.4 1.5397 2.30443 20.3968 15.6 14 17.2 11.6 17.5277 0.522584 -1.2 19.6 -3.66351 -0.960802 20.3982
2.16509 -1.78712 3.22389 -2 2.891 -2.74557 -1.95203 -2.08007 2 2.86755 13.6 0.8 -1.08692 7.2 -1.04853 0.186941 14.4 -0.513754 1.10897 2.37713 1.57515 2.30373 3.04216 4.83119 0 15.5988 16.4 -19.0313 19.4394 12.8 -1.2 -3.21926e-09 -2 -5.07661 -2.18273 -4.8
-12 -7.54296 -11.0318 -8.4 -2.40004 10.8 4 -2.1132 3.12301 2.52927 -2.52791 4.70697 1.2 6.4 -6.8 -4.56245 1.6 -6 1.79325 -1.0031 3.6 -1.05208 1.2 6 11.2 -0.8 6.4 -0.400001 -0.4 -3.72576 1.12562 19.2 5.43157 0.955727 6.4 9.25327
-3.2 -2.79999 -9.20001 -9.77491 0 -9.2 8 5.2 19.5141 12.8 0.4 3.82238 0.435954 -4.4 -0.835614 -4.8 -1.07094 -4 2.60999 10.8 4.4 3.47793 0.8 11.6 -1.27023 -1.4291 -1.6 4.4 -0.8 6.56282 19.6 7.2 -1.71106 7.88553 10.4 -0.00870148
0.8 -1.33426 -4.4 -5.2 0.51177 -2.8 2 -1.2 -0.761288 0.659245 4.70058 4.8 12.8 2.24887e-12 1.2 -0.4 1.2 -0.4 -2 8.4 1.2 -2.4 1.6 2.8 -2 8 -1.94685 7.44282 1.10819 5.84664e-10 1.15812 8.8 13.1843 10.4 2.8 4.4
1.6 -1.87592 -4 -4.00001 -3.33491 -1.60029 -1.9894 7.19931 9.6 0.4 -1.38858 2.66619 15.2 3.2 12 2.40793 -0.4 -2.4 16 14.4 2 4.13948 3.256 14.4 -2.20462 -3.17122 -1.95687 4.4 2 5.0373 13.5901 5.2 17.2 -0.410464 9.84589 2.78614
-5.2 2.9091 -2.2035 -6.21547 2 -4.24066 -0.36932 2.32456 4.8 3.2 6 10.1633 4.4 -0.197063 -2.03504 -1.84855 -5.2 12.9769 -0.0291936 14 -2.8 17.7568 -1.2 11.2 3.26533 13.7685 3.2 -2.52504 15.2 -0.758594 -1.2 1.83838 4 -2.69339 2.90086 0.800001
-4.01627 -4.4 10.41 0.230507 -2.14666 3.2 0.981844 6.4 19.019 13.3448 9.70121 5.18386 4.15758 1.9728 1.25558 -1.08086 12.5868 10.4 -4.53013e-09 2.27576 0.4 18.9798 6.4 1.2 1.2 -1.73107 5.2 -0.8 -0.202021 2.00526 -0.546447 2.16793 2.58945 0.81567 5.89461 2
4.4 1.843 -4.3515 -2 3.6 -0.889453 -0.400009 8.8 5.61391 16 5.2 3.6 -2.21716 -2.02056 -4.97007 -1.60537 -0.8541 -2.8 1.6 1.2 1.2 0.4 -1.2 -1.58695 12.4 12.3259 10.3999 11.2 1.12636 3.99988 2.4136 7.2 12.4 -0.4 3.6 18.4
-1.35381 0.180068 -2.4 -3.2 -0.073393 -1.05184e-09 1.2 6.49469 2 2.8 14.0083 7.04829 2.87401 -0.31931 9.5112 -3.2 4.8 -2.26317 1.2 1.17285 2.4 4.4 5.6 15.0702 2.8 -2.76701 -0.286057 -2.8 2.8 12.3999 3.6 1.99969 15.6 -0.8 15.5438 3.2
0.4 0.399811 -5.6 -2.46651 -0.799987 -3.54452 1.6 0.106035 1.22846 4.29451 6.8 7.55632 -1.6 -3.6 -2.8 -1.60803 -3.07117 5.6 5.6 10.4 1.6 5.6 -0.4 7.2 16.8 6.8 2.4 -5.46853 -1.6 12.8 14.8 0.667081 -1.944 -2 2 11.845
5.27129 11.2 8.83286 -2.40016 -0.4 -0.478971 -2.7059e-11 -1.87709 5.47392 4.4 1.60366 4.05698 5.2 1.2 1.6 3.2 15.0548 12.4 9.93641 1.05003e-06 1.6 19.5955 4.4 2.4 -2.8 2.89132 19.6 20.4 8.91899 8.79818 0.4 12.4 5.6 -0.4 5.1999 1.6
7.19505 -0.8 -3.6 -4.8 -0.937001 -1.2 5.99785 8 -0.8 6.4 2 4.47843 -3.40083 -7.9812 -4.4 -3.6 3.19583 -2 -11.6 -14.2381 20.4 19.5122 4.4 19.733 -0.800001 3.19999 9.51823 -2.8 6.4 3.2 7.46057 2.79999 4.8 0.260342 11.7009 7.57742
15.953 9.4087 2.86476 -3.86514 1.70504 -1.86501 2.92958 4.8 1.2 4.8 5.2 4.81529 -5.2 -3.2 -4 -8 -2 -6.47311 -19.5999 -13.6 20.4 19.5083 19.6066 19.5639 8.8 5.1999 12.4 -4.04517 -1.5854e-14 -2.8 2.34879 19.9999 12.3998 0.8 13.5986 3.2
2 -2.37315 -3.63089 -7.2 -4 1.59996 3.6 1.6 1.33591 0.901758 4 10.8 -1.2 -3.2 -0.993316 -2 -1.15013 0.791522 -1.8543 0.962449 -1.6 17.2 2.8 4.65338 -1.2 -6 19.2 -3.2 -2.8 -1.08939 11.2 14.3943 4.91486 3.2 0.912734 15.6
-1.99999 -2.4 -7.2 -1.6 -0.8 -2 7.2 3.94236 8.4 12.8 7.33331 7.2 -4.4 -0.8 -4.4 -3.2 -2.83083 2.8 -0.8 0.8 1.2 2 15.2 3.6 -1.6 2.8 3.36357 -4.8 -0.789902 -0.4 4 -0.4 -0.8 -5.22582e-12 16.2143 14.3991
-2.4 1.34765 1.77098 2.05168 -2 8.21817 0.799997 8.39999 8.7238 -2.3634 12.4 5.83261e-09 -0.394335 -0.703646 3.2 2.97113 3.87158 -3.90367e-08 1.88548 12 -3.59917 1.1898 2.88861 4.18273 -2.20661 -4.62841 6 -0.800001 6.8 -0.056143 -1.4338 5.2 1.2 12.4 1.2 1.6
18.7376 -4.67078 -5.82823 1.6 4.4 -1.01147 0.551707 2 11.9642 0.106428 2 1.99641 5.6 2.96822 2.49314 -3.89942 -4 1.8185 3.2 0.996207 4 6.8 3.6 4.88739 17.5858 10.8 6.8 -0.800001 2.07759 15.9557 2.4 5.51688 16 16.4 5.31965 15.6
1.6 -1.2 -3.58315 -3.2 1.99997 3.2 6.05482e-12 -2.71458 -0.982217 13.4055 16.0952 2.4 -3.6 -2.4 -1.14241 -0.000114207 0.8 -0.719032 5.42446 0.4 3.2 1.77719 0.4 7.2 12.8 -4.4 0.148686 -0.823285 -2.92133 0.4 0.967656 5.21538 12.4 9.19987 6.8 19.4866
10.3951 1.28568 -2.38421 -3.2 -1.41029 0.8 -1.50725 7.16717 -0.4 7.6 4.8 2.4 -0.335801 -0.519451 -1.2 -2 -1.76783 2.8 3.49233 10.8 -2 5.6 4.4 15.6943 -3.2 -3.85723 -2.8 -1.2 -1.2 0.4 3.2 8.4 3.58123 1.32048 7.65729 19.2
9.2473 -1.6 0.373157 -2 -2.4 -3.2 1.31853 0.399993 7.25567 4.39999 4.00001 7.47955 -2.59863e-06 -2 -0.4 -0.11205 6.8 11.3339 -0.4 3.6 2.23609 5.21761 9.2 -0.8 10 5.18548 0.849242 -1.6 -5.44833 1.02975 1.6 2.55808 2 -0.97429 8 3.2
-2.4 2.45904 -8.76462 -4.74013 -1.81452 1.30199 3.6 5.55746 4.79999 4.78291 2.8 14.4 -2.4 -2.8 4.3985 -1.6 12 2 2.50036 2.4 2 4 6.16448 8.57411 2.4 6.87553 1.2 -4.30506 -0.4 3.90945 1.2 -1.6 -1.2 3.2 7.20929 10.4
0 0 0 0 0 1.80796 0 0 9.95481 11.2674 0 0 0.462561 3.22869 -1.84068 4.8 3.27586 0.212581 6.4 5.2 13.2 -2.90203e-07 -0.799997 1.6 -2.26433 -2.66265 4.35843 6.8 -1.01041 -0.345817 5.56337 11.0724 7.6 3.6 6.4 12
0 0 0 0 0 0 0 0 0 0 0 0 0 0 0 0 0 0 12.4 9.21873 0 0 0 0 0 0.316885 16.5383 5.00595 5.13086 18.8607 17.3011 0.8 8.22583 10.8 19.257 14
