48 0 48 97 0 97
13.135 0 0 0 0 0 -9.32267 -11.3669 -9.72185 0 -11.1923 -9.10759 -0.456269 -0.746523 -0.8 -0.394597 -0.327135 -1.06971 0 -1.02699 0.148269 -2.14556 -0.753919 -1.28445 0.367004 0.116907 -2.39958 -0.62916 -1.68379 -0.8 0.589513 0.243758 0.8 0.110864 -0.238384 7.29762e-10 -0.774896 0.889523 -0.264146 0.0679536 1.24155 0.0981138 -4.5493 -2.4 -3.44791 -1.48665 -4.52702 -2.50943
0 0 0 0 0 0 -12 -12.7159 -14.4 -9.63903 -14.4 -10.0196 -2.11062 -1.43296 -4.8 -1.8319 -1.12571 -0.933826 -0.626559 -1.0937 -0.160453 -0.76321 -1.12461 -1.95917 0.0823504 -0.430179 2.09437e-11 0.0259757 0.280923 -0.886121 0.8 0.390796 0.440166 -0.0588493 -0.8 0.0828671 0.871882 -0.665154 0.472397 -1.71262 -0.31105 0.131905 -2.4 -3.09214 -8.87421 -4 -4.06349 -3.13208
-3.2 -2.04927 -1.73175 -1.93651 -2.37888 -3.03657 -4 -3.24057 -3.71136 -4 -1.74795 -3.0067 -1.55391 -1.81641 -1.6 -1.70409 -0.470688 0 -0.638012 -0.422949 -1.6 -4 -2.016 -1.25407 -0.529795 0.04314 -0.651412 -1.36396 -1.78424 -2.01139 -1.00746 -1.5123 -0.8 -3.70677 -0.679379 -0.8 0.0726006 -1.16335 -0.309581 0.315808 0.326488 0.0296551 -0.781278 0.689332 8.4055e-12 0.16288 0.159469 0.8
-2.17951 -2.87534 -2.84644 -4.35479 -4.71457 -2.32193 -3.92161 -3.60862 -4.9176 -2.94904 -2.34851 -2.68917 -1.78603 -1.6 -0.993089 -1.47393 -1.72634 0 -1.6 -2.02829 -0.336089 -1.622 -0.921933 -1.62673 0.0119808 -0.695169 -1.01424 0.224428 -0.795897 -0.812454 1.23985 -0.541453 -0.8 -0.220967 -0.349321 -0.582634 5.83267e-11 -0.76132 -2.4 -0.8 -0.319354 0.0414072 1.22936 0.845774 -0.78462 0.368724 0.778993 0.47737
-2.20093 -1.73142 -2.21136 -2.32107 -2.87266 -2.11205 -3.49771 -4.19573 -2.11999 -2.4 -3.39638 -2.38188 -0.8 -1.1828 -0.439839 -1.93879 -1.32128 -2.1857 -3.12553 -2.22596 -1.18024 -2.07762 -1.71465 -0.8 0.8 0.37322 1.08974 0.904587 0.455687 0.149645 -0.242695 0.471265 0.603003 2.78307e-10 0.234077 -1.20925 3.84778 0.404441 2.5528 -1.39492 9.42346 2.90522 0 0.370927 0.0678963 0.472464 2.233e-10 0.370926
-2.07498 -1.67832 -2.46924 -1.6 -3.19665 -2.0498 -3.70608 -2.10296 -2.92555 -2.92273 -2.64394 -2.06177 -1.43203 -1.30231 -1.4174 -2.13562 -2.03938 -1.92279 -1.6 -1.20044 -1.30756 -1.84177 -1.41716 -0.674099 0.839693 0.128825 0.423831 0.522735 0.8 0.0537822 -0.453301 0.352298 0.8 1.02861 1.54062 0.885111 4.46867 1.30903 2.13328 2.16896 5.54124 3.20205 0.993577 -0.678515 -0.180572 0.23417 0.223455 2.21083e-08
-3.2 -3.07266 -1.16345 -1.5031 -1.35595 -3.2 -2.19694 -8 -1.16378 -2.07407 -0.460213 -2.0736 -0.8 0.358746 -2.02468 -1.01626 -1.60284 -1.21499 -1.53509 -5.15367 -1.6 -1.51442 -1.56208 -1.88591 -0.722822 -4.8 -0.794629 -0.883777 -1.55526 -1.02414 -2.43696 -1.6 -1.0619 -4.77351 -1.6 -1.15413 0.153434 0.306579 0.0783336 2.06065 -1.6 -1.6 -0.382684 -0.128505 -0.10735 -0.096321 -0.39731 -0.341187
-5.6 -1.6 -1.01952 -2.21492 -7.2 -0.928045 -1.96388 -1.24287 -1.42256 -1.48791 -1.71337 -1.25371 -1.41209 -1.33238 -2.31463 -1.31355 0.111367 -0.996371 -2.00211 -2.33295 -1.98921 -2.27353 -1.19639 -0.829076 -0.790335 -4.68034 -0.61958 0 -1.39445 -1.51869 0.932253 -1.3543 -1.73319 0 -1.44134 -0.8 0.968056 1.96259 2.89595 3.29466 -0.126689 -0.54925 -0.635701 -0.197587 0.123951 -0.561613 0.451219 0.517966
0.0581086 -1.6 3.10781e-10 -3.18075 -0.661322 -1.2355 0.539562 -2.22955 -0.467409 -1.25604 -2.10663 1.12792e-09 -0.242088 -0.683262 -0.990013 -1.29445 -1.6 -0.0779747 -0.500326 -0.525282 -0.358747 -1.6 -0.8 -1.33982 0.613171 -0.498751 -0.409621 0.334588 -0.471046 -0.720745 0.169268 -0.169482 -0.8 0.496496 -0.513394 -0.51454 0.327322 0.304038 -0.249835 0 0.929543 -0.352372 -0.493843 0.705946 0.261399 1.54232e-12 0.819875 0.14411
-1.12254 -1.37073 -1.47749 -3.15294 -0.886154 -1.35707 -1.18474 -0.637493 -1.59935 0.0389677 0.305968 -1.60704 0.144698 -0.0539386 -0.551336 -0.636998 -0.427606 -0.631985 -1.25744 -0.609436 0.0263035 -0.115443 0.356747 0.0567095 2.57737e-06 0.204471 0.435319 0.357399 -1.27593 -0.972965 -0.667043 -0.308792 0.076617 -0.40648 -0.0577802 -0.785826 0.137134 0.444746 0.512966 0.564197 0.463955 -1.17794 0.789497 0.830089 -0.512342 0.900813 0.655854 0.95817
0.227971 -0.589362 1.04381 0.151108 0.174844 0.423785 -0.439942 -0.193421 -0.533565 -0.458109 0.328014 0.391273 0 0 0 0 0 0 4.02701 1.88784 9.14081 -18.7148 2.66968 1.52133 0.349182 0.203226 0.161043 -0.0823849 -0.354269 -0.625751 -1.6 0.160792 -0.366072 4.93117e-10 0.327584 0 0.699442 -0.63511 0.23783 0.21362 -0.194283 0.139678 0.863531 1.26322 0.134767 0.430716 0.881599 0.758187
-0.366369 1.06987 0.0818159 -0.444602 0.152277 -1.2261 8.33628e-10 0.153093 2.74836e-08 -0.307646 0.322735 -0.0699584 0 0 0 0 0 0 7.27699 4.52068 14.0577 0 2.24008 2.02648 0.086259 -0.577436 -1.05242 0.137613 1.04268e-09 0.0394202 0.18199 0.529311 0.291089 -0.516729 1.05724 -0.367833 0.151997 0.975495 0.732596 1.04095 0.410538 0.641184 1.0933 0.849789 0.510745 0.336572 1.6 0.510816
0.417487 1.27213e-09 2.24003e-11 1.17798 0.982241 0.203368 -0.44283 -1.90603 0.8 0.0406603 0.108707 8.54642e-10 9.96019 12.6042 8.28623 9.6 12.502 9.97323 -6.20567 -4 -5.7351 -4.28746 -4.20919 -5.6 -0.494508 0.127579 -0.0475591 0.0898296 -0.235472 -0.881221 3.60585e-09 -0.344353 -0.837201 -1.78813 -0.485427 0.227771 -1.62763 -0.773695 -0.53528 -0.496208 -0.911131 -0.281629 -0.187043 -0.909285 0.00708241 -0.8 0.837025 -0.8
1.19472 1.11635e-09 1.05709 0.383629 0.621885 1.66143 0.319613 1.4114 1.03854 1.0628 0.443617 1.4511 15.8697 14.3621 11.3175 10.0311 12.0248 12.1257 -3.45893 -3.66057 -3.53391 -5.14476 -6.61413 -4.42703 -1.45139 -0.365932 0.622905 0.330837 -0.772638 0.030259 -0.212761 -1.30045 0 0.146173 -0.8 -0.522232 1.6 -1.1032 -0.155004 -0.236315 -2.31456 -1.49132 -0.707303 -1.34797 -0.717736 0.0881909 -0.0776285 -0.333646
0.112831 0.0422622 0.278513 -3.74649 -2.0749 0.731478 3.19033e-09 2.04487 -1.31904 0.234676 0.105694 0.542954 -0.77644 -0.294102 -1.00142 -1.32281 -0.8 -1.6 -0.8 -0.946 -0.629429 -0.934871 3.22711e-09 -0.290083 0.800997 0.196425 1.07688 0.375783 0.889677 0.986391 1.08992e-09 0.67713 0.0434608 0.330324 6.54441 0.714712 -0.470604 -0.752707 -2.15837 -0.978482 -3.59701 -2.2534 -1.37248 -1.06878 -1.926 -0.764431 -0.796518 -0.70089
0.373989 0.324832 7.20633e-10 0.435961 -0.468629 -0.434868 -0.501331 2.00062e-13 0.0802561 -0.8 0.588213 -0.541189 -0.8 -1.65166 -0.687487 -0.892352 0 -2.6044 -3.2 -0.797189 -0.686523 -0.337862 -0.233893 -0.653262 0 1.26056 1.06097 -2.03615 0.308369 0.375848 0.644462 0.869116 1.05656 1.04125 0.692314 0.624307 0 -0.982511 -0.960329 -1.29542 -1.11157 0.0708215 -1.42828 -1.90374 -2.30067 -2.04988 -1.51571 -0.368845
0.0932921 1.67823e-10 0.0106336 2.07854 0.129947 0.0618252 -1.57281 0.0770315 0.392383 0.049997 0.121832 0.518954 -0.478063 -0.69644 -0.632337 -1.21529 -0.452294 -0.525925 -2.01302 -1.67192 -0.976342 0.0653336 -0.41736 -0.282094 -0.776543 -0.4775 7.19798e-09 0.0630411 2.16569e-11 0.365073 3.2 0.0696499 -0.631449 -0.520889 0.727493 2.30989e-11 0.221774 -0.301656 0.0350395 -0.288041 -0.14156 -1.16388 0.173111 -0.833791 0.448086 0.761054 1.09555 0.248314
0.282877 0.104905 1.00269e-11 0.22225 -0.8 -0.150782 -0.692728 -0.651616 -0.430078 0.198479 0.836381 -3.62485 -0.770165 -0.711121 -1.06194 -0.607657 -0.8 -0.919066 -0.679815 -0.768909 -0.611901 -0.49028 -0.747458 -1.30016 -0.495524 -0.254358 0.0461347 0.194606 -0.174796 0.0961499 0.481845 -0.188709 0.287527 0.403634 2.14435 0.719396 -0.427824 0.679866 2.10505e-11 -0.716174 -0.777223 -0.8 0.121648 -0.247534 1.32289 -0.0120706 1.16408 -0.330595
0.546649 0.1163 0.655667 0.8 0.518555 1.04117 1.65001e-11 0.805379 -0.43271 -0.0865024 8.40894e-10 -0.870568 0.000119469 -0.768473 0.258755 -1.27161 0.826042 0.17229 2.92952e-10 1.7232e-09 -0.395387 -1.21481 -2.4 2.41578e-11 1.56706e-10 -0.519092 -1.62738 -0.0600081 1.50106 0.0215227 -0.332487 9.4682e-10 0.302061 -0.8 0.281812 -1.37712 -0.364291 -0.141966 0.260979 -0.335318 -0.820936 -0.752252 -0.276259 -0.865549 -0.548838 0.0324105 -0.371953 -0.708574
0.552506 -0.25379 0.251706 0.94315 1.6 -3.2 -0.1468 0.340746 0.273232 -0.68868 0.28322 -0.8 -1.03699 0.242642 -0.110714 0.178798 0.0990427 0.072403 0.0687676 4.16072e-09 0.223604 -0.988317 -1.21779 0 -0.349314 0.221248 0.132305 -0.444742 -0.578241 -0.8 -0.763937 1.15539e-11 0.205276 -1.0198 0.201858 2.89075 -0.311406 -0.224658 -1.00992 -1.22097 0.106308 -0.876527 -0.510217 -0.437097 -0.140799 0 0.743216 0
0.41702 0.497577 -0.483893 0.2873 -1.04634 3.5083e-14 -0.48308 -0.248628 -1.5067 -0.544559 -1.67551 -0.571788 -0.59349 -0.163743 -3.08239 -0.787332 -0.0162052 0.0223884 -0.914946 -0.504959 -1.56036 -0.218212 -0.178647 0.0149261 0.973779 -0.0729856 -0.282931 -1.28943 8.80316e-11 1.90471e-08 0.594958 -1.17874 -0.735326 -0.215432 0.566012 0.8 -0.4311 0.192007 -0.1308 -0.8 -0.320994 7.80481e-09 -0.75803 -0.8 -0.753665 -0.581039 -0.350635 -0.29388
0.394193 0.535918 1.02154e-11 -0.354757 -2.21473 2.72327e-10 0.0962228 -1.84803 -2.14225 -0.145412 0.250954 -0.8 -0.188627 -1.54374 -0.633873 -0.0238769 -0.307744 0.0384128 -0.253316 0.106131 6.98774e-13 -0.260477 -0.211663 2.33917e-11 -0.293253 0.300335 -0.290465 0.0829224 -0.784105 0.8 0.453161 0.23003 0.53066 1.54563 0.760153 0.298226 0.293363 -0.571188 -0.130514 0.637059 -0.87341 -1.08593 0.184531 -0.372378 0.403641 -0.717909 0.340933 -0.510527
0.8 1.22527 -0.448669 0.423686 -0.226927 0.8 0.0559303 1.02528 0.622687 -0.652116 -0.42408 -0.656678 0.573029 0.440458 -0.582317 -1.86682 -3.62716 0.22751 0 0 0.709388 0 0 0 0.166305 -0.067583 -0.528569 0.193375 0.356916 0.382578 0.408889 0.0662401 0.152405 2.03802e-09 0.280127 1.84643e-10 -0.327172 0.313228 -0.713819 -0.270691 -1.49635 0.32316 -0.180199 0.000218082 -0.220599 -0.255624 -0.253329 3.52607e-13
-0.317596 0.803787 0.618461 0.8 0.745481 0.522443 0.232172 0.0401679 1.00461 -0.524749 0.0616504 0.809884 -0.0498533 0.332398 -0.761601 -1.64273 -0.143137 0.0819794 0 0 0 0.114582 0 0.812524 0.418889 -0.0354252 0.913218 0.230244 0.156648 0.404898 0.292002 -3.63348 0.383895 -0.192364 0.124409 0.266043 -0.664172 -0.236017 -1.34925 0.328821 -0.405396 0.322882 -0.409812 0.137374 -0.195246 -0.826347 -0.881643 -0.563635
0.5396 1.72105 1.06729 0.827286 -0.8 -0.507125 -0.181025 0.147644 3.47134e-09 0.957289 -0.626891 -0.435974 0.456427 0.8 0.361707 0.151985 0.247243 0.284222 0.086427 0.120842 3.48284e-11 -0.318679 2.12367e-06 -0.8 0.497342 0.8 0.589792 -1.68199 0.242217 -0.8 -0.503341 0.187237 3.89804e-11 0.424209 -0.448948 0.0121907 0.334274 0.572501 -0.657094 0.677712 1.19198e-11 -0.385514 0.1552 0.67452 0.416245 0.471146 1.4769 1.02684
1.39966 0.8 0.610016 0.625044 0.0205758 0.334481 0.89285 0.8 0.866471 0.84812 1.19012 0.589213 0.456462 0.652201 0.431544 -0.8 0.0982504 0.453323 0.193572 1.15282 0.516694 1.38517 1.15099 -1.32833 -0.871004 0.0564491 -0.697783 0.971835 0.607718 0.398994 -0.8 4.23328e-10 0.280436 0.575768 0.469312 0.65681 0.403628 0.483717 0.591912 0.373182 -0.0556779 0.458204 -0.102496 -0.8 0.8 -0.0734637 0.75797 1.08516
1.11601 0.351903 0.416336 0.487464 0.8 0.374593 0.8 -0.720655 0.904326 0.997475 0.0222814 -0.341762 0.974507 0.93509 0.411768 0.405711 0.158032 0.67197 -0.327588 0.10392 0.309631 0.0689245 1.01436 1.20841 0.829344 1.27662 0.946215 -8.50477 0.391124 0.449649 -0.193322 -1.6 0.294618 0.83784 0.523525 0.40651 0.8 0.532461 0.403127 0.8 0.00519001 0.208841 0.00609336 0.407 0.707118 -0.872729 0.8 1.00873
-1.07302 0.545151 0.701801 0.520237 0.396582 -0.0460156 -0.263408 0.8 -0.231946 1.02447 0.8 0.0344239 1.17864 -0.7108 0.927068 1.06506 0.40363 9.39271e-12 0.370445 0.926716 0.869354 0.638865 0.193573 1.32334 1.48817 1.41377 0.205293 0 2.41308e-05 1.01068 0.0243452 1.24194 -8.8 8.91928e-10 0.96624 0.868159 1.15392 0.400923 1.00081 -0.227442 0.150209 5.5087e-12 0.47565 0.447694 0.639673 0.887381 0.947217 1.14959
0.813117 0.352089 0.266401 0.119083 2.5564e-11 -0.290399 -1.30638 -0.502779 0.846301 0.482949 1.00581 0.2423 0.134636 1.06086 0.66935 0.102126 0.879082 1.14107 0.329264 0.480238 0.600189 0.172915 1.31065 0.770841 0.8 1.0954 0.33085 0.387463 0.038611 0.744138 0.0839061 0.8 0.188873 -0.0301189 9.24179e-10 0.668829 0.512303 1.24445 0.515525 0.270484 0.64897 0.236757 0.213812 0.0357541 0.930167 0.276509 0.945398 1.49307
-1.87722 1.03656 -0.693048 0.883536 -0.486808 0.8 0.937818 4.0322e-11 0.624721 0.8 0.8 0.372223 0.91375 0.320141 0.3495 0.8 0.625339 0.442225 -0.8 0.80002 0.854087 0.127355 0.938654 0.977742 0.61386 -0.220218 0.0420551 -1.95695 0.912177 1.1292 0.169071 0.48697 0.455338 0.197615 0.927275 -0.474841 0.0414293 0.669556 0.8 0.8 -0.286601 0.681494 0.986375 0.666441 0.464761 0.89239 2.68052 1.16885
0.377104 0.48724 0.189677 0.8 -1.21251 0.142231 0.566154 0.0532345 0 -0.29453 -0.540228 8.92619e-14 0 0 0 0 1.37073 1.73755 0.0766867 0.105045 1.22283 0.533959 1.08846 0.350817 0.453105 0.390156 -0.799881 0.184904 0.103511 -1.075 0.166187 -0.342915 0.206756 0.303647 0.609906 0.800726 -0.18261 -1.40127 -0.00686805 -0.679146 -0.325241 -0.543683 5.10848 3.49189 11.449 8.79135 6.4 6.53908
0.997919 1.32043 0.800375 0.414333 0.536823 0.643403 0.465144 0.539558 4.57157 0.132587 6.02205 0.796569 0 0 0 0 0.506362 1.07177 0.576129 -0.487866 0.292278 0.798023 0.8 1.24312 -2.39729 0.294911 -0.516998 -0.368977 0.110778 -0.468771 0.519273 0.4962 0.347623 0.376478 1.16819 0.750798 -1.28522 -1.07635 -0.264406 -1.07124 0.682774 -0.352516 6.93023 -4.22112 9.67937 7.4974 6.4 7.48365
-2.95607 -1.10907 0.356409 2.48833 0.210489 -0.0388189 0.548596 0.531638 -0.455974 2.38905e-10 0.657676 0.8 0.546747 0.414608 -0.71504 0 0.0149421 0.8 0.102064 0.173738 0.601396 0.516835 0.889121 0.918185 0.407279 -0.414661 -0.303373 -0.304755 0.298618 0.454315 -0.841035 0.364599 0.446051 0.513161 0.357869 0.542827 -0.766364 0.203477 -0.8 0.316218 -1.10062 0.355971 -0.271573 0.8 0.571026 0.750477 0.340567 0.82176
-3.73881 0.473394 1.34316 0.646067 0.379215 0.434704 0.502903 0.452399 -2.75571 0.690107 0.01617 0.261965 1.16318 0.155547 1.1774 0.465779 0.8 0.860988 -0.042538 0.94305 1.9411 1.40225 0.276202 0.866184 0.8 0.0157353 0.477578 0.291123 5.63878e-11 0.231745 -0.406753 1.4854e-10 0.71095 -4.39247 0.818788 0.833053 0.830224 0.278631 0.747023 0.8 0.497978 0.0822725 3.18048e-10 0.159419 -0.576658 1.05588 0.803199 1.13137
-6.48294 3.24629e-13 0.441731 -1.08668 -0.8 0.424579 0.187773 -0.0663509 -0.660274 0.498313 0.0139325 -5.32631 1.01871 -0.395701 0.327624 0.161552 0.986396 0.219699 -2.00376 0.514104 0.177433 -0.547692 0.800144 0.674609 0.32657 0.992262 -1.24636 0.0259578 0.252734 -0.289144 6.42442e-12 0.264286 0.631626 0.154827 0.131871 0.743716 0.700661 0.801028 0.724849 -1.17616 5.68684e-10 0.518676 8.44017e-10 0.250074 0.807692 0.598308 0.0205414 0.28119
0.0985092 -0.8 0.288422 -0.191605 -0.671532 0.0839051 7.95026e-11 -0.483224 0.233113 0.330068 1.37186 0.445686 0.207375 -0.164979 0.391223 -0.464157 -0.660982 -0.462797 1.07336 0.751808 0.377004 0.123953 0.979977 0.16342 0.8 0.126987 0.306121 0.0585728 0.0945735 -1.02757 0.217681 0.259638 0.807908 0.370224 2.34808e-11 -0.265861 0.366854 0.327877 0.0896978 -0.637725 0.535308 5.72655e-11 -0.296595 0.229695 0.0167167 -1.89465 0.0896258 0.156362
0.8 -0.267141 0.268862 0.222041 0.298199 1.44329e-14 2.26317e-11 0.435186 -0.688377 0.690184 0.399983 0.353264 3.68903e-11 0.301986 0.461997 0.423437 0.178814 0.152561 -0.662615 -0.679474 0.135925 -0.138058 0.8 0.452936 -0.25541 -0.528319 -0.503857 -0.183543 -0.659367 -0.974075 -0.843226 0.326926 1.57003e-08 0.239479 0 1.19904e-14 0.8 0.969127 0.131811 -0.454953 0.248172 0.334922 0.355778 0.508068 0.922656 0.8 0.998844 1.24441
0.387378 0.935581 0.139967 -1.21828 0.0030146 -0.157645 -0.319567 5.00044e-12 -0.34963 1.10518 -0.716984 0.887548 0.0706784 0.403762 0.363148 0.169767 0.145631 0.45752 0.619939 0.187095 0.620605 0.91499 1.00379 0.653217 2.49319e-10 0.150406 -1.5898 0.12848 -0.42639 0.184194 0.352941 -1.24739 0.559811 0.0201645 0.633898 0 0.37608 0.715811 0.953916 0.119441 0.33673 0.661079 0.8 0.534215 0.772657 0.8 0.965816 0.710529
3.08777e-10 0.0257913 0.10924 4.29279e-12 0 0 0.0683598 0.522208 -2.11149 -2.4 -0.456254 -1.89286 0.186609 0.930208 0.314615 1.07686 0.686423 0.196343 -0.8 0.178915 0.568585 0.270019 0.20328 0.649816 0.464021 -0.276723 0.169888 3.19988e-12 -3.20034 -2.36601 3.9968e-15 0 0.512324 0.0767565 0.343007 0.8 0.931817 0.652002 0.397147 -0.136742 0.565213 0.560461 0.47505 -0.507458 0.800221 -1.08928 0.63719 1.39662
0.912756 -0.564286 0.504032 -1.26182 0 0 0.542282 0.586061 -1.56887 -1.19465 -2.22688 0 0.163938 0.505709 0.546471 0.487419 -7.2 0.360053 0.111626 0.373136 0.646289 0.0608462 0.471714 0.00128182 7.01552e-09 -1.04501 -0.353392 0.34199 0.192467 -0.8 -1.6 -3.14064 -0.317103 -0.423607 0.729444 0.696139 0.398994 0.624583 0.739759 0.597684 0.503585 0.607931 0.75455 0.58686 0.901074 0.661665 0.88761 0.90875
-0.415487 0.359312 0.0174548 1.93987e-09 -0.228962 1.66705e-09 0.0125486 0.448011 3.75655e-12 0.31767 -1.7218 -0.626903 0.617051 0.528073 0.61732 0.576205 -0.323428 5.82867e-12 3.65663e-12 0.495658 0.379361 8.15714e-11 0.511472 -7.65397 0.321847 0.976602 0.796951 0.350844 0.212282 0.168578 -1.09851 -2.27398 0.071728 0.576358 0.955108 0.856106 0.437785 0.848762 0.754731 0.910568 0.854333 0.459272 0.553429 0.525504 0.417216 0.8 0.8 1.06705
0.575018 -2.86998 -0.135724 0.685704 0.224199 0.133587 1.62093e-14 0.126033 0.539675 2.1759 -3.91255 1.11737 0.274638 0.196328 0.411876 0.422372 0.110105 0.59559 0.333503 0.466392 0.8 -0.166105 0.243394 0.675688 3.4698e-11 -0.202372 0.488716 0.295651 0.501766 -0.278832 0.8 0.593385 0.58333 0.574314 0.8 0.97466 0.561544 0.596636 0.77395 0.8 0.6609 2.43223 0.333245 0.678173 1.15406 0.716207 0.554182 1.3835
0.349901 -0.305451 0.107563 0.539247 -0.590199 -2.80197 5.19702e-11 0.172657 -0.8 0.417484 0.380634 0 0.181389 0.850584 0.878709 0.8 0.264976 -0.421436 0.240115 0.592791 0.8 0.162931 0.586119 0.816097 0.241572 0.320658 -0.0475844 0.167136 0.277114 0.303557 0.464665 0.149687 0.168667 -0.693214 0.714225 0.63766 0.8 0.8 0.557771 0.888885 0.543818 0.843305 0.30033 0.247873 1.52884 1.60387 1.4455 1.6
0.8 0.379387 0.108232 0.434008 -0.400035 3.60911e-09 0.719886 0.467669 0.0901259 0.482086 0.229078 0.479937 0 0.601361 0.6623 0.41901 -0.8 0.0977391 4.89386e-12 0.666744 1.05046 1.07017 1.14744 0.201378 0.323373 -0.305698 0.363683 0.473797 0.910077 0.506039 0.240374 0.224399 -0.8 0.382191 0.346877 0.8 1.05261 0.504056 0.8 1.20489 0.4641 0.366809 0.149389 0.406261 1.87301 1.39582 1.91818 1.53819
0.544835 0.0615047 0.429269 0.716952 0.679584 -0.498773 0.805097 0.380543 0.921506 -0.125693 0.962916 -0.403093 0.61273 0.938239 0.927444 0.31796 0.8 0.0876785 -0.632431 0.8 0.500047 0.13172 1.06147 1.38293 0.999193 0.547777 -0.8 -0.47559 0.444494 0.024722 0.400012 0.193401 0.758673 2.57789e-11 0.243774 -0.0696091 0.8 0.635085 0.54983 0.397084 0.288569 0.577908 0.0732018 0.0887886 1.4008 2.11282 2.27551 0.854818
0 0.243805 -0.694097 -0.8 0.886959 0.575441 0.390595 1.36778 0.426002 -4.06724 0.394518 0.772834 -0.0955639 0.420294 0.626135 5.20028e-13 0.49276 0.082764 1.02874 0.284735 0 0.626563 1.1096 0.8 0.287309 0.94789 0 0.636212 0.43637 0.349055 -0.202487 0.177505 0.773043 0.263351 0.859443 0.0212576 0.337702 0.339905 0.309813 -3.55286 0.37611 0.356875 0.48649 0.229064 2.05662 0.909198 2.37571 1.34885
1.25069e-11 1.14415 0.589885 0.577406 0.38829 1.00824 0.8 0.465401 0.757037 -0.236294 0 0.219007 -4.48515 0.159514 0.493743 0 0.228849 0.438949 0.36431 -0.031831 0.690063 -0.479805 0.478511 0.728165 0.8 1.2115 0.269035 2.91824e-11 0.50159 0.463149 0.388189 0 5.20893e-09 0.350009 1.25897 0.545423 0.963517 0.604966 1.25902 0.827117 0.214104 0.658923 0.066801 0.93433 2.0025 1.91064 0.595992 2.4
0.963723 0.8 0.743673 0.889496 0.803198 0.408677 0.934935 1.18331 1.0244 1.06716 -0.672981 0.982303 0.0288773 1.06041 0.474414 0.692396 1.66144 0.989268 0.428256 0.643309 0.915461 0.356585 0.629987 0.247927 0.859607 -1.99764 -0.330611 0.498283 -0.248373 0.0913424 1.6 0.424218 0.265303 0.206001 0.425983 1.1631e-09 0.367518 -0.789713 1.1561 0.143471 0.500937 0.427178 0.405614 0.659135 2.57889 0 3.39144 2.16494
0.402235 0.322368 0.33351 0.112682 0.204331 0.244332 0.293459 0.963891 -1.54188 -0.275483 0.739988 0.0295869 -2.31068 -0.598008 0.358308 3.31816 -3.37804 -4.99176 7.2 7.81294 5.6 0 9.2908 9.03287 0.226877 0.645791 0.416971 0.301352 0.433742 0.348202 0.134824 0.515744 0.452292 0.394465 -0.181618 0.886803 0.455084 1.60022 0.114458 -0.108358 -0.0918825 -0.243324 0.303984 0.508431 0.198733 -0.505626 0.468626 1.05726
0.454918 0.371484 1.41868e-10 0.532807 -0.679577 0.148846 0.349415 -0.522438 -0.302222 1.29056 0.285047 0.548493 1.8019 0.935565 0.129447 -1.37718 -2.6835 -0.8 5.35263 8.43079 7.79483 8.19 10.1741 8.9775 0.182785 -1.6439 0.392249 0.435452 0.283109 5.14997e-11 0.729736 0.613531 0.246511 0.518799 0.883282 0.541441 0.45115 0.218153 0.150033 0.0600401 0.570978 0.361807 0.429463 0.577866 0.606409 0.283917 0.0114962 0.808682
0 0.171387 0.814415 0.043488 0.100221 -1.17987 -0.445373 0.0799114 0.5211 -0.47445 -0.567625 -0.241506 0.219967 0.189492 0.629275 -0.546407 -0.982424 0.317237 0.422012 0.273841 0.352457 -0.0962614 0.359758 1.158e-08 -0.353566 0.296432 0.200759 0.913464 -8.8 0.501817 0.602111 0.471245 0.225593 0.8 0.8 0.651804 0.232295 0.433753 0.245514 0.192976 0.415666 -1.6 0.484544 -1.77137 0.579293 0.8 0.250276 0.980385
7.6141e-10 -0.134381 -0.199711 1.00415 0.491802 -0.666365 0.583976 0.300796 4.7141e-11 0.368275 0.23522 6.09759e-10 0.155223 0.4577 0.146985 0.43557 0.431576 0.217367 -0.45571 3.18434e-12 0.119842 0.305344 0.524461 0.400293 0.400696 0.42036 0.359704 0.449188 0.1809 0.544622 1.16301 1.98864 0.554368 0.95538 0.305885 0.751699 0.858971 0.805686 0.367654 -0.0778201 0.707892 -1.47454 0.274996 -0.310094 0.503751 0.767956 0.8 0.981756
-4.8 -6.2021 -8.35085 -8.64071 -5.17134 -6.75476 -1.40332 -0.649448 0.0193477 -0.911421 -0.975421 0.416583 -0.632996 0.000765266 0.0237241 0.806376 0.391534 0.35778 0.8 0.217293 0.656869 0.486453 0.8 1.01288 0.817695 0.389632 0.208681 -0.58101 0.279196 0.475539 0.204761 -0.8 0.115784 0.0230352 0.820985 0.142487 0.366154 0.171486 2.98266e-10 0.0201366 0.0825035 -0.499807 -0.646889 1.24789e-13 0.192931 -0.183578 1.11237 0.500798
-1.6 -5.69101 -9.02897 -6.04435 -9.93145 -5.18443 0.266993 1.12728 -2.26629 -1.88754 0.602608 -0.62531 -1.45593 0.264921 0.771246 0.359975 0.363842 0.459915 0.660803 -0.542175 0.808335 0.8 1.14677 0.912982 0.371125 0.237679 0.102941 0.674684 0.27261 0.0812892 -0.347904 0.717534 0.0843327 -0.437521 0.0524102 0.270496 0.544131 -0.202754 0.0434388 0.327471 0.901603 -0.286321 -0.248315 -0.412866 -1.68896 4.17181e-09 -0.411002 0.556698
0.437697 1.08274 0.255389 -0.133661 -6.39443 -1.6 0.263165 -1.45535 -1.22707 -0.614623 0.144703 0.49593 0.757174 -1.80204 2.16618 0.209509 0.789413 0.595641 0.0689577 0.871982 1.06988 0.848766 1.12464 0.942546 0.879048 -0.473252 0.617863 0.480305 0.569415 0.57306 0.982686 0.821726 0.0794462 0.137275 0.518128 0.800069 -0.314627 -2.02838 0.337871 -0.00271293 0.176745 -0.551986 0.605895 0.110524 -0.237899 0.8 0.91585 0.8
1.8341 0.167 0.193733 -0.361772 -0.791118 -1.6 13.6 0.729474 -0.8 9.99763 -0.860906 0.63989 1.25598 0.843449 0.151573 0.37696 -0.218053 0.860723 0.0335649 -0.0768908 1.05935 0.814581 0.939109 0.8 0.837543 0.136087 0.481223 0.52161 0.0657501 0.919616 0.942051 0.8 1.02011 0.8 0.416876 0.534093 0.0785426 -2.10178 -1.6 -0.0372501 0.110212 1.67466e-12 0.403057 0.206263 0.938428 0.528943 0.8 0.494715
-0.494269 0.510999 -0.412474 1.36107e-09 -3.16064 -1.38827 0.0287151 -0.193251 -0.335773 -0.632849 -0.28025 -0.722549 0.8 0.562817 0.8 0.221078 -2.24946 0.540621 0.944702 -0.247421 0.498499 0.701492 0.912636 0.8 0.432808 -0.188472 -0.320268 0.314846 0.40199 0.228627 0.207173 1.13545 0.0257135 0.0447891 0.433798 0.30604 -0.783976 -0.136564 -7.37566 -1.03623 7.14762e-13 -0.965837 0.400513 -0.523934 0.495739 -0.0892822 2.57504e-09 0.84216
1.6 -1.45389 0.129149 0.572522 -1.27683 -0.552056 -0.442232 -0.58916 -1.54091 -2.00869 -0.587708 0.892258 0.969004 0.27858 -0.351538 0.761641 -1.2128 0.149167 0.574362 0.302844 0.703795 0.315863 1.08126 0.8 0.472645 0.427781 0.422484 0.598202 1.39552 0.578101 0.0615913 3.25264e-09 0.139256 0.481849 0.254614 -0.686783 -0.352639 9.6086e-11 -0.420485 -0.8 -0.175681 -0.170982 0.421729 0.123646 0.12049 0.33879 -0.400116 0.8
0.47281 -1.21719 -0.241806 0.0610784 7.3437e-11 1.8793 -0.210007 -0.287439 0.119206 -0.372839 -1.3289 0.43635 -0.667412 0.834477 9.90363e-12 0.448517 -0.465166 0.8 0.427504 -0.00512649 0.874143 0.323014 0.244747 0.804264 -0.315668 -0.141643 3.85176 -1.92849 -0.232287 0.8 0.638232 0.87552 0.608432 0.440507 -0.217174 0.8 0.18542 0.151162 0.521144 0.918343 0.522716 0.0165007 0.407025 -0.62193 0.627803 0.388122 1.03482 -0.471096
-0.341159 1.31231 0.225243 0.117966 -1.85791 -2.18383 -0.8 -1.1831 -1.8028 -0.205177 -0.0574 0.657304 0.423672 0.681569 0.556881 0.0137322 1.21747 -0.344962 0.0761253 0.644144 0.128252 0.477486 0.526949 0.8 -3.87575 -0.580913 -7.63176 1.09437 2.4 2.95304 0.83589 0.435432 8.90732e-12 0.8 4.86011e-12 1.36352 0.539212 0.103621 0.194946 0.857143 0.381426 2.11084e-10 2.56379e-06 0.197036 0.556305 1.4425 0.640821 1.20726
0.604979 0.507457 -0.499381 -0.8 -2.4 -0.372322 1.6 0.41673 0.908991 -0.208091 0.695812 1.40892 -0.8 0.15003 -0.995526 0.497255 0.296798 0.183789 1.02319 0.625927 0.645098 0.0113029 0.384086 0.474976 0.936537 0.486349 -2.4 -0.174444 -0.137787 0.251301 0.244956 0.137009 0.275638 0.8 0.820701 0.530492 -0.177332 -0.0609631 -0.37817 0.0862476 -0.10793 -0.289728 0.0155063 -0.736051 0.237676 0.0448128 -0.635319 -0.159496
0.8 -0.678442 -1.671 0.0385161 -6.46946 -0.538989 0.0968117 -2.98653 -6.67271 0.240856 0.515326 -4.43447 0.402905 0.419574 -0.716364 -0.863122 0.118525 -0.536055 0.212707 0.0087005 0.4599 -0.113799 7.90079e-12 -0.427141 -0.612497 0.59198 0.446535 1.26546 0.14073 0.461318 0.335541 0.202114 0.460372 0.195937 0.446004 0.194759 0.138435 -0.216606 -0.444382 -0.338905 0.180921 -0.203252 -0.261708 -0.187756 0.383858 -0.27949 -0.127477 -0.506045
0.663894 0 1.04567 1.8794 0 0.575025 -0.315649 0.0818839 0.8 0.402194 1.34009 1.10494 -0.462726 0.180029 -0.30929 6.03187 0.185112 0.188119 -0.290146 -0.8 0.8 -0.406223 0.240038 0.277231 -0.375014 0.231774 0.421797 -0.223617 0.21464 0.171761 0.23901 0.345195 0.474151 0.0957367 0.891564 0.0764399 0.0487292 0.384931 0.265773 0 0 0.139481 -2.26509 0.207111 2.79224e-09 0.69319 -0.547957 0.567185
0.681118 0.586864 1.22928 -1.17492 -0.580662 -0.254557 0.0114852 0.447092 0.159341 0.379285 0.0552364 0.268028 0.0246159 -0.779275 -1.41525 -0.542956 0.291358 0.239099 0.0235422 0.533456 -0.183125 0.226018 0.22178 2.64201 0.445736 0.351747 0.561749 0.37648 0.601505 0.434871 0.107571 0.36402 0.123311 0.345551 0.8 0.935928 0.31072 0.252355 0.349825 -0.334194 -0.124137 0.103119 -0.255202 -0.166449 0.378751 0.794934 6.88128e-10 1.50604
0.542109 0.8 0.598316 0.505665 -0.184032 -0.278828 -0.528694 -1.18711 0.439591 0.562908 0.934372 0.371236 1.21814e-12 0.111283 0.364748 -0.553859 4.22154e-10 0.106844 0.33328 -0.231806 0.490956 0.42142 4.51016 -1.10887 0.370812 0.509544 0.152752 -0.8 -0.500214 0.210583 0.0817077 6.39115e-11 -1.55966 -0.0998923 0.13078 0.434048 -0.455642 -0.439691 -0.100765 -0.458805 -0.980591 0.141383 -0.8 -0.0737598 0.152707 0.185213 -0.22092 0.757457
0.0944651 -1.13989 0.643983 -8.18056 0.141797 -0.602731 0.211125 0.596272 0.255568 0.245307 0.916577 0.207036 0.282414 0.153661 0.372794 0 0.0323382 -0.29647 -0.0752018 0.303023 0.255564 -0.100384 2.70921 0.330359 0.207568 -0.8 8.14926e-12 0.259921 0.299067 1.74483e-12 -0.244571 0.248767 -1.11882 -0.360469 0.42978 -0.248828 0.0619044 -0.366413 -0.508027 0.120851 0.494776 -0.387873 -0.202834 -0.122729 -0.329804 -0.38202 0.179827 0.657486
0.540429 -0.657564 -0.8 0.0264952 0.217172 -0.8 0.331201 0.19721 0.64865 -0.306846 2.16646e-10 0.20692 0.186591 0.251959 0.211395 -0.92199 -0.8 -1.29221 -0.183257 0.0222674 -0.531024 -0.735844 0.0724334 0.729546 0.190875 0.140798 0.753699 -0.276915 -0.711475 -1.59941 -0.18927 -1.82531 -0.4465 0.314695 -0.488329 0.145683 -0.775429 -0.354906 -0.666238 -0.508273 -5.18032 -0.658595 -0.275862 -1.02353 -0.252308 -0.508218 0.127681 -0.297328
-0.8 -1.28719 -2.53547 -1.19408 -1.47825 0.212636 -2.10076 0.467896 0.466102 0.522266 0.755699 0.8 -1.27211 0.21871 -0.0543533 0.14122 -2.30558 0.00540146 0.174412 -0.692061 1.65676e-11 0.417634 -0.172902 0.146751 1.17579e-11 -0.539413 0.0914725 0.804552 -0.84987 -2.11396 -0.210349 0.759763 -2.84419 -1.40168 -0.998161 -1.27851 -0.847231 -0.262411 -0.732901 -0.8903 -0.787634 2.93614 -1.07093 -0.665133 -0.19553 -1.01917 -0.460395 0.161984
0.800908 0.497538 -1.29925 0.832151 0.0136394 0.369712 1.26017 -1.02722 0.131833 1.42201 -0.771786 0.135634 0.413994 0.478069 -0.00659515 0.418312 -1.18512 1.12418 0.483981 0.313581 -0.418511 2.5496e-09 0.8 0.989922 -0.495229 0.352998 0.330979 0.295705 -0.248694 -0.670794 5.0915e-11 3.4682e-10 0.424602 0.268804 0.239506 0.0870108 0.259538 0.431434 -0.341541 -2.27389 -0.593146 0 0.0314066 -1.26312 0.132089 -0.353607 0.160125 0.0553845
-1.23206 -1.26648 -1.04009 -0.000770144 -0.145131 -0.339914 0.230681 -0.376582 1.10188 1.11723 0.795812 0.257788 0.737114 0.8 0.167884 -0.0781882 -0.262852 -1.28205 -0.789734 0.102264 0.352803 0.0899864 0.456799 0.358652 0.416948 4.30588 0.227574 0 0.51336 0.57005 0.360566 0.124862 -0.209692 0.233259 1.09711 -1.44983 0.573759 0 -0.161558 -1.08304 0 -0.799999 -0.680168 -0.560242 -0.266951 -0.568724 -0.210417 -1.59761
-0.411603 1.72444e-11 -0.961273 -0.0999451 -0.8 -2.98806 -1.14757 0.131354 -0.233522 -1.6 -0.499424 0.398849 -4 0.207569 0.143068 -0.563671 -0.641105 -1.04087 -0.516166 0.884535 -1.64244 -0.605737 0.626904 0.132853 0.220912 -0.4217 -1.02109 0.063692 -0.397344 2.61715e-10 0.40399 0.149311 0.0995734 0.0807353 0.418624 0.151368 -0.711282 -0.441801 0.2516 -0.84252 -1.12461 -0.533419 -1.26283 -1.63626 8.68093e-09 -0.446463 -0.286324 -0.378887
-0.244214 -1.6 1.56719e-12 -0.8 -0.8 -3.27369 -1.3192 -1.4063 -1.72015 -0.389794 0.372449 1.45726 0.224097 0.27289 0.0265224 0.434956 0.799409 0.517285 1.30629e-12 -0.560344 -4 0.134221 -0.458611 0.0518063 -0.324008 0.192901 0.0206684 -0.263155 0.0501399 1.50745e-09 0.530589 -0.208792 -0.0480288 0.0201749 -0.746987 0.377878 -0.56543 0.219962 2.20061e-10 0.547033 -0.370475 -0.370976 -1.87194 -1.74169 0.122664 -0.202265 1.59013e-08 0.266529
0.348274 -1.57934 0.255048 0.210189 0.106109 8.38206e-09 -0.217195 0.331564 -0.757463 0.46016 0.341202 0.8 0 12.0954 4 2.4 5.35439 3.2 -0.351986 1.17908e-11 0.0239764 -0.34587 0.437723 -0.012619 0.312676 0.00109409 0.00554137 -0.497356 0.296775 0.00517692 0.347155 -0.986638 0.449998 0.381692 0.419375 0.417749 0 0 0 0 0 0 0.042946 0.281305 0.341569 0.0157045 0.8 0
6.9722e-14 0.165796 -0.142133 2.84198 -1.8019 -1.17552 0.16008 0 2.70213 0.466488 0.0367225 -0.8 3.34473 4 3.60262 3.2112 0 3.3616 -0.255597 1.25315e-08 -0.8 0.474466 0.8 0.827945 0.493813 -0.333381 -0.8 0.220506 0.304205 0.0771688 -0.763561 -0.257169 -8 -0.0656614 1.54543e-13 1.86762e-12 0 0 0 0 0 0 0.340011 0.349973 -4.91548 -1.2684 0.538278 -12.8
7.61374 0.458716 0.574267 0.194972 -1.55162 -0.412003 -0.370837 1.12279 0.331206 0.494268 0.581486 0.732743 -0.21264 -0.44695 -2.70053 -0.231116 0.39242 -0.00540657 0.665894 0.628881 -0 0.182493 0.988805 0.802507 0.0019729 0.371748 -0.0651799 -0.8 0.00851911 -1.6 0.196213 -0.346032 0.326315 -0.258081 0.2861 0.392088 -9.57353 -0.5888 -0.56902 -1.35271 0.131047 -0.948817 -0.409134 -0.67468 1.61435 -0.630962 0.139216 1.60807
-8.36909 -2.14503 1.75233 0.573014 -0.8 -1.1825 0.387092 0.0573982 0.126782 -0.396169 0.313395 1.89835 -0.8 1.57867 0.268779 0.147775 -0.624858 0.130648 0.216091 0.290181 1.00032e-10 -0.339619 0.041875 0.646295 0.127371 -0.138972 0.341378 -0.687203 -0.458073 -0.193044 2.35477e-10 0.0921491 0.0338576 9.79686e-10 0.22628 0.0375364 -0.450663 0.221776 -0.8 -0.279259 -1.42759 -1.17776 -0.689183 -0.568066 -2.50965 -0.971666 0.146243 0.667961
0.21005 0.17923 -0.795436 -1.92613 -0.776523 -0.124926 -0.752511 0.0715521 2.82143 0.8 1.04705 -0.742121 -0.278837 0.000404052 -0.299587 -0.507228 0.812408 -2.22944 0.712751 0.631269 1.26962 0.8 0.584479 0.907267 -0.338167 0.247078 -0.208028 7.62657e-10 -0.209638 0.214426 0.8 -0.428044 0.8 -0.8 0.402578 0.307843 -0.124412 1.51997 -1.29452 -0.201097 -0.446646 0.834391 0.0431736 -0.590091 0.32743 -0.275365 0.511378 -1.03932
-0.575408 -0.620244 -0.880864 0.529539 -3.08053 0.269359 0.296777 -0.0568699 0.317758 -0.522045 0.412209 0.630119 -0.286178 0.420945 -0.337186 0.42457 0.106044 0.231661 1.17753 0.0644073 0.8 1.79293 0.597521 0.828551 -0.5733 -0.46664 -0.639494 -0.796802 -0.460609 -1.43867 -0.290327 -0.241974 0.0818462 -0.616052 -0.361625 0.0310101 -0.271677 -0.8 -0.535282 0.690426 -0.0322582 -0.461362 0 -0.102005 -0.482729 -0.38504 0.21852 -0.8
-0.8 1.95795 -2.13145 -0.8 -0.475739 -0.796485 -1.55243 0.16266 -1.2594 -0.0831989 8.12017e-12 -0.731014 4.83985e-09 1.44267e-10 0.0241514 -0.121155 -0.436998 -0.627547 -0.690429 -0.376619 6.48904e-10 -0.176104 0.330552 -0.725155 -15.7679 -17.6 -13.7216 -12.2079 -14.081 -12.4689 1.26698 1.9703 -2.4 -3.2 -1.6 1.7472 -0.640142 0.191786 -0.259509 -0.438675 0.541855 -0.329809 9.91809 7.59758 9.36779 8.87178 10.2937 2.91329
0.463851 -1.32193 -2.1216 -2.10528 -0.447039 -1.6 -1.52129 0.358525 -0.674743 -0.8 0.268913 0.566742 0.59551 -0.321825 0.0835069 -0.253048 0 -0.0274989 -0.580478 -1.21508 -0.439963 -0.30713 -0.305043 4.53603e-09 -10.6997 -14.0067 -13.4059 -12 -16.2809 -11.6441 0.248875 0.898321 -0.85928 -2.16013 0.8 -0.589502 -0.376414 -2.67496 -0.547043 -0.376012 -0.8 -0.084555 0 7.23485 9.43793 9.32058 9.9889 9.65551
-0.8 -3.2 1.20361e-10 -0.557978 0.0778812 -0.694205 -0.400395 0.320341 -0.27333 0.12289 3.96838e-12 1.28075 -1.48316 -0.8 -0.488973 0.117438 0.0370152 -0.527796 0 -0.378516 -0.8 -0.186585 -0.0783293 -0.535747 -0.994698 0.12836 -0.478019 0.40389 -1.14771 3.88178e-12 -1.6 -2.4 0.00252528 0.0951113 0.277042 -0.717679 1.11744 -0.744215 -3.21792 -2.6995 -0.00454217 -0.110278 -0.201131 0.187487 0.042293 1.46612 1.22711 0.254034
-1.03089 -0.075607 -2.9393 -0.8 0.400285 0.227193 0.304695 0.347578 1.21296 -0.636034 0.350666 0.106981 -0.149509 -0.183786 -1.93701 0.032475 -0.214198 -0.427117 0.181376 -0.612186 -2.70813 -1.31425 -1.48076 -1.98581 -0.647104 -0.300048 7.5806e-11 1.11473e-10 -1.20629 2.61831e-11 -1.26796 0.547689 -0.278871 -0.321558 0.394714 2.17841e-11 0.147569 -0.253406 -0.426125 0.557967 1.00075 0.659333 0.357261 0.133485 0.886397 8.54337e-10 -0.396326 0.432955
-0.450351 -0.8 -2.02634 1.28869e-10 -0.37636 0.100756 0.465762 -0.186661 0.291065 -0.060184 0.18751 -0.636521 -0.200465 0.0930992 8.36708e-12 -0.401603 -1.11709 1.37157e-12 -0.624308 -2.4 -0.8 -0.8 -2.29901 -2.7214 -0.449748 0.45971 0.861833 0.141444 -0.556141 0.632172 -1.12183 -0.8 -0.437823 -1.55021 -0.0841012 -0.49924 -0.8 -1.30456 0.225974 -0.749969 -0.8 -1.31488 -0.416904 0.0766372 -0.302277 -0.656687 0.141416 -0.535654
-1.10764 1.53651e-10 -1.98989 -0.8 0.53891 0.0741365 0.171596 -1.6 -0.303856 -0.106418 -0.762415 0.376431 -0.278124 -1.14647 -0.478564 -0.8 -1.98411 -0.770127 -0.48862 -0.460227 -1.47096 -0.592357 -0.8 -0.262512 0.836925 2.69492 0.429518 0.35333 2.87528 1.18221e-11 -0.331566 -0.287828 -0.38446 -0.325549 6.77348e-10 -0.8 -0.958476 -0.8 -0.783287 -1.12212 -1.09382 -0.799963 -1.9582 -0.974023 -0.6762 -0.471959 -0.8 -0.775975
-1.40569 -3.15399 0.127704 0.103395 -1.95232 0.257838 -6.70058 -6.5288 -9.4116 -8.36802 -6.15513 -6.51509 -1.55556 -1.31193 -0.41806 -0.659164 -0.8 -1.6 3.40628e-09 0.302675 0.445998 -1.54031 0.21041 -0.500046 -2.24836 -0.367926 -0.8 -0.8 -0.406791 -0.8 -0.407896 -0.656654 -0.8 -0.8 0.113579 -0.556992 -0.786675 -0.713898 -1.6 -0.770121 -1.6 -0.967307 -0.265038 0.110032 -0.0681265 -0.0762238 -0.951874 -0.46572
-1.25751 -0.796283 -2.04972 0 7.02993e-13 -3.94662 -8.59816 -7.81083 -8.8 -9.0437 -7.58865 -6.4 -2.15746 -0.968115 -0.524279 -0.714181 -0.371786 -0.0914598 -0.554595 -0.204152 -2.26275 -0.941536 -1.99383 -1.99902 0.131423 -1.6 -0.482082 -0.592696 -1.47251 -0.8 -2.16818 -0.8 1.16061 1.62014e-10 0.654236 0.465928 -0.740394 -0.8 -0.63198 -0.759713 -0.373323 -0.734388 -1.24104 -0.370195 3.15663e-10 -0.332663 0.125137 -0.235346
-0.22567 -0.328382 -0.763013 -1.6 1.79266e-09 -1.41135 -1.89061 -2.8436 -3.29958 -0.8 1.48038e-10 -0.618844 -0.446788 1.18572e-12 2.06501e-13 0.238962 -0.677603 -0.561831 -3.2 -0.985984 -1.80373 -0.342009 0.409393 -2.93815 1.34362e-08 -0.61158 -0.8 -0.334824 -0.345125 1.1724e-13 0.617541 0.314456 1.62458 -0.643964 0.525576 0.383386 -0.151832 -0.8 -0.8 -0.922187 -0.720986 -1.21841 0.471757 -0.716625 -0.550264 -0.664787 -5.42847 -2.94773
-0.542733 6.36207e-10 -0.399652 -3.2 -2.71754 -0.355744 -0.681661 -0.381864 -1.46483 -0.8 -0.32305 -1.0044 -0.146306 -0.499295 -0.659857 0.333478 -1.22595 0.18218 -2.78087 -2.09034 -2.51629 -1.28522 1.00238 -0.559869 0.253428 -0.731839 1.83906e-11 -0.617483 -0.27862 -0.8 0.583896 0.0868353 5.74438e-11 0.152167 0.974491 -0.339699 0 -0.8 -0.37763 -0.8 -0.551003 0.424771 -0.504598 -0.103248 -0.739994 -0.79648 2.20051e-10 -5.02844
2.02369e-11 -1.6 -2.13812 2.36148e-10 0.469471 -0.79189 -0.525507 -0.2208 0.110984 -2.11478 5.71985e-11 0.8 0.523678 -0.256678 -0.762988 -4.62793 -0.847929 -0.512214 -0.796128 -0.8 -0.8 -1.39358 -1.461 -0.859463 -1.0855 -0.8 -2.38315 -0.498642 -1.92409 -0.261241 -0.641548 -0.894377 -1.16362 -1.17768 -0.913375 1.93989 -0.642085 -1.46956 -0.271543 -2.97748 -0.645099 0.0589609 -0.360985 -0.290128 -0.0850279 0.850916 -0.617534 -0.780546
0.218701 1.29088e-11 -0.742797 -0.8 -1.41636 -0.578937 -0.8 -0.561337 -1.40524 -0.540497 -0.781137 -1.33193 0 -1.17554 -2.38498 -2.54083 -1.06452 -0.306706 -0.312166 -0.315299 -0.109916 2.06275e-10 -1.23396 -4 -0.410006 -1.84592 -1.16595 -1.84809 -2.14075 -2.33002 -0.510152 -1.91988 -4.67056 -1.05927 2.18009 -0.780323 -0.315437 -0.329364 -0.515036 -1.1873 -1.48284 -0.58708 -1.33993 -1.45258 -0.337086 -1.23174 -0.421482 -0.8
-1.58625 -1.6 -0.207306 -0.340311 -0.748195 -2.19176 -0.709956 -0.42743 -1.6 -0.333708 0.0355649 -0.52923 -1.25748 -0.171823 -0.550254 -1.6 -0.0477889 -0.137012 -1.18661 -0.946768 -1.6 -1.5296 -0.434661 -0.394064 -0.896999 -1.28919 3.53567 1.22243 1.73498 2.47014 8.44143 6.60442 7.78165 6.67363 6.41077 7.53478 -0.690373 0.0187886 -1.21227 -0.520824 -0.697402 -0.174893 -1.10099 1.18659 0.0173551 -0.799745 -0.730441 -2.78253
0.759038 -0.508416 -3.2 -0.8 -1.6 -2.48122 -0.112898 -1.37371 -0.16487 -0.389536 0.107195 -0.224292 -0.321386 -0.595629 -0.594971 -0.8 -1.59385 -3.40991 -0.93628 -0.229665 -1.2809 -1.43427 -1.41543 -0.520796 -0.375615 -0.8 -1.48923 6.15151e-10 0.368628 1.97548 0 0 5.67483 0 4 5.70521 -0.493504 -0.951903 -1.59839 -1.12055 -0.792347 -2.68834 -2.4 0.445488 -1.47468 -0.8 -0.343159 -3.2
0.152736 -0.8 -0.821997 -1.17825 -1.86118 1.04689 -0.0760329 -1.82512 -0.766332 0 -0.0298218 -0.165158 -6.4 -1.16637 -1.58456 0 -1.6 0.335437 -0.596032 -0.866883 -1.07409 -0.289787 -0.510734 0.0304694 0.0608618 0.8 -0.39872 -0.079192 -0.124537 -1.84042 0.742105 -1.00556 -0.8 0.269315 0.704387 -0.367819 -5.98427 -5.94936 -6.45354 -4.11087 -6.17824 -5.61622 -2.00152 -4.69092 -3.93798 -7.2 -6.84882 -4.89378
-1.53717 -0.571048 0.000454526 -4 -0.438016 -0.598786 -0.743425 -0.38082 7.30955e-10 0.535426 -0.999252 1.16729 -4 -0.647806 0.205067 -1.47675 -2.4 0.170838 -0.512036 -0.8 0.840777 -1.6 -1.12106 0.161083 -0.320584 -1.83608 0.0558433 0.331116 -0.8 -1.21869 -0.8 -0.583164 0.301237 -0.601024 0.343079 -0.8 -5.32979 -8 -4.01534 -7.50299 -6.54313 -5.22142 -4.2556 -4.8 -5.54671 -2.21757 11.7362 -4.8
-5.45065 1.6 -12.1981 -2.7287 -4 -3.91515 -7.60527 -5.6 -6.4399 -7.2 -6.0917 -2.95156 -1.6 0.841574 0.261137 -0.8 -6.4 -2.01054 -3.2 -0.345525 -0.8 0.422796 -0.223698 -0.792165 0.926198 0.636371 -0.8 0.0380267 -8.80834 -9.14612 0 0 0 0 0 0 -8.07992 -8.8 -4.87624 -4.86573 -4.80002 -3.2 -4.8 -2.37372 0 0 0 0.65176
-7.96049 -0.597374 -1.34111 -0.0553336 0 -6.00941 -6.12945 0 -2.4364 0 -5.65706 -5.01564 0.00340356 0 0.719524 -1.36979 -1.95997 -1.22393 3.55526 0.265635 -1.85802 -1.58783 -5.99205 -0.663682 -1.29878 0.773807 -0.424376 1.6 -5.2678 -5.45439 0 0 0 0 0 0 -6.4 -10.4 -4.8 0 -4.47356 -4.57299 -1.62471 0 0 0.455853 -0.728712 1.85437
0 0 0 0 0 0 0 0 0 0 0 0 0 0 0 0 0 0 0 0 0 0 0 0 0 0 0 0 0 0 0 0 0 0 0 0 0 0 0 0 0 0 0 0 0 0 0 0
