48 0 48 97 0 97
-2.34636 2.53863 -2.63939 -3.18163 0.020467 -0.514282 -9.11733 -8 -9.62363 -8 0 -13.0162 -1.46083 0.8 -2.4 2.4 0.8 2.89986 0.724158 0.463755 0.700318 0.8 4.77901 -0.184383 0.552267 1.6 0.8 0 -3.51957 -6.9695 -0.029275 -1.6 0.8 -0.8 1.26948 0.611295 -2.00027 -0.293671 1.02588 -0.634874 0 -0.281694 0.112556 -1.25135 0.8 0.184939 2.02503 2.44719
1.11104 1.54022 -1.92579 -2.08787 2.00629 -6.61308 -8.07439 -10.4021 -9.76129 -11.1706 -13.4047 -15.7843 0.303147 1.20645e-10 0.8 0.748101 -1.56392 0.041568 0.813314 1.29647 0.50094 -0.0589312 1.38671 2.03886 -0.363671 0.0283025 -0.8 0 -4.7527 -3.96334 -0.656509 -1.6 -0.457141 -0.596929 8.58025e-12 -0.204651 1.02102 -1.23707 -4.8 0 -0.230135 0 0.541208 -1.6 -0.710099 -0.965207 -0.8 0.133989
-1.27665 0.820162 1.76247 0.516473 -0.587398 0.0560575 -1.11248 -1.54037 0.0341158 0.645762 0.441781 0.209728 -0.602186 -1.6 -0.189392 -1.38588 -0.799999 -0.0629007 -0.709055 -1.0727 0.80385 -0.195372 1.02655 1.13829e-10 1.10401 0.852063 0.618654 1.19391 1.26934 0.335665 -0.860806 -0.233613 0.764735 3.32664e-10 0.2334 0.558791 -0.451265 0 0 -0.289075 0.8 1.91171 -0.417229 -4.04392 0.263284 -0.8 7.99627e-11 -1.42421
0 0.8 -0.51248 -0.493085 0.672067 -0.140994 -0.413747 0.308099 -0.616708 0.113946 -0.186169 0.495216 -1.19433 0.36906 -0.703637 -2.60736 0.488193 -0.366383 -1.2009 6.04468e-09 -0.786001 -0.833882 0.322974 0.851146 0.318468 0.303819 2.51565e-11 2.14229e-12 5.92039 -0.221766 0.971138 -1.6 0 -0.266921 0.45199 -0.217216 0.0831904 -0.110832 0.705083 2.22045e-16 -0.753227 -1.55188 -2.84818 0.838495 0.17534 1.06937e-12 -0.629732 -1.66527
0.523753 0.283429 -0.715075 0.101166 0.306079 -0.964641 0.731069 -0.19671 0.402093 0.647451 0.429259 0.340065 0.256016 0.358434 0.120751 -0.342735 -0.287815 0.87464 0.261132 0.258178 0.561993 1.79521e-10 0.123504 0.257844 0 -0.573384 0.232889 0.365817 0.8 -0.656084 -0.506095 0.8 -0.130416 -0.15375 0.118922 0.467845 -1.31596 -0.103766 -0.8 -0.767879 2.17578 -0.6837 -0.471183 -0.8 -0.759966 -1.6 0.983288 0.8
0.300446 0.78186 0.326146 -0.312266 -0.618685 0.225323 0.232086 1.24858e-10 0.753352 0.0710478 0.342962 2.32237e-09 0.178807 -0.392843 1.3569 0.0634514 0.469196 -0.79143 0.0476444 0.352662 0.291826 0.312186 0.52708 -0.405379 0.523514 -0.345833 0.777147 0.263729 0.195522 0.251506 -0.632201 -0.175936 0.0636065 -0.305396 0.907347 0.462779 0.524514 -0.854348 0.870821 -0.926816 0.158651 0.14717 -1.82064 -1.55265 0.169724 -0.226591 -8.87844 -0.362257
0.534293 0.360067 -1.4111 -1.00839 1.60172 0.406874 0.727772 -0.8 0.459988 0.217622 0.225854 -0.486398 -0.822164 1.04494e-12 5.82998 0.690386 0.666315 -0.151928 -0.593776 0.297178 0.755067 0.0621103 1.6 0.271163 0.456515 0.0475149 0.19625 0.821786 -0.320624 0.276775 0.376976 -2.26655 5.43676e-12 0.12087 0.8 -0.62328 0.118179 0.317293 -0.661295 -0.175648 -0.8 1.04534 0.574536 0.169451 0.296295 1.68316e-10 0.258312 -2.00848
0.8 1.05822 0.608616 -1.22015 -6.10776 0.610794 6.80385 0.0900645 -0.353376 0.8 1.09965 0.642525 -0.8 2.14972e-09 2.4 0.3225 0.474023 0.123268 0.156671 0.8 1.20347 0.688287 3.43026e-11 -0.563729 1.05146 0.229871 0.390507 0.352937 0.334402 0.96973 0.0618369 0.270765 0.599987 -0.497145 0.15373 0.0661095 0.295718 0.295223 0.245972 -1.63059 -0.137394 0.319179 0.433635 -0.481294 0.388566 2.49808e-09 0.42615 -1.65855
0.171537 2.39235e-11 -0.131943 0.50926 2.01053e-10 -0.244742 0.808982 -0.245712 -0.799142 0.0883418 8.06783e-10 -0.662198 -0.392608 0.284509 -3.99489 0.344235 1.20014 -0.476738 0.442882 0.241072 0.0213723 0.144853 1.09292 0.213624 -0.345186 0.359188 -0.781828 -0.159367 -0.640748 -0.527198 0.297641 -0.158066 -0.454644 -0.657708 -1.16497 2.98631 0.332067 0.144994 0.376943 -0.314234 -0.601668 -0.468937 -0.609637 -0.8 -1.03244 -1.37811 0.435903 -0.830415
-1.45069 0.109599 0 0.868042 0.647052 4.444e-12 0.13528 0 0.276043 1.09114 -20 0.8 0.402983 0.71332 0.335353 -9.11011 0 0.509172 0.751793 0.575092 -3.06273 3.30282e-09 1.42413 0.405518 0.092599 0.130998 0.956645 -0.695022 -0.641793 0.575994 -0.835189 -2.79864 0.132758 -0.425913 -4.5344 -0.0718035 -0.389051 -0.331789 0.0206838 -0.882047 -0.774087 -0.457107 -0.681825 -1.28025 0.56175 -0.424026 -0.727294 -1.47008
-2.36801 0.481854 -0.667382 -0.27996 -0.632357 7.39642e-10 -0.989898 -1.0792 -0.979613 -0.49937 -0.8 -0.586774 0.215296 0.0877437 -1.28983 -0.394249 -1.01725 1.80495 0.0866949 0.102697 -0.8 0.309685 0.860102 0.8 0.203144 0.16287 -1.57871 0.106547 -1.2439 -0.689645 -1.05587 0.871764 -1.16478 -0.273252 1.30869 -0.300916 0.0577713 0.561828 -0.0558873 0.376467 0.0680848 0.576725 -0.628428 -0.709926 0.0777411 -0.339983 0.0329789 -1.08685
-1.03121 -1.26653 -2.89151 0.0306755 -1.59703 0.74151 3.61942e-10 -0.484811 -1.88039 -1.33655 -1.08364 -0.940237 -0.758754 -0.0325931 -7.16497 -0.515317 -0.940408 -0.790627 5.47784e-12 -5.80745 0 0.8 0.8 1.13941 -0.741971 8.68949e-12 0.149136 -0.533087 -1.56897 -0.42459 -0.552182 -0.382625 0.0020573 -0.8 2.00332e-09 0.417507 -0.34046 0.167708 0.8 0.571687 -1.1397 0.31697 -0.138634 -0.736404 0.145081 -0.422374 -0.869944 0
0.0641095 1.09709e-09 0.463338 0.885405 0.287976 0.115332 -0.501806 0.196525 0.336514 0.079311 1.48874 0.223529 1.15468 0.498788 0.8 0.0138628 1.6 -0.588894 0.0320701 0.951534 0.650253 0.230873 0.477041 1.65307 0.370069 0.664064 0.613017 -0.648614 -0.509354 0.268683 0.500244 0.438994 2.86761e-10 -0.571854 -0.096222 -1.08684 0.083908 -1.73241 -0.595906 -1.74506 -2.35844 -0.458524 1.35223 -0.990961 -1.41267 -2.18402 -1.3917 -0.979348
1.28652 0.032971 0.50389 0.209368 3.90998e-09 0.77859 0.736533 1.94233e-10 -1.6 -0.174743 0.0856048 0.800489 0.750125 0.236736 0.8 -0.36669 5.6 1.30007 5.06279e-11 0.223372 -0.258207 0.305708 0.615089 -0.170442 0.265876 0.132537 0.09155 0.255067 0.119968 0.921486 -1.54837 0.520829 0.097085 -0.775116 0.398803 -0.529524 -0.20311 -0.08548 -0.587588 0.149839 -0.8 -0.301162 -1.44329 -0.990737 1.73653 -1.43269 -1.32711 -1.05391
-1.52311 1.29015 1.6 1.40289 0 0.0288403 -2.81727 0.0431122 0.665591 0.654533 1.32652 0.8 -0.151489 0.690234 0.496573 0.346798 -1.48691 0.484469 0.168133 0.339764 0.223286 0.8 2.79088e-11 1.11064 0.299629 0.368845 0.0731472 -0.426473 0.118176 1.11401 0.128088 -4.68153 -0.637824 0.0591696 0.8 0.573458 0.30315 0.0865053 0.0653885 -0.528052 -0.0489817 0.0614097 0.588228 2.27179 1.0528 0.736217 0.476054 0.0979359
1.63593 1.39122 1.34278 1.8769 1.10114 0.966708 0.42362 0.313918 0.782808 1.42263 1.70324 0.864988 0.684726 0.33553 -0.08823 -0.327064 0.412732 0.824985 0.253722 0.28603 0.13327 -0.228913 -1.76059 -1.03776 0.710316 6.89853e-11 0.331803 0.218353 0.102177 -1.19486 0.8427 0.818727 -0.107401 0.085607 0.84265 0 0.381719 0.48961 0.467502 0.386432 -0.354386 -0.0537784 0.00230152 0.821202 0.225946 0.831862 0.480036 0.606821
1.22198 0.750205 0.839937 1.13291 -4 -2.4 0.561667 -0.516851 -18.6368 0.53434 0.8 -0.331496 0.826562 0.570927 0.8 0.816409 0.156369 0.8 0.8 0.146154 0.0149885 4.99996e-11 0.8 -0.987261 0.513257 0.209774 0.821151 0.382942 1.07064 0.8 0.372408 0.117826 -0.200706 0.55949 0.834989 0.0402303 0.246345 -0.032648 -0.39466 -0.530545 -0.8 0 -1.44464 2.02538 -0.132671 -0.59657 -0.0577109 0.357145
0.557801 1.36693 1.24945 -1.12531 -1.28036 -1.32636 0.147143 0.25411 0.578167 0.497052 1.25892 1.6 0.325976 0.845317 0.351104 0.8 0.236627 3.55562e-11 1.19701 0.518802 0.481353 0.161973 0.282789 0.8 0.930303 0.0618652 0.389423 0.845975 0.0440035 1.89429 0.731713 0.76043 0.752867 0.220099 0.8 6.47244 0.293681 0.221574 -1.1296 -3.70998 0.00445084 -13.4521 -0.222203 0.341084 0.531911 -0.25561 -0.0749121 -1.6
1.15435 0.546117 0.792956 0.249305 0.0639098 0.753751 0.932292 -0.518006 1.31659 0.8 0.8 0.0862514 -0.567086 -2.3376 -0.8 -0.19111 -0.121272 0.18773 0.725153 -17.6 0.283262 -0.0575459 0.931922 0.487314 0.242622 -0.0331655 -0.722165 -0.388201 -0.9781 -0.679726 -0.439909 -0.171195 -0.0940001 -0.72009 0.452381 -0.488106 -0.669065 -0.790353 0.125912 0.467569 0.224598 -0.731095 -0.77664 0.510762 1.97335 -0.619388 -0.13672 0.622393
0 1.40209 0.8 0.408852 -0.587876 0.391504 0.638844 -1.24375 -3.96668 0.819854 1.6598 0.882791 -2.09037 -3.49127 -4.92538 0 0.440015 -2.00359 0.194423 0.863536 0.0916342 0.108383 0.8 0.508484 -1.36925 -0.568228 0.340366 -0.231984 0.159329 0.491016 -0.333102 0.216678 -0.158147 1.50595e-11 2.67211e-11 0.485009 0.419313 2.30504 0.710865 -0.770255 1.5124 1.32263 1.01101 0.115141 -2.33727 1.07497 -3.62565 -1.14789
1.26819 0.959625 1.04006 1.33831 0.149303 0.370043 2.09585 0.0191517 0.74355 0.92241 4.23724 0.8 -3.19665 0.709696 0.135695 -0.326416 0.445252 0.216333 -0.61588 0.349507 -0.0709479 -0.646044 0.864434 0.148308 -4.53552 0.524832 0.262673 0.0257652 -1.1491 0.155456 0.372549 0.414575 -1.62959 0.570865 0.8 0.291945 0.56515 -8.8 0.323253 -0.00126329 -1.90881 -2.49192 -3.73267 0 0.840237 1.23952 1.70643 0.477485
0.745702 1.37209 0.0430051 0.86957 -1.49099 0.27352 0.671284 0.66787 -5.23457 1.35218 1.05584 0.34333 0.176214 -0.240739 0.365956 -0.8 -1.51338 0.152058 -0.8 5.99261e-10 0.366338 -0.413954 0.166429 9.2979e-12 -0.899559 1.6 0.326909 0.236414 -0.708625 0.501075 0.717852 1.24339 -1.34711 0.956048 0.256528 -0.283167 0.965199 0.950247 -0.196236 1.74762 0.332571 0 3.2 -1.18718 1.18446 1.95951 3.74508 1.84643
0 0.484704 -2.13548 0.201486 -1.46764 -0.554668 0.349061 0.400753 0.317089 1.99298 0.8 0.48187 -1.73227 -0.331421 -0.307111 -3.11607 0.0634411 1.23895e-08 2.52185e-10 -0.261413 -0.766475 -0.799234 -0.579479 -0.769936 0.311056 0 0.512994 0.314764 -0.267854 -0.325632 0.824546 0.0685437 -0.0408061 -0.0927854 0.446052 0.55017 -0.8 -0.377512 -1.23054 -0.403423 2.6445 0.897237 0.54343 1.67529 -0.106732 -0.364415 -2.4 -0.615258
0.781546 0.107864 0.249329 0.8 0.510506 0.442674 0.0497957 0.475632 -0.301257 0.387796 0.63857 -0.373152 0.862534 -0.196396 -0.8 0.0099096 -0.8 -0.401209 0.613981 -0.734877 -1.41988 -0.690923 -0.751937 0.0281774 0.913429 0.402017 0.435637 -0.215905 -0.196711 -0.13461 0.449142 0.382453 -0.171554 0.522249 0.8 0.8 -1.12517 2.23808e-10 -0.620002 9.37062e-11 -1.6 0 0.219615 -0.171839 -0.766485 1.02209 0.8 0.455491
4.64913e-10 0.8 0 4.03139 0.893995 -2.57702 -1.89867 -2.86443 -0.246806 3.50784e-11 -0.8 -0.440089 1.6 1.41255 -0.447269 0.518179 1.15699 -1.15551 0.258526 0.8 -1.96447 0.43255 0.258189 0.481948 -2.99027 0.187546 -0.655469 0.308608 0.847961 0.8 -0.388355 0.328795 0.734064 0.616176 1.23149 0.8 0.118835 0.193 -0.276697 0.507217 -1.07357 -0.298048 -0.49795 -0.574172 0.323659 -0.367943 -0.285537 0.059453
2.02139 1.22211 2.19169 3.582 0.461354 -1.59041 -2.75935 -1.56196 0 0.160069 -0.8 0.0114169 1.51501 0.194907 0.800022 -0.390975 0.443284 0.475277 -0.729234 0.577195 0.329565 0.187828 0.8 1.07194e-11 -0.336513 0.8 0.310173 0.837398 1.1375 1.22497 0.816134 0.952491 0.8 -3.11571 -1.6 1.0781 1.00053 0.488418 0.0769969 0.450365 -0.523023 0.154216 -0.564272 0.00924752 0.345824 -0.56536 -0.139007 0.46036
0.0730766 1.6 -15.1143 4.76843 -1.90544 -2.23495 1.6 -0.818661 -0.598396 1.00038 1.66826 0.887491 -1.51707 0.627295 0.818748 -0.0346983 -1.58003 0.0123633 -0.583889 0.557374 0.678523 -0.362817 0.860137 0.143306 0.330067 0.574662 0.624508 0.74552 -0.114103 0.708445 0.67041 1.05782 0.23505 0.290507 0.8 0.891597 0.120647 0 0.402727 3.06888e-12 0.8 -0.43008 0.0698045 0.672494 -0.605205 -1.91263 0.845315 0.935579
0.833975 -4.01886 -16.8 1.92099 0 -0.305457 -0.087881 -0.0487351 -4.46287 1.6 1.04445 0.866399 0.351306 0.561052 0.898806 -0.0278284 -0.562418 0.114028 0.743396 0.237692 0.583874 0.254172 0.0541279 0.753353 0.8 0.962736 0.483358 0.514438 -0.613314 0.447264 0.448578 -10.4 0.0317292 -4 0.524486 0.605708 0.60303 -6.96206 -0.393034 8.24134e-11 -1.6 0.876013 -2.82053 -0.680345 0.436844 0.392346 0.505863 0.935788
-0.673397 -1.01723 -0.8 -2.26391 4.14634 -1.68196 -2.55543 4.86406e-11 -10.4 0.105163 0.0938972 0.942738 0.377148 -0.8 -0.60158 2.84328e-11 -0.701888 1.90614e-11 0.852563 0.427851 -0.33937 0.598086 -0.313099 0.346221 0.00812644 0.168554 0.427347 0.364114 0.224262 0.396102 -0.00282439 0.00748063 0.0865675 1.33582e-12 0.476771 0.229462 0.1587 0.270468 -0.441588 -0.520023 -1.12604 -0.401592 1.01419e-10 0.0619843 -0.208084 0.610087 1.59302e-09 0.626337
-1.35123 -0.294031 0.47373 0.47487 0 1.175 -1.65968 -0.136141 0.202803 0.3972 3.2 3.65771 0.580926 0.223973 0.0755563 -0.29821 -0.393671 -2.05887 0.8 0.456095 -0.226878 0.358856 0.360721 -0.204993 0.342094 0.414902 0.240322 0.560376 0.16618 -0.358953 0.415401 -0.435398 0.0950962 0.215554 -0.090528 0.37293 -0.616722 -0.351375 2.75571e-11 0.407621 -1.47267 -0.769808 0.0342518 -0.478001 0.0640772 -0.697825 -0.305603 0.0562136
2.03298 2.3612 1.92763 -0.28136 1.74503 0.953748 0.317201 0.860399 0.104197 1.74864 0.0384326 0.144013 1.21613e-10 -0.8 -1.13602 1.32992 0.354929 1.82234e-07 0.8 1.1329e-09 -0.8 0.106463 1.94056e-08 0.37705 -0.222387 0.436092 0.335944 0.101313 -0.178947 -0.210614 0.131401 -0.0897072 0.182601 0.39913 0.430492 0.676155 0.126182 -0.205685 -0.211937 1.45674e-10 -0.29883 0.155492 -0.377894 -0.1981 0.249843 -1.17825 1.47622 0.45464
1.15205 -5.8278 1.62794 -0.722907 1.31933 -0.732661 1.23936 1.2043 0.618027 1.72703e-09 -0.345688 0.833538 -0.8 2.28931e-10 2.41587e-11 -0.274048 0.386704 -1.52518 0.604307 7.1303e-12 0.8 0.477729 0.58163 0.27622 0.0971457 -0.704136 0.198176 0.403728 -0.269059 0.155724 -0.327262 -0.249309 0.471427 0.546803 0.791066 0.310467 0.180268 -0.13865 -0.00351769 0.351834 0.183815 -0.8 -0.359191 0.101431 0.448057 0.185396 0.8 0.353553
2.14027 1.38386 0.847331 0.8 1.17506 1.23488 0.851793 0.483186 0.937976 0.0870301 1.26909 1.06577 0.239117 -0.643093 0.035022 -0.316421 -0.577462 0.244849 -11.2 2.8515e-12 -2.18478 -0.441832 2.57763 8.23848e-08 -4.30073 0.535908 -15.9488 0.8 0.381566 0.3459 0.012667 -0.651204 -3.2 0.351473 -0.467845 2.10367e-10 0.943969 -0.133873 0.8 -1.6 0.8 0.812823 3.05724e-11 0.52667 0 0 0.369854 -2.4
-1.45741 2.74208 2.1945e-10 0.95183 1.51174 1.69828 0.661849 1.41331 0 1.6 1.10201 1.41669 -0.428872 -0.501352 -1.6 -0.8 -0.433995 0.414533 0.8 0.289213 0.35867 -0.38228 0.0901075 0.0598693 -1.18002 0.948478 0.560092 -5.6 2.67283 -0.164902 -0.361932 0.239842 0.291014 -0.727952 0.453409 -14.4 1.07043 1.0948 6.76275e-11 0.548014 0.544178 0.263127 0.504079 -0.8 0 0 0.473568 0.0657523
-0.451087 -1.24704 -1.6 -1.6 -1.52718 -1.07111 -0.380479 0.428639 7.76046e-13 -1.3645 2.47383e-10 0.0657974 0.0899134 0.95312 -0.352662 -0.71148 0.289723 0.33448 1.46703 1.00653 1.6 1.08432 0.867296 0 0.292874 0.54554 3.51359e-11 0.416865 -0.204353 -0.301128 0.229111 -0.0354337 -6.10912 0.165289 0.316078 0.66536 0.217713 2.611e-10 0.0520673 -10.8917 0.132739 -0.162341 0.140688 2.27619e-10 -0.138927 -1.90313 -0.221828 0.500262
-2.20956 -0.47562 -1.47902 -0.994523 -0.730259 -0.69319 0.176361 -0.716067 -0.573786 6.97256e-11 -3.16156 -0.712003 2.83618e-12 -0.38755 0.310478 -0.185164 1.28823 -0.4757 1.37787 1.07035 0.923461 1.18905 1.83724 1.03355 0.241961 0.165884 0.090629 0.15838 -4.07472 -0.751829 0.365345 -0.0834435 0.316395 -0.62952 0.553098 -2.27835 0.316019 -0.136303 0.0286723 1.23743e-11 0.200472 0.148507 -0.343922 1.36622e-09 -0.572087 -0.102452 -0.638856 0.223065
1.00581e-09 -0.265013 -0.154611 -0.391252 -0.135385 -1.07125 -0.185295 4.48378e-10 0.115999 0.42758 0.0906003 0.420092 0.0259377 0.331638 0.19172 0.253397 0.0133491 3.39273e-11 0.0331453 0.411615 0.342783 -0.207293 1.15 1.42064e-12 1.28605 1.05904 0.73537 1.06576 1.08779 -0.299913 0.482539 0.217945 0.841526 0.434045 0.281124 0.59643 -0.342579 0.0570859 -0.534252 -0.28007 -1.24318 -0.568274 -0.394636 -0.265257 -0.8 -0.368787 -0.932864 0.294047
-0.386799 0.882725 1.30036 1.54038e-09 -0.68675 0.594926 -1.6 -1.00393 -2.01943 -1.5073 0.594745 0.154777 0.258048 2.89264e-08 0.334092 -0.208763 0.552399 0.246435 0.638069 0.403983 8.75633e-11 0.455942 5.37348e-14 -9.6 0.665061 1.167 -1.48653 0.906033 0.488293 0.267305 -0.320677 0.816975 0.477585 0.597174 0.794046 0.347836 -0.209959 -0.17438 -0.486372 -5.70646 -0.136464 -0.373362 -0.521472 -0.387641 0.658723 -1.03575 -0.0570719 0.355379
-1.18369 -0.256711 -0.506098 0.0303957 -0.871119 4.35376e-10 0.8 -0.269056 0.110997 -1.16476 5.38458e-12 -4.8 0.322158 0.827452 0.957884 0.82928 0.483027 0.8 0.562427 0.8 0.245532 0 0.860101 -7.73522 -0.196612 -0.555826 0.0855291 -0.303089 -5.4974 -0.197322 0.0994603 0.336151 0.348919 0.117446 0.392656 0.069929 -1.21596 -8.01098 -0.0472153 0.283615 0.331549 -0.366154 -0.235465 -0.107835 -0.8 4.36811e-11 0.550673 -0.273426
-1.30092 -0.963018 0 -1.6 -0.481606 -0.931071 -0.167235 0.0804531 -0.279344 0.15131 0 -4.80074 1.15627 1.21872 0.929399 0.870109 0.948616 0.60908 0.610184 -4.30994 1.14687 0.885632 -8.02287 1.47053 -0.166772 0.400596 -0.561733 0.185396 -0.0882591 0.478961 -6.4 0.435445 0.085918 0.141857 0.296145 0.440817 0.137611 0.360885 -0.427609 -0.367696 -0.580041 -0.223042 -2.21029 -0.712557 -0.40808 4.07654e-10 0.193601 -0.164113
1.2046 1.34542 -0.282216 0.0455884 -1.0292 -0.288326 -3.2 -0.8 -0.639945 -0.575296 0.903588 0.049892 0.8 0.255833 -0.737105 0.403571 0.8 0.163407 0.108788 0.150723 0.248197 -0.548841 0.256795 -2.76332 0.189953 0.269759 0.151497 0.00150036 0.00556898 -0.595673 0.28234 0.24985 0.0850644 0.177258 0.246421 -0.215288 0.0069667 -1.27991 0.411862 -0.445912 0.435313 0.386631 -1.6 -0.267485 -0.344019 -0.861118 0.856009 0.196415
-0.98539 0.460524 -1.70164 -0.0781417 -0.8 -0.374549 -0.8 -0.738229 -0.788725 -0.207008 -0.289024 -0.272977 -1.05924 0.298197 0.436388 0.220953 0.0153833 0.953291 -0.616716 0.445607 1.68796 -0.17491 -0.338249 8.9968e-12 0.264308 -4 0.528 0.243573 -0.352547 -0.0726355 0.132363 0.382031 0.314052 -0.0835664 0.217461 -0.592139 0.533645 0.128406 0.536727 0.329092 0.0280769 -0.131936 -0.67488 -0.327902 -2.36642 -1.24695 -0.939328 0.313473
-0.0915725 -1.06946 -0.339305 -1.31662 0.249427 -0.796993 -1.46665 0.272377 -0.638155 0.716586 0.534692 -1.39887 0.152496 0.496929 9.14291e-12 0.0647876 0.308566 -0.305292 -0.239019 -0.594453 0.467592 0.364876 0.370548 0.293645 -0.326003 -0.605542 0.100453 0.323528 0.491561 -0.307955 0.123702 -0.440364 0.417612 0.379628 0.614754 0.032725 1.32504 0.32491 1.3152 0.0763497 4.6851e-11 0.163972 -13.4341 -13.4098 -6.80554 -4.4083 -6.62582 -12.8
0.00262435 -1.38327 -1.50182 -1.68649 -0.284747 -0.402944 0.209331 0.049589 0.480683 0.535051 0.05666 0.374757 0.0742417 0.57969 5.63379e-10 6.96007 -0.174792 -0.400871 0.0983593 1.7726e-08 0.397634 0.304063 0.521243 0.35941 0.556982 2.22287e-05 0.0242139 2.88167e-11 0.125471 0.566155 0.316693 1.42575e-12 0.011179 0.350577 0.265993 0.0356415 1.19676 0.865412 -0.286633 0.978811 0.471907 1.04943e-11 1.25967 0.129061 -5.53247 -10.8134 -7.96523 -16.685
-1.6 -1.6 -1.15783 0.257702 9.64999e-10 -0.774734 0.256785 -0.418488 0.332155 -0.8 0.8 0.519272 -0.0468734 0.828397 0.8 -1.30093 0.163885 -0.612447 0.366686 0.312918 0 -7.50902 0.953253 0.870441 -0.473548 -0.21179 -0.26361 -1.85858 -1.30229 -1.6295 0.120116 -0.184823 0.387492 -0.317419 -0.139798 -0.195333 -4.4728 0.709192 -0.348395 0.245382 0.358313 0.576667 0.546447 0 -0.229307 0.596016 -1.30825 0.804552
-0.779005 -1.91786 0.231128 -0.224171 2.38604e-10 0.444325 0.419793 0.235533 0.803477 0.8 0.8 -0.324815 0.52141 0.11168 0.875951 0.8 -0.8 0.581827 0.106165 0.000498033 -2.34725 0.404948 0.344011 -0.766599 -0.400844 0.160102 -0.0732261 -0.130631 -0.743331 -0.429002 -0.46173 0.395014 -0.367384 0.0710567 -0.39316 0.401071 0.640968 0.76575 6.14131e-12 -0.0281213 0.650025 0.501213 0.703065 0.724621 0.384561 0.609725 0.80602 0.903453
-0.583243 -1.2932 -2.3524 0.081156 -0.624687 -0.131261 0.0143225 0.149643 0.81777 -0.471608 5.37348e-14 1.22749 0.341396 0.48968 0.431294 0.470053 1.64431e-11 0.0437491 0.0802794 0.389179 0.129249 0.443419 0.681039 0.385941 -1.30271 -0.252427 -0.787471 -1.01564 -0.545586 -0.357837 -0.64243 -0.81383 -1.45505 -0.175606 -0.412473 -0.393128 0.353571 0.531885 0.0786829 -0.8 0.136806 0.150426 0.240664 1.21177e-09 7.00078e-10 -0.469465 -0.0926627 -0.0746663
0.20727 -2.13012 -0.428537 -0.158682 -0.380202 -0.385281 0.405038 0.282168 0.622901 0.351361 3.09607e-09 0.8 0.824916 0.6613 0.421789 0.429509 -0.197699 -0.8 -0.00166164 0.391873 0.663695 -2.4 0.125042 0.608358 1.31286e-11 -0.657841 -0.011751 -0.8 -0.125469 0.139468 -0.637304 0.0766578 0.0552609 0.0318933 -0.594795 -0.0853588 0.116264 0.130919 -0.191541 0.169988 -0.0427821 0.170522 6.46807e-11 0.0645493 -0.268279 -0.23808 -0.0702564 1.9984e-14
1.13822 -1.42338 -0.342676 -0.718655 -1.28165 -1.33225 -1.05432 -0.368673 0 0.370301 -0.309388 0.226274 0.200273 -0.494728 0.0659654 -0.0327656 0.115839 0.409993 3.03114e-08 0.0713903 0.0359141 0.193963 0.00424748 5.89584e-11 0.613883 1.20287 -1.19955 0.204678 0.071132 -0.0482086 0.0890346 -0.329519 0.189643 -0.380054 0.653057 0.216237 0.357091 0.178078 0.446154 -0.698543 0.14101 0.18215 -0.8 2.67851e-10 0.00189997 -0.190076 0.151738 0.27018
0.332957 -0.0530581 -0.407175 -0.476995 0.140083 -0.799403 -0.542363 -1.36703 -1.41875 -0.8 -1.5444 -1.13639 0.204741 -0.411401 -0.117542 -0.195136 0.243092 0.380746 0.343448 -0.220672 -0.640106 0.14976 0.420477 2.38207e-11 0.403936 0.529551 -0.615449 0.322847 0.0485424 0.240463 3.36982e-10 0.042302 0.539503 0.152421 0.536022 0.522572 0.306534 0.285251 0.171336 0.8 -0.152102 0.100058 -0.188596 -1.25082 -0.308637 -0.381763 0.412649 0.175541
0.812622 0.117778 0.291513 -0.27888 -1.6 0.201054 -0.440016 -5.11388 -0.154759 0.319465 -0.638781 0.23473 1.44195 0.0931591 -0.183589 -0.409316 0.475459 1.45547e-09 -0.21632 2.42029e-13 -0.158118 -0.652065 9.47028 -0.763988 0.639721 -1.50787 0.499239 0.386339 0.4072 0.325045 -0.481173 0.0452338 -4.60858 -0.19837 2.40626e-07 2.25054 0.342031 0.22271 0.0948593 0.8 -0.8 -0.257192 0.0935283 -0.8 -0.367085 -1.6 -0.736244 0.124034
0.488553 -1.84158 0.164563 0.42543 -0.666807 0.0188565 -0.314628 -1.6 -0.561349 -0.207582 0.0884002 0.235548 0.323276 0.105845 0.290754 0.319528 -0.25686 0.082505 4.93607e-11 -0.747826 4.08717e-10 1.52485e-11 -0.307584 0.492928 0.465804 0.0383689 0.0423336 -1.34856 0.583877 0.138698 0.171223 -0.096694 1.13275 0.353162 0.42839 0.226766 -0.512965 0.12324 0.0731036 0.116998 -0.610553 0 -2.11287 -0.356925 -0.18935 -0.550092 0.539687 0.0234867
0.715744 0.553256 0.594993 -2.26791 -0.571508 1.80858 -0.561499 0.329809 -0.391566 0.329533 0.128787 0.459732 0.513699 0.80658 0.202675 0 1.6 0.317391 0.422292 0.744514 0.370762 0.350311 0.605192 0.419373 -1.12847 0.624237 -2.10322 -0.518902 -1.03453 -0.706778 0.919438 0.86977 0.639279 -0.402133 1.41074 0.599338 0.433132 0.992362 0.258442 -0.798466 0.292044 0.199086 8.51085e-10 0.271408 -1.11792 -0.467556 0.0152297 -0.1388
0.466293 0.329665 0.500772 -0.58112 0.257986 0.212205 0.440215 0.336766 0.28453 0.815662 2.66551e-10 0.319686 0.648604 0.356365 0.553951 0.8 0.433164 0.520538 0.303885 0.8 0.35445 0.582463 0.994923 0.8 0.345214 -1.47342 -1.14628 -1.6 -0.594826 -1.6 0.0135771 0.549342 0.8 0.836708 1.12488 0.547488 0.303129 0.452956 -0.216801 0.178619 0.000322614 0.297095 0 -0.685498 -0.5756 -0.796852 0.0613126 4.07543e-11
-0.456843 -0.44845 3.01221e-09 -0.143095 0.430384 -0.316252 0.357087 -0.43067 -1.6 6.14182e-09 0.47008 0.520248 0.00398166 -0.115618 -0.0683342 0.603933 0.200989 5.86242e-12 1.06317 0.128241 0.283785 0.0857131 0.522995 0.338536 0.483839 1.26387 -0.167925 18.9149 0.478433 0.435158 0 0 0 0 0 0 0.8 2.41744e-10 0.330651 0.239891 0.026842 -0.255096 -0.430444 -0.612696 0.256665 -0.310041 -0.274454 0.21749
0.310299 0.233723 -0.601268 -0.317457 0.314823 -0.27218 1.21842 0.255545 1.07754 0.8 0.555162 0.8 0.455279 0.599995 -2.14458 -2.31451 0.273355 0.633412 0.233069 1.52747 0.367719 0.8 0.388604 -0.227398 1.20977 -0.145333 1.55721 -0.8 1.07154 -0.831845 0 0 0 0 0 0 0.800373 -0.167808 0.484547 0.286277 0.453488 -0.220241 -0.266065 -0.670115 -1.22982 -0.142813 4.56026e-11 0.40034
0.323529 -0.8 0.0787906 0.0297648 0.109495 0.11204 -0.668175 -1.51331 -0.319553 0.0615593 0.8 3.5838e-13 -8.5907 0.843729 0.8 0.652224 0.4411 0.544566 -0.791572 -9.6 0.331349 0.428793 0.526479 0.592861 0.560297 0.348446 0.447834 -0.8 0.670467 0.0146738 -0.421662 0.233721 -8 -4.8 0.679773 0.477647 0.296583 0.107322 0.0520242 3.87379e-12 0.493459 0.036459 -0.656708 -0.913092 -0.391602 -1.42975 0.545517 -1.48965
-0.371699 -0.193921 0.0560461 5.98988e-11 -0.415882 -0.0747702 -0.26803 -1.6 0.0736414 6.98908e-10 0.130219 -0.535896 0.684593 0.570202 -3.90344 0.495354 0.8 -0.752353 -3.69997 -1.35756 0.392708 0.157468 0.246868 -1.6 0.844183 0.563025 0.783658 0.0939872 0.448285 0.380865 -8.28969 0.0496807 -5.6 -8.12822 0.470636 -0.00564773 0.817283 0.8 0.96414 0.8 0.0467035 -0.332733 0.0635415 0.0990968 -0.281777 -1.28503 -0.311971 0.485856
-0.985005 -1.18971 -0.643456 -1.13778 -0.457669 -0.430198 -0.882129 -1.59939 0.102403 -1.57177 -1.35883 -0.8 0.221449 0.425895 -0.205247 0.464689 0.189842 0.152438 0.645254 -1.6 0.562829 -0.363285 -0.8 0.779416 0.282764 -0.706041 0.416475 -0.357385 0.720105 -0.528315 0.362087 0.0855408 -6.98043 5.16436e-08 -7.2 0.00254616 2.8485e-11 0.516982 -0.49791 2.24484e-10 -1.08761 -0.519429 -0.403813 -1.53002 -0.597397 0.0481818 0.154602 -0.525097
-1.03117 -0.4991 0.114824 -0.919274 -2.04831 -0.8 -0.799993 -0.489624 -0.656951 -0.454417 -0.876648 -0.522144 0.4934 0.107165 0.884837 0.357831 0.121783 0.423778 1.592e-09 -2.4 0.582987 0.8 0.488961 1.03695e-12 -0.0167009 -0.490507 0.299153 0.402887 -0.365641 0.117015 0.0180552 -0.000751764 -0.220841 -0.529012 -0.437509 0.580057 0.328059 -0.560885 -0.65853 -1.6 -0.522415 -0.596974 -0.720478 -0.855227 0.155134 0.142508 -0.675017 0.483854
-1.60832 -1.4614 -0.8 -1.87125 -0.383588 -0.333668 -0.433393 -0.857987 3.17915e-06 -0.574601 2.64588e-12 -0.391225 0.604376 0.568467 1.96244e-10 0.401318 1.17261e-10 -0.185723 0.8 0.222709 0.971286 0.00653821 0.554372 0.915218 0.285263 0.0619213 0.0504609 -0.121841 0.299974 -0.0573966 0.476583 0.423122 -0.62318 -0.321397 0.0400916 0.335037 0.0849852 7.31159e-10 -0.135866 0.34642 0.300407 0.190403 -0.359385 0.519179 -0.0391392 -0.315928 0.842128 0.339891
-1.01643 -0.63834 -1.10237 1.72307e-12 -0.695993 -0.168465 -0.600165 -1.49695 -0.379064 -0.901175 -0.289642 0.144098 0.883998 0.828282 0.487776 0.465563 0.8 0.228245 0.49021 1.46335e-09 2.64633e-12 -1.527 0.34512 0.523172 -0.46266 0.775374 0.312742 0.53143 0.0916132 -0.493043 -8.6901 -0.220369 0.292833 0.0963426 0.25717 0.0916961 0.504817 0.598159 0.186504 1.35694 4.97951e-08 1.06366e-11 -0.203283 -0.549616 -0.317099 0.8 0.92294 0.00399742
-0.577429 8.01804e-08 0.249205 -0.6232 -0.944314 -0.8 1.70348e-11 -0.305491 0.232797 4.48428e-11 0.129216 0.593893 -0.578179 0.402661 -0.741335 0.726989 0.185051 -0.421689 -0.694769 -1.214 0.275454 0.329525 -0.449132 -0.37704 -0.121152 0.422432 0.391546 -0.0417144 0.592591 0.112245 0.188975 -0.322378 -4.8 -0.412051 7.12664e-10 4.57452e-11 -6.83091 0.491634 0.335487 -0.346902 0.352186 0.183957 -0.238717 5.82445e-11 0.1039 -0.348057 0.317975 0.547546
0.0583492 -0.740743 -1.55266 -1.08267 -0.8 -0.93132 0 2.79998e-13 -0.353933 0.0836207 1.40266 3.5427e-11 2.97842e-10 0.573816 1.6 -0.141079 0.342563 0.579113 -0.307676 -0.965258 -3.56743 -0.195259 0.037772 -0.0747808 -0.425115 0.8 0.158378 0.210812 0.233694 0.313969 -0.359294 1.93994e-11 -2.28761 -0.595312 0.0594906 -1.15158 1.70752 0.265857 0.36814 0.8 0.0620262 1.31917e-11 -0.296242 3.27249e-12 0.0990336 0.32177 0.60421 0.325854
-1.33124 -0.284244 0.059245 -0.908095 -0.0266115 -0.31566 -0.653089 -0.762882 -1.06486 -0.513757 -0.0742286 -0.137954 0.773595 0.398471 0.652997 -0.8 0.0155149 0.251402 -0.222957 -0.155483 0.75979 0.224427 0.8 0.444636 0.0704257 0.106431 0.328161 0.0866016 0.18859 0.28006 0.447579 0.193675 0.220419 2.2472 0.050388 0.27924 0.430675 0.348964 0.829007 0.8 0.329126 0.0313239 0.619956 0.26652 0.522999 0.435335 0.213816 0.366405
-1.7152 -2.22044 -0.0360982 0.112226 -0.8 -0.8 -4.2896 -0.461864 -1.6 -0.319011 -0.258682 -0.585935 -0.562457 0.0669064 0.207229 -1.26831 -0.8 0.0778156 0.329627 -0.378668 0.350952 0.0552547 0.304297 0.533585 -0.413451 9.43126e-11 -0.559953 0.195011 0.180283 0.213818 0.505983 0.615236 -0.514109 -0.082823 -0.720357 0.546907 0.340812 1.00894 0.8 0.675749 6.64029e-11 0.0962693 0.8 0.8 0.567482 0.245324 0.0557331 1.03071
-0.0254352 -0.369009 0.278564 -0.440936 -0.271593 -0.408831 -0.326416 -0.489567 -0.745247 1.78619e-11 2.52967e-11 -0.221008 0.0671225 0.129879 1.2899 3.76166e-12 -0.215977 -0.8 -0.149369 -1.39142 -0.397633 0.0427857 -0.420185 -0.491053 -3.15595 0.028495 -0.8 0.0574954 -0.478615 -1.37854 -0.508989 0.0899926 0.529536 -0.630927 -1.80593 1.60756e-09 0 0 0 0 0 0 0 0 0 0 0 0
0.262405 -0.289147 -0.278755 -1.13908 -0.176176 0.209843 -0.317899 -0.687218 -2.4 -0.792434 -0.194247 -0.775491 -0.8 1.09712e-09 -11.7683 0.158556 -0.374996 3.9289e-11 -1.28169 1.36666e-07 0.8 -1.6982 0.190937 0.0586158 -3.55471 5.38041e-11 0.20498 0.0301878 1.30096e-12 -0.371728 -0.42564 2.76668e-13 -0.324364 1.14498e-09 -0.329056 -0.797812 0 0 0 0 0 0 0 0 0 0 0 0
0 0.146616 -1.40556 -0.372375 1.12005 -2.4 -0.896257 0.0884195 -0.526052 -0.373042 -1.22216 -1.48194 -1.23669 0.336539 -0.417603 0.0600496 -6.4 3.30624e-12 0.147171 0.004123 0.0325023 0.243058 0.580036 0.581623 -5.2268 -0.580864 -0.992772 -0.118093 -0.669659 0.8 0.141207 -1.56552 -0.367448 -0.280695 0.0740685 0.120776 0.058867 0.162753 0.380105 0.1501 -0.301232 -0.426561 5.5475e-10 0.612448 0.142137 -0.41752 0.0223916 0.8
2.00575 0.058503 -7.31061 -2.55635 -2.15103 -2.63051 -1.02996 -0.65474 -1.6 -2.07026 -0.8 -1.33364 0.137886 -0.739207 0.444424 0.409111 0.438025 0.679582 0.259865 -0.00579008 5.52793e-11 -0.353963 2.36656e-09 0.566328 -2.47173 -0.814501 -1.20601 -0.700021 0.213014 -0.244445 0.340831 -5.01326 -0.203912 -1.41357 -0.197252 -0.550158 0.542895 -0.662188 -0.212499 1.06448e-08 -0.691271 4.01235e-12 -0.553722 0.266178 -0.669096 -0.234042 5.41234e-12 -0.990128
0.144397 -0.61784 0.673975 -0.466177 -0.326708 1.04593 -0.949974 2.60196e-11 -5.64631 -1.30658 1.15785 -1.09461 0.249192 -0.575042 -0.373547 0.572508 0.523874 0.579748 -0.124692 0.267046 -0.8 -1.6 0.488702 0.956405 0 0 0 0 0 -6.98038 -1.2221 1.6 -3.2 -2.23163 -1.97676 -3.09974 -0.529093 0.310789 1.6 0.106461 -0.340186 0.332574 0.156581 -0.26144 1.02804e-09 0.410809 0.825175 -0.286021
1.04066e-10 2.22939e-11 -0.579053 0.8 -2.65148 4.08847e-10 -0.330267 -0.396507 -0.260876 -1.10504 0.736291 0.0633833 0.8 -0.902879 -0.961149 0.427098 0.196435 0.317362 -0.336274 -0.0893581 -0.389778 -0.368081 0.199089 -1.32907 0 -16 0 0 -1.82526 -7.2 -0.230887 -1.81732 -1.14409 0.210629 -3.15769 -4 0.360809 -0.253458 -2.11193 2.50688e-13 -1.09961 -0.0692368 0.201486 -0.0437916 0.2094 1.80508 -0.300578 0.0785992
-0.0608531 -0.55573 -1.77546 -1.94584 -0.271754 -0.518545 -0.886055 -2.74972 -0.282388 0.458843 0.921169 1.09194 -2.15849 0.0295919 0.176491 0.395938 0.110614 5.203e-08 -0.8 -0.219534 -0.659179 -1.78351 0.217614 0.640562 -5.13643 -2.11973 1.08397 1.0942 1.41709 1.12525 1.098 0.325401 0.0706314 1.04993 0.96311 1.42156 2.59546 -0.117339 0.470332 0.8 0.553141 0.259127 0.709597 -0.435328 -0.54342 1.26876e-12 0.686037 0.102533
-0.9808 -0.633798 -1.01854 -1.06591 -0.42046 -0.700647 -0.366286 -0.777224 0.0991925 1.72161 0.8 -2.4 0.918841 0.139718 -0.517625 1.28849e-10 -0.114772 -0.280545 -0.0803625 -1.07698 -0.385574 -0.152515 0.18163 0.181878 -3.2 -1.88375 0.295881 0.8 -0.383922 1.10376 -8.8 0.144593 -0.130411 0.182363 0.623141 0.50427 -1.00653 -1.6 0.8 -4.60468 -0.38057 -0.178447 -0.683329 -0.375253 2.01217e-12 -0.538812 -0.417584 -0.486735
-0.657077 0.146772 -1.42852 0.427884 3.49486e-10 1.01146 -0.593211 -1.11619 -0.498579 -0.449308 -0.367733 -0.131771 -0.497899 0.337522 0.449724 0.534035 -2.4 -1.30133 -0.4452 -0.00660971 0.533269 -0.0568766 0.554932 0.99433 -0.261794 1.11074 0.976672 0.281806 1.03805 0.693104 1.11736 1.09608 0.816596 0.202207 0.55157 0.930157 -0.569103 0.393433 0.328246 -10.4 -0.0498206 1.77638 -0.227097 -0.0990015 -0.262584 -2.92518 0.879512 0.481687
0.413731 -0.221235 -2.28421 0.578933 -3.64341 -0.295467 -3.1477 0.588426 -0.294797 -0.0484921 0.195944 0.958571 0.222044 0.224632 -0.751046 -0.423908 2.15204e-09 0 -3.53519 0.0984774 0.262909 0.397169 0.586406 0.390947 0.855568 -0.0405313 1.86947 0.980359 1.20909 2.76977 -1.6 0.961332 1.07991 0.634723 0.467964 0.70876 0.0458235 -0.102007 0.19276 -0.409746 -2.03358 -0.327752 -1.13223 -0.547145 0.351791 -0.191049 0.164318 1.98712e-10
0.0536735 -0.78417 -1.39296 0.601156 0.122214 0.0495072 -3.1538 -0.187378 1.13672 0.124559 0.311975 0.44318 -0.384702 0.381779 -0.706652 -0.891623 0.173386 -0.538427 -0.962432 -0.774835 0.105083 -1.27131 0.334743 -2.93823 0.606234 0.8 -0.461559 0.305814 1.19042 2.68661e-11 0.630468 0.395953 0.572565 0.060633 1.75307 1.12058 -0.293075 -1.6 0.212008 -1.46317 -1.70027 -0.398815 -0.8 -0.8 -0.372622 -0.214655 1.08045 1.16412e-10
0.847571 -0.906011 0.398343 0.41252 -0.109506 -1.19737 -0.58802 -0.574927 0.8 -0.216808 3.68393 0.672836 -0.319439 -0.476069 -0.848952 -0.423198 -2.10765 -0.667169 -0.229198 -1.91791 1.18307 -1.36164 -0.507483 0.217753 -0.515371 0.179062 -0.204494 0.203288 -0.728863 -0.8 0.655383 0.45441 0.0606927 -0.0309369 -3.03578 1.03994 -0.389979 -0.0495168 0.292938 -0.593067 -1.2525 -0.774261 -1.15342 -1.43465 -0.397511 -0.200987 -0.26139 0.506253
0 -6.4 -8.8 0 -2.2771 -3.48186 -8.46701 -4.45454 0 0 -7.89732 -7.08228 0.163241 0.276791 0.202 -0.757204 -0.906088 -0.744574 0 0.66864 -0.375336 -0.355397 -0.772947 -0.287102 1.09506 0.965114 -0.20317 0.313261 -0.548559 6.90299 0.202039 -0.436357 0.503407 4.41558e-12 0.438971 -0.958214 -0.573412 -2.4 -0.125487 -0.634303 -0.230366 -0.481512 -0.607806 0.864184 -0.371105 3.02119e-10 0.270002 0.499361
-3.80293 -6.25821 -4.57132 -2.4 -6.4 -3.70185 -6.91876 -2.86682 0 0 -6.39999 -5.32932 -0.306251 0.31698 -0.514263 0.147507 0.174723 0.152569 0.255561 -0.534734 -0.677209 -0.667554 -0.320014 1.26317 0.130876 1.23587 4.39833e-11 0.895354 0.415459 0.56744 0.913557 0.959042 0.0631331 -0.8 0.304068 0.344181 -1.29762 2.01672 -0.372817 -3.2352 0.087714 -0.270938 -1.11757 -0.391084 0.0294338 0.386397 0.175453 0.321671
-0.0524443 -2.39457 -1.4798 0 -1.6 -1.05457 0.291624 -0.696105 -0.444734 -0.768017 0.346731 0.314095 0.395363 0.530975 -0.445851 0.101812 0.8 3.43648e-10 -0.525082 -6.96398 -1.34748 -2.4 -0.490111 0 -1.32408 -0.180515 -0.0349715 0.246813 -0.386833 0.879543 0.829611 1.12417 2.78426 0.703846 -1.0924 1.78099 -0.302215 1.5488 -0.501459 -0.642751 -1.22792 -0.0556976 -0.514321 -0.549082 -0.117388 -0.382002 0.502817 -0.265727
-0.254169 -0.8 -0.506547 -0.97179 1.37668e-14 6.19659e-09 -4 -1.17277 -1.6 -0.8 -0.0880799 -0.391737 0.330161 -0.399564 -1.11638 -0.0500466 -2.12679 0.8 0.390458 -2.23308 -0.712701 -0.859887 0.211396 0.132218 0.279344 0.45962 0.131881 -0.282405 -0.474762 0.348395 1.29295 2.35473 1.69213 -1.04974 -7.50687 1.6 0.85553 -0.469993 -0.918533 1.63425e-13 -0.8 -0.8 -0.583423 -1.19931 -0.779959 -0.768996 0.402691 0.380738
2.53011 -0.8 0.153388 -0.0623962 1.80806 0.8 0.554173 -0.8 -0.544457 0.856652 -2.67101 -0.82798 0.365596 -0.24395 0.194933 -0.9703 0.138504 1.25468 0.433649 0.268565 1.08038 0.0310983 0.971431 0.973183 0.334975 0.105432 -0.237617 -0.00934738 0.299987 -0.536937 0.413873 0.275549 0.315888 -1.45234 0.324662 0.280666 0.36928 0.888043 -0.769155 -0.171854 -0.258963 -0.5928 -0.882309 -1.01833 -0.8 -0.237512 0.331187 0
1.53926 -0.917948 0.177869 2.02181 1.24081 0.406091 0.898463 -2.17708 0.562303 -13.6 -4.28544 -2.81956 -1.57904 0.400682 0.0677686 0.586085 0.45627 0.880618 -14.8941 1.63484 -0.8 -5.67132 0.868287 0.624066 0.116874 0.154171 -0.269005 0.8 -0.671949 -0.202047 0.0369413 -0.0512201 -0.86133 0.0385691 1.51471 0.0610651 1.04286 0.758101 -0.25419 -0.431939 -1.03255 -0.427366 -0.8 -0.751009 -1.09765 0.0473094 -1.91806 -0.344374
-0.575194 -2.31944 -0.920293 -1.89111 -1.68674 -1.94678 -1.66618 -0.565854 -0.503362 -0.217393 -0.8 -4 -0.750661 -0.315083 -0.89294 -0.656302 -0.317635 -0.49084 0.847829 -0.592291 0.8 -0.603141 -1.06358 0.612923 -10.1455 -9.37219 -8.93047 0 -9.6 -10.182 11.5031 9.85494 12.3618 9.49386 0 13.4877 -0.26486 -0.708723 -0.828845 -1.20111 -0.503974 0.102812 -0.268209 -1.22339 -0.423574 -0.975002 -0.543218 -0.495004
6.67266e-12 -1.96754 -2.08655 -0.65636 -0.713198 -1.84826 -3.04158 -4 -1.06175 -1.33258 -3.34427 -2.4 0.00555857 -1.63018 -0.32164 -1.29672 -0.4843 -0.8 -0.766689 -0.712837 -0.517738 -1.82316 0.45741 -0.134188 -11.9406 -12.3801 -11.355 -8.75683 -10.9687 -10.2064 10.0655 10.8895 11.3628 12.0143 11.7652 14.0541 -1.223 -0.79339 -1.17231 -1.39279 -0.8 -0.771071 -2.53866 -0.620352 -1.22745 -0.825504 -0.8 -1.6
0 0.206756 0.520619 0.0655505 -0.405409 3.69424e-11 -0.363622 -1.6 0.502045 -0.534405 -2.4 -2.15244 0 7.30371e-12 -0.423136 -0.527041 0.32271 -0.797482 -0.644297 -0.387794 -0.23938 -0.0275052 0.260074 0.321971 -0.261413 -0.719729 0.185759 0.934524 0.21652 0.8 -0.067421 -2.22462 -0.8 -1.49203 -0.701817 0.391422 -0.565883 -0.192127 -1.29375 4.2574 -0.450596 -12.2587 -0.318827 -0.605969 -1.38051 -0.423898 5.1783e-12 -0.375057
0.34657 -0.663186 0 0.321541 0.8 -0.340586 -1.33293 -2.47503 -0.8 0.106765 -1.54083 -2.18201 -0.8 -0.436816 0.152978 -1.85335 -0.8 -1.56548 -0.687045 -0.560267 1.361e-10 0.0694261 0.546549 0.997969 -0.216207 0.993095 -0.190652 -0.78657 -2.35222 -0.479733 -0.647066 -0.379732 -0.518975 -0.899956 -0.284356 -0.458658 -8 -1.22599 -1.6 -1.89612 -0.307361 -8.8 -0.791818 -0.522478 -0.8 -0.326617 -0.463417 -0.662235
-0.392379 -1.25888 -3.53454 -8 -1.66429 0.0578507 -1.6 -1.11899 -2.08257 -4.54785 -1.37794 -0.568727 -0.661102 -0.331277 -0.58577 -1.32389 -1.63225 0.183064 -0.451515 -3.2 0.795911 -1.04376 0.91915 1.02498 1.1495e-11 -0.300691 -0.0510387 0.668848 -0.668583 0.480737 -0.466361 0.31498 -0.28215 -0.693948 2.14227e-08 -0.746676 3.25841 3.5571 1.78411 2.4 2.78717 1.6 2.80287 2.54541 2.4 2.42535 0 3.17725
1.43439 -2.05216 -0.391904 -2.4 0.362624 -0.8 -2.96403 -1.59998 -2.32001 -0.201579 -2.11934 -1.10211 -1.06137 0.8 -0.67262 7.36056e-12 0.8 -0.687324 -0.290744 -1.10229 -0.237068 0.600745 0.630962 0.3975 0.00886627 2.45983 0.193299 -0.501619 -0.8 -0.7662 -0.137498 0.182437 -0.442054 0.814077 -0.8 -0.0576624 2.9513 1.8579 -0.923829 1.3471 2.4 2.14275 3.40642 2.64342 6.04456 2.80122 4.02169 4.65779
0.163302 -0.8 -0.246845 -0.894778 1.15535e-09 -3.50054 3.1971e-09 -1.11398 0.173121 3.34873 -0.138783 0.43157 -0.658798 -0.8 -1.0372 -1.56119 0 -1.50931 -5.6 -1.41996 -0.0946961 -0.332077 0 -2.32697 -0.983306 -2.4 0.369689 -0.8 -2.06599 -1.2457 1.65259 0.219945 -0.664968 0.109177 0.741179 0.938636 -0.601547 -0.244443 -0.799999 -0.665819 -0.397454 -1.16521 -1.092 -2.22779 -0.412929 -0.629499 0.295519 0.584812
-1.19072 -0.621663 -0.552164 -0.792029 -1.6 -3.46854 0.290813 -3.7582 -0.455057 3.8033 -1.28243 -0.967558 -0.496533 -0.8 -0.477299 -2.60002 -0.516544 -1.09743 -0.515017 -1.6 0.316395 2.4101 0.402908 -1.3327 -0.8 -1.14044 -1.09744 -1.23517 -3.49125 0.279173 -0.309925 0.616927 -0.388045 -0.566434 0.75373 -0.483883 2.4 -0.705283 -0.786112 3.68461e-12 -1.32563 -1.10487 -1.6 -0.31932 -1.03661 -1.83693 2.1547e-11 0.994903
-0.130245 -1.56985 0.108598 -0.233195 -0.989791 -0.628912 -0.42855 -1.38944 -1.89764 -1.6 1.84925e-10 -2.60634 0.945996 0.433603 -1.1048 0.0926623 0.0217431 -1.25396 0 -3.42609 -1.6 0.784278 0.804322 0.590201 -0.368987 -0.8 -0.8 1.91469e-12 7.03881e-14 -0.00970106 0.375957 -0.736101 -0.939302 -0.147795 -0.472986 -0.67856 -0.643326 -1.40452 -2.9797 -1.22058 -1.18212 -1.13393 -0.167932 -6.67466 0.117662 -0.24948 -0.151211 -0.158595
-1.045 1.78502 0.579369 -1.25264 -2.4 -0.990876 -0.474898 -2.76867 -2.25997 -2.4836 -0.4028 -1.93826 0.0782017 -0.714901 -1.80614 -1.86357 -0.953547 -0.734367 -5.6 0 -2.15424 0 -0.695873 4.00141e-10 4.74969e-11 -0.93756 -1.22098 -0.855569 1.57763e-09 -0.610721 0.0440094 -1.49437 -1.52929 0.8 -0.472857 0.23359 -1.13175 -0.8 -1.6 -1.3894 -0.646839 -2.4 -0.963382 -1.02703 -0.0268281 0.153416 -0.434244 0.000813338
-14.7139 -19.2459 -17.0691 -15.705 0 -17.8148 0 0 -18.4646 -18.4 0 19.4979 0 5.38106 5.46621 7.05583 4.06216 3.35337 0.0374555 0.209457 -1.37295 1.6 2.53356e-10 -2.02083 3.2 2.4 1.86002 4.22921 -9.12921 -8 -6.07864 -4.8 -10.5395 -8.88307 -9.04807 -7.46279 -2.19944 -3.57543 -6.39473 -5.43667 -5.17526 -4.3706 -11.3288 -19.1999 -4.8 -8.24567 -7.4508 -8.81703
0 -16.5118 -18.701 -15.2 -0.225133 -14.5563 0 -19.9981 -18.4147 0 19.463 0 -0.0719563 3.5716 9.0377 6.53702 4 0.8 2.4 -4.2897 0.378707 0 0.802154 1.6 -0.913582 0.358443 -1.60127 -0.352855 -10.4 -2.88125 -2.27821 0 -10.7533 -7.25901 -7.4907 -7.12194 -4.82697 -4.64003 -10.8957 -8.06124 -5.99776 -7.0593 -13.072 -11.3419 -6.99067 -6.4 -8.05694 -9.98318
0 0 0 0 0 0 0 0 0 0 0 0 0 0 0 0 0 0 0 0 0 0 0 0 0 0 0 0 0 0 0 0 0 0 0 0 0 0 0 0 0 0 0 0 0 0 0 0
