36 0 36 72 0 72
-1.2 -9.23011 -5.70983 1.2 -6.4 -5.37399 -4.4 2.66312 -2.67063 8.75924 -5.2 3.02669 0 12.7504 4.16191 8.23337 6.13307 18.8 11.9307 15.7098 17.2 5.40029 13.8263 14.4509 -1.252 16 13.7584 3.43956 14.6509 4.38258 12.366 15.2 0 12.5479 20 9.6
-6.4 -6.4 -3.88372 -8 -3.6 -0.806314 -1.0575 -0.4 -7.2 -6.4 -4.36939 -5.47169 3.32501 4.39828 13.2 2.42051 12.2459 -0.8 8.4 0.799998 -2 12.4 6.4 5.67605 7.032 -13.6 5.2 -1.25217 -2 18.8 -6.8 -3.6 7.99996 0.4 -1.46898 13.6258
-2.8 -5.2 3.54503 -4.0251 -2.1036 -4.17727 -3.86938 -4 6.8 2.8 -2.4 4.05432 2.8 6.79994 15.2 7.9436 4.39999 2.79997 8.48633 13.2 9.19996 14.4603 10.5243 16.8 -2.87452 -1.6 13.8469 -6.01315 13.2 3.2 2.39908 11.0552 1.57384 -1.2 -0.13851 -2.8
0.399999 -4.4 -3.06641 -4.28009 -3.75549 -4 -2 4 -2.4 4.8 1.42371 1.2 14.9239 5.6 11.6 10.4 -0.486857 7.2 13.3275 4.89462 8 7.41218 4.8128 19.0335 0.824122 -2 7.16603 3.77069 -4.4 -1.74312 3.2 0.688008 -4 6.71437 1.97275 1.06148
8.4 -1.2 -1.15174 0.830275 -0.651286 18.1867 -2.02215 -6.70481e-06 -1.9287 2.65422 0.0292209 3.86846 5.17557 9.20003 3.20074 6.13471e-10 15.2033 4.10846 1.6 2.8 4.80024 8.3961 4 4.75178 1.2 -4 6.13085 7.40876 5.6 -2.79244 3.59583 13.2 14 -2 -1.16926 5.63599
-0.12674 -2 -4 -1.6 7.2 -0.594507 -0.461558 13.2924 0.4 3.72496 2.74802 -0.4 13.2 12.8 1.13853 0.8 5.11004 4.52395 14.7998 8.8 16.2807 11.5846 6.25371 5.74859 -4.75924 -3.87984 -4.8 -2.8 10 2.4 -1.2 2 0.940461 -1.47888 0.541477 -3.02103
-0.79006 -4.29791 6.3953 4.4 5.2 -1.34631 -2 1.42189 12 16 2.8 -16.4 1.2 2.5195 14 15.1682 1.9696 12.5672 6.68092 9.96008 3.6 13.8161 10.1968 5.54904 -3.2 -4.11832 -3.6 3.75423 7.10641 7.2 5.33208 1.17817 19.6029 2.4 -2 14
11.2 3.06351 4.89487 1.31316 -2.19541 1.22296 0.240384 -2 1.6 2.47211 3.10127 10.0954 9.61717 3.2 2.8 18.8 6.59754 13.1803 2.31004 4.34809 7.60665 2.8 17.3106 14.2165 -2.71923 -2.98176 8 -4.56709 -0.653579 0.4 4 -1.116 2.70918 0.8 2.4 6.4175
-1.2 3.59999 4 -2.8 8.30893 6.8 0.860511 7.38746 -3.2 2.76911 8 8.8 3.09164 1.73472 4.64894 8 6.36281 2.14994 4 13.6553 9.99999 20 6.8 17.6 -1.83044 -3.29365 -1.70992 -1.97559 0.896183 8 -3.2 9.15712 0.399977 -1.2 -2.95843 2.76691
3.2 -0.4 -3.15839 0.85412 -3.2 -1.6 19.0892 2.8 2.8 2.4 2 0.104536 1.18658 1.38724 17.6 4.79059 4.49007 4.21907 6.09434 8 9.6 7.49058 13.941 12.1316 2.4 -3.0834 14 12 10 5.57082 -2.55371 7.95002 -8 -1.6 3.16437 -0.0296901
-6.45907 -4.4 1.50707 -2.4 -2.8 7.71995 3.55803 8.51821 5.29617 -3.8598 5.88944 19.6309 0.642892 5.2 2.40859 16 7.6 20 20.4 17.9998 19.2863 12 19.2 8 -3.6 -1.60003 -0.98059 -2.8 -4.53222 -1.14731 -0.475196 7.6 3.2 6.4 -1.3723 -1.36063
-4 -2.8 2.4 19.6727 -8.8 -1.68583 8.80247 8.79934 -3.70992 -1.3593 20.4 -1.6 12.1013 9.40254 15.4692 19.3137 1.95025 5.67434 9.49131 7.30165 8.72115 7.32943 6.8 19.3794 12.4 -4.4 11.8257 10.8363 13.6822 -4.4 2.73533 -1.04442e-10 0.4 1.46129 5.52432 -2.1476
-3.2 0.874555 -3.16079 -1.25132 20 2 1.46311 10.8643 -1.36033e-07 2.4 2.84604 19.9903 5.74505 1.2 2.90345 -4.20647 5.2 3.25865 0.399999 10.0537 -0.400192 0.4 8.80546 9.0289 5.59999 7.2 1.6 8.79992 0.995256 11.9998 1.2 2 6 11.2 2.4 14
-5.6 -2.59749 1.24839 3.82176 15.4629 0.298431 0.8 9.99598 9.02908 5.45076 8.59416 5.26522 -2.4 3.25032 -3.21638 0.628427 8.31045 7.37023 4.99482 1.59549 0.8 3.2 2.48485 2.40001 6.22476 6.00001 -1.59237 6.4 0.8 10.8 7.79721 -2 0.4 11.6 6.80003 11.6673
-2.8 -4.21025 -2.07923 -1.2 0.92004 0.118447 13.8905 12 1.2 1.59999 5.6 3.62776 -0.293209 -2 14.8 -5.20001 4.5885 3.80994 -0.564037 -1.40971 0.135627 3.40371 11.5228 1.63729 0.266448 -0.0768736 -0.0972599 -2.15673 -2.4 16.8 6.64095 3.6 2.51581 10.7524 14.8 1.92071
-1.58814 -2.52917 12.4 1.60926 -2.38111 0.0540404 4.4 0.4 14.0008 2.8 13.5833 0.8 0.579127 20.4 -4.40314 -1.2 -1.19976 0.97565 -0.808744 8 0.244373 20.4 8.8 14.2163 -0.760219 1.85736 3.90143 0.505525 5.85479 -0.418715 17.2462 9.19996 1.6 15.2 3.61018 5.82525
-1.92776 -1.06589 0.4 10 -0.8 -6.4 0.346883 0.4 7.21894 5.48366 2.22405 10.7767 -5.05454 -3.28046 4.17816 -4.18897 3.18101 -5.04997 2.8 1.34895 15.5878 18 -1.65861 19.5221 -0.364212 -0.4 -0.00429381 -1.6 12 -0.203905 11.564 0.431803 0.854306 0.309679 -0.296584 12.9831
8.00265 -1.06184 3.50507 1.94791 -0.955257 8.8 8.22815 4.87594 0.4 2.8 4.93625 15.9013 -3.42862 -5.2 10.4 7.41893 10.4 -2 0.8 -1.42475 16.4 20.4 -0.655805 6.4 5.95483 -1.99488 2.27903 -1.2 3.98263 4.00005 3.61435 -1.2 2.42676 -1.15279 3.95597 4
-2.95055 -0.794225 3.3582 4.96356 0.401105 -2.4 0.0672979 4.43702 14.8 2.44099 5.13239 3.97615 1.64271 1.48458 -3.6 10.8 -0.746676 6.14467 8.65545 -2.28247 1.04296 12.6858 14.8 0.4 4 0.399998 -3.60001 -0.441948 -2 -2.87868 0.930065 3.2 14.8 5.2 1.05538 1.55257
-2.41073 7.08068 2 -0.966566 6.8 4.05105 10.8 9.29051 0.668914 0.87469 5.6 6.44844 0.0818738 -0.0275468 4.94304 -1.21349 13.5153 5.98858 1.51963 -1.35792 -1.23869 4.11141 15.3823 10.8143 -2.71102 7.59991 -3.51559 4 2.14983 14 -0.983087 1.2 1.95826 2.8 4.22665 2.8
9.2 -0.40828 -2.59182e-11 -2.4 3.65919 3.17336 10.4 7.43035 8.79255 18.6605 2.8 4 -17.6 -3.6 15.1002 -0.0308862 12.8 3.48506 16.4 3.87675 -1.42857 -2 -0.501519 -0.8 4.4 2.8 1.57431 4.7846 2.6309 4.4 6.4 10.3982 9.2 8.4 12.4 7.59897
10 4.80001 2 -2.8 1.6 0.79082 3.6 6.4 1.34642 -1.2 3.69916 12.4178 -18.2215 -19.6264 2.80721 0.4 -1.86294 -0.79994 4.98676 -2 10.1008 12.4 3.4656 -1.20106 0.843704 5.2 3.94476 1.16893 12.7449 4.8 6.4 19.8366 14 6.18215 5.09782 8.79778
4.22029 12.7156 14 -1.80383 16.7642 17.3028 7.75201 1.96852 11.5421 8.4 2 -1.30948 3.42868 -2.80023 4.2853 12.1194 -0.4 7.02424 12 -0.8 0.957101 2.89847 0.16307 7.2 -3.90038 -2.8 -4.24219 1.6 12 -0.462378 14.7951 0.935571 0.259768 -0.00754639 2 0.283772
4.79982 10.4 -1.1939 4 16.3222 12.4608 12 4.57546 5.2 10.4 0.908634 1.6 -2 11.6094 -1.66083 5.43071 10.8 4.20474 10.4441 5.48091 0.222205 6 -1.20718 4.8 14.4316 2.57553 -1.51834 -0.767796 3.35125 0.4 4 3.16422 1.13305 -1.05296 2.32286 0.8
13.8191 0.8 -1.2 3.37753 2 15.2002 8.4 6.73563 -2 -1.50978 1.81535 10.1901 19.5201 7.85893 8.54913 8.59735 -4 -0.0893475 1.55372 20.399 19.2 19.6015 1.80798 8.82977 7.06092 2.81125 -2.53032 -2.4 -0.0344319 -1.50304 1.02811 8.32376 2 0.265374 3.93506 1.83467
10.7981 -4.4 -0.516054 7.54534 0.838219 11.4001 -0.8 4.21946 7.2 10.7999 17.5306 2.82772 -0.400096 2.59795 5.6 0.182767 -0.4 -2.08165 20.0976 0.8 6.8 19.6322 6 7.33066 12.1198 8.31552 8 -3.9705 -2.96952 -0.362676 5.23096 -0.845628 3.36251 4.86856 7.2 -0.403344
1.35052 11.8739 -2.91005 6.52419 6.02193 11.2 2.50554 6.4 -1.00053 1.36616 9.91896 3.22328 -4.63548 4.8 20 1.6 -1.75172 -0.8 -2.4 10.4 19.7191 20 5.67817 7.94742 -3.6 -2.4 2 -5.48941 -2.30034 -1.49176 3.2 9.97546 -1.46862 7.38765 1.10667 12.4
11.215 7.20001 3.0289 -2 11.2 4.9023 0.205021 9.56373 5.6 9.2 3.27543 2.0602 -6.58327 -2.4 17.82 17.6 8.25752 -1.6 19.9924 19.8366 19.7242 7.2 11.4248 0.916798 14.4 0.732553 -2.8 -3.43327 -3.2 -1.2 4 0.8 0.399997 -5.12338e-07 8.4 9.68763
-6.46097 -4.26898 0.4 -4 0.8 -2.97658 -0.88876 -2.17619 -0.512383 0.4 -1.34531 0.584146 -2.33588 -5.2 1.2 19.5079 0.682359 19.6233 20.4 3.65778 0.992644 -3.2 -4.22964 6.8 9.6 -2.4 12.8 -2.83977 6.45556 -4.8 -0.0730109 1.6 2 -0.4 -1.62539 2.08362
7.6 -1.14191 1.68525 -0.4 -2.63281 0.331752 6.4 -2.91164 -1.44919 1.55011 0.598067 1.44088 14.7991 20.4 -4 18.4836 -3.40381 15.4714 4.4 19.6 3.92783 2.45468 2.60607 8.20584 2.25001 -3.2 7.4662 -0.515819 1.49353 7.2 6.4 -0.400002 15.3595 2.8667 1.2 0.378497
16 3.18517 -1.6 14.2823 1.6 10.7345 10.1609 14.8104 3.35445 -0.696646 7.77485 3.25073 5.00387 3.92851 4.4 4.52734 1.6 6.63976 0.29718 5.12126 -3.88196 1.69843 0.7998 1.82934 20.4 12.8 6.7588 18.5925 18.7441 18.8 -1.44075 1.22602 -0.989057 -2.21207 -1.2 -0.193677
7.9123 3.58851 -3.65363 13.2006 2.30361 4.47544 13.9796 20.3975 20.4 3.38814 17.3294 16 19.9273 9.6 15.6 -1.2 -2.60149 1.2 6.66008 18.8 -1.36702 19.9989 2.79813 4.27336 17.6 20 5.6 19.5559 11.2 18.8 1.22789 -0.499965 -2 0.4 3.0431 -2.99644
3.2 -1.3167 1.66123 1.63646 11.2 -0.8 -2.03945 -2.8 20.4 6.71028 20.4 -1.70411 -9.83886 -6.4 19.4667 0 0.8 -8.84659 2.50174 11.2 15.6 16.2162 11.6 9.2 -3.29921 -2.28769 -6.14321 -5.28585 -1.67255 -4.67181 1.6 13.0189 -2.51963 0.8 -1.0217 0.917179
-2.4 -0.974503 18.8 0.399971 -2.88749 -0.819164 -4.4 -3.2 20.3549 3.2 6.66442 19.1558 -9.94704 -10 16 -5.6 -0.8 -6.4 -11.7296 20 -8.6063 14.9668 19.2315 19.4744 -4 -2.60742 -2.14543 -6.00386e-11 0.8 -2.31326 1.5463 2.4 8.8 1.2 -0.879056 -0.22117
20.4 -9.56358 15.2 14.4 18.9907 19.7476 17.5397 -11.0117 19.6081 19.8354 16.9253 17.9484 2.4 -0.753525 5.22715 -3.1127 12 -2.05764 4 19.6704 -1.2 3.2 12.4 11.6 7.98226 -0.333901 0.660397 -0.369623 0.0140498 3.6 7.87558 9.16519 0.954172 11.6268 6.3473 2.68624
19.5503 17.8164 16.7369 19.5407 4.8 20.4 19.9062 13.9685 0 20.4 19.5506 16.5176 19.418 -0.8 9.2 20.4 12.2209 0.114522 19.9783 19.7235 19.3441 9.2 4 5.39435 1.99618 3.01806 0.19349 -1.26175 -0.4 3.05645 9.2 6.05476 2.8 3.85334 7.99458 10.4
-2.0287 4.48873 -0.128497 8.40008 6.8 -7.80271e-11 0.8 5.6 4.05012 -3.6684 1.20937 3.30432 1.2 1.59609 -3.15843 15.2 -4.26104 -2 9.20053 1.67175 0.324593 -0.609998 14.4 7.05179 8.4 -4 -1.2 -1.6 6.29689 9.48693 -2.39999 18.5065 1.43164 0.48416 2.21651 -1.12173
12.6259 -0.365424 0.8 0.483995 6.4 4.41235 -2.0447 -2.81148 1.05085 2.02201 4.4 0.995999 1.98071 -0.8 -3.75409 0.399999 1.59867 -2.62095 8 2 -0.79492 -0.4 11.2 16.2415 12.2834 1.10652 6.00034 10.6045 4.50959 4.28171 2.4 -0.4 1.6 2.05431 7.45816 0.477581
-1.6 -0.774835 -0.0888254 -2.9513 -1.2 11.6 0 -5.6 -2.8 0.606431 5.43221 1.23901 -0.8 -4.06838 -3.6 -0.624657 -2.8 -1.47221 1.10217 18 1.1673 10.8 1.07016 3.2384 6 -4.00212 6 -3.6 -2.98827 -4.2298 -2.45177 5.6 -5.33514 1.97325 -2.75522 9.2
9.2 1.20089 1.25777 -1.48198 -1.93724 -3.10249 1.38506 6.46137 2 14.964 14.0632 -1.23927 0.577688 0.8 2 -3.61565 1.49477 11.6 7.6 6.1625 10.7961 6.79702 11.4696 3.14946 -4.80376 -4.99886 -4 -4.05953 -5.13201 -4.20601 12.4 -4.90073 4.4698 0.8 -1.6 4.65123
4.76363 -4 -1.42284 -2 -2.56499 -2 0.220135 1.03477 -1.6 12.2638 1.13637 -0.550368 -0.4 -2.52256 -5.2 -1.19241 6.28237 -0.619326 0.771717 1.95846 6.04616 4.34178 3.6 1.2 0.0459603 10.7581 1.67611 4.33405 3.53333 0.190096 1.69329 0.20428 13.2 13.758 3.6 3.6
-2.8 -2.8 -2.12428 -0.8 -0.239953 2.38972 0.4 -2.8 10.4 1.861 0.609563 -2.34195 1.14732 15.2 -0.939641 3.2 3.41016 15.2 2.8 -1.6 5.19998 5.71309 7.99969 -3.89919e-06 3.71257 6.91119 -1.30431 1.28011 4.8 3.97236 1.06001 0.850856 5.45211 7.39238 3.6 2.4
-3.5885 -1.6 -2.19288 2.2635 1.15642 2.4 -0.965546 20.4 15.4627 -0.354718 3.6596 2.82272 -0.4 1.2 -0.80987 0.440593 -0.127954 15.0015 14.4 15.484 13.6 18.0252 2.33343 2.8 -2.85823 -2.07525 -0.419778 1.7865 -2.8 2.92511 5.56735 -0.8 0.462134 6.31515 -1.6 12.3391
0.4 1.1342 -1.57401 -2.15187 11.2 16 10.9254 20.4 -0.800014 2.0997 4.99234 0.609159 2.8 10.4434 -1.21665 1.2 1.06911 6.14833 8.51972 9.99908 16.4491 6 8.26647 3.27274 -0.0490836 -1.47819 3.13599 11.1112 0.199922 6.50361 2.35524 0.127992 0.688841 15.9469 7.2 6.8
-2.78982 -2.8 11.2 10.4 2.71218 -3.28755 9.63595 6.00884 -1.6 4.92679 2 2.73324 7.11226 5.63272 -0.740937 15.2 0.588291 0.771506 11.0598 3.44686 7.85744 1.79521 4.4 3.08474 -0.969654 1.12627 15.041 -1.2 1.2 5.2 4.4 3.61811 4.8 2 12.3403 6
-2.4 -2.87441 11.3867 11.2 -0.0272401 -3.265 -0.8 3.18568 6.8 1.2 0.750262 -0.220821 2.15916 4.8175 -1.6 2.29622 2.92856 6.94099 12.0369 13.1005 2.36018 5.77663 10.7324 9.59514 -0.8 -3.81156 7.6 -11.5685 1.2 9.19994 12 1.6 6.8 6.99307 15.1234 4.70961
16.8 -3.2 -1.95504 6.8 -1.23244e-10 1.82321 6 20.3998 0.4 14.8 5.20002 10.8 16.1972 -1.29601 -0.599403 14.6642 4.28105 6 0.521606 4.75876 14 20.3608 3.43675 3.6 1.51768 -4.8 9.59995 7.92613 -2.10668 3.5867 13.421 16 3.53053 -2 1.43577 1.19366
5.88786 1.2 -1.98971 -0.230058 -0.4 -1.76846 19.1544 -2.4 -2.97906 -1.6 -2.61745e-11 4.33737 20.2658 1.66858 1.53253 10.1099 7.10186 2 14.1912 13.6 20.4 20 9.08294 10.9676 9.6 2.12033 18.9358 8.41429 -0.865329 5.6 6.13329 10.4724 -0.472532 2.8 3.07202 1.2
-4.02419 12 2.4 1.2 -4.59517 8.8 -2.4 2.07341 6.24328 -0.625104 -0.756788 13.8502 10.0919 0.287675 2.23619 -2.96423 4.81348 8.20109 1.99997 -0.705478 -2.39921 2.02515 -0.0724021 9.6 -1.20001 8.21449 8.26697 9.6 -1.95418 9.90593 -2.24254 13.4797 2.8 -2.26134 2.4 -0.483578
-1.69335 -0.8 9.19619 -2.49317 0.112839 3.6 -0.300642 19.5594 2.7474 -0.313988 4.01588 3.43704 -3.50498 -3.54808 -4.10449 -3.2 19.9541 2.94593 0.726447 0.412088 1.59051 2.42271 1.6 0.54801 -1.2 -2.56659 5.2 6.8 -0.603243 -1.36652 6 2.8 -0.989289 9.80419 2.4 0.621562
2.82536 -3.2 4.4 13.8033 8.38014 -5.6 2.98151 4.43358 0.084577 0.565169 5.41706 16.6497 4.20943 -4.09631 -0.344819 -2.55783 10.4 -0.309112 -0.404535 1.85254 -1.07301 7.36579 14.3354 8.66345 -1.46494 0.434582 -0.457621 -1.23929 -3.6746 -2.4 -2.8 -0.4 0.399999 1.6 1.2 -1.07135
12.6343 -0.4 -2.8 -3.67698 -1.24688 -1.83947 9.07693 6.08184 -0.393249 1.39696 6.4 19.6323 -1.28588 -1.6 10.1127 -3.9997 -0.984643 3.6 2.07055 2.94424 4.77396e-15 2.8 8.76018 8.24139 2.8 -1.9894 1.81644 6.55611 -0.95996 -1.46097 6.58348 3.66609 3.27302 -0.676432 0.943966 2.31264
-0.231021 -3.55827 -3.41364 -4.60593 -4.42716 -3.86839 -1.14256 -0.111806 0.377383 5.6 2.13092 6.46632 -2.39615 -4.61295 1.16429 -1.74449 -3.46533 0.162828 -2.23977 -3.43144 1.64092 -0.560114 6.49301 20.4 -3.6 -4 -0.115581 -1.25726e-07 -0.8 -1.90021 -2 6.4 7.2 6 0.872372 4.56266
6.27528 11.2 -2.51682 -3.34369 -3.2 1.26959 4.68256 1.07455 4.44211 5.6645 6.18111 2.01008 13.5006 -2.8 0.272406 -3.80842 -2.42549 19.8405 -3.56094 -2.84755 -0.416847 -0.0136633 0.825436 1.41562 2.4 -3.2 -3.77386e-08 5.2 1.89526 -0.754468 0.0945451 -5.2 1.2 0.485927 3.13816 1.18752
0.4 -3.01753 -1.45066 3.57367 -0.0498476 2.14536 -0.8 -1.24897e-07 12 0.891246 1.97171 7.39421 -3.41417 -1.81779 12 -3.2 -1.26934 7.07174 5.05189 5.09042 12.7761 1.3675 -1.94716 -1.9502 -1.2 -2.8 -1.69029 -2.61062 5.6 9.08389 0 0 -19.6 -20 -18.176 -18.0182
5.40407 5.43245 -0.384514 0.968936 6.16195 1.785 6.8 16.2919 0.8 7.36516 17.553 5.6 8.4 1.6 -0.460975 -3.00456 8.24266 6.75445 -1.2 2.37915 -0.355852 6.90776 4.60717 2 -2.8 -1.6 4.71303 -0.400635 9.71793 -2.4 -14.7866 0 -18.4004 -4.62964 8.81008 -17.6
-4.8 -1.26956 -5.6 -2.68118 0.4 7.85632 9.65499 -1.34569 -1.37956 -0.8 -4.72074 4.76006 -1.067 2.08035 -3.2 -3.88508 0.914863 -2.4 -2.15866 5.91929 -1.29228 5.2 1.2 1.6 -1.07915 4.11922 -3.2 -2.4663 -8.26055e-12 -3.1772 12.8 2 -2.93148e-10 4.8 -1.19999 -0.4
5.03161 -4 1.26807 12.4 0.0325537 -3.2 -3.10573 -2 -0.8 19.6 8.42031 2.0331 6.32106 0.399989 -0.254565 3.2 -0.473942 -0.8 2.62755 -2.09835 3.51155 -2.09499 2.74277 8.35401 -2 -0.342776 -1.6 -0.806749 -1.2 -0.4 -0.736109 -1.26182 7.6 0.819099 4.4 1.2
-1.2 -1.6 17.2 -1.4081 -0.00261415 -1.951 1.42085 13.2 20 0.4 6.4 2.89565 -3.54573 9.46545 -1.2 -5.2 6 -4.67347 0.8 13.4673 0.524803 13.4858 8 8.4 -2 -1.2 -4 -6.8 -3.6 -9.6 1.18342 0.8 6.8 17.2 8.8 4
2 -1.1045 6 12.6941 -1.7088 1.30943 11.6 16.551 -6.54422e-09 8.8 2.48282 6.8 -1.6 1.27243 5.36505 -3.93304 -0.28651 7.93366 12.4 10 11.6 8 9.28567 -4.49536e-11 7.70972 -2.49312 -3.6 -6 0.0572146 -3.63198 4.49192 1.85656 0.8 2 3.14481 -3.33886
11.2 2.63072 6.22646 6.61727 -3.2 -0.53922 3.01719 2.4 13.6908 0.229138 -0.476604 -0.4 -2.4 -0.819012 -3.94189 -3.27529 -2.52566e-06 17.2 19.6 20 -0.399082 3.6 1.98889 6.8 -5.56616 -3.03743 5.2 0 -3.62826 -3.52 -5.82832 6.79791 -6.54333 -1.65572 -5.6 -4.10341
-2 -2.81615 -1.52229 -2.8 9.85434 -1.81353 2.02198 3.00866 6.74322 6.67435 1.6 0.525701 14.779 -0.400074 -3.00664 3.49465 20.2618 3.95513 20.4 11.1528 2 20.4 5.6 16.8 13.6 -5.1273 2.83265 -3.52423 -5.62672 -3.67913 3.07862 -2 -4.6044 -4 -0.460313 -4.4
3.31434 -4.4 6.36959 8.13455 3.93212 8.63517 1.92217 0.208837 -3.40679 -1.73276 4.37399 5.53611 -3.2 -3.62335 -3.2 -3.2 19.3104 4.25058 0.733344 15.2 20.3354 -1.5828 1.41072 0.588758 -7.20613 -8 -8.58674 -6 5.92946 -6.4 -2.27266 0.763552 -5.74099 -4 -0.706368 0.162096
-0.541035 5.68204 -1.37316 -4.4 5.2 2.83258 15.0096 9.6 -2.11138 6 10.4 4.99336 19.9753 -4.8 -4.4 0.8 -0.53778 8.79894 1.6 16.3436 13.5727 -1.46591 -1.07585 6.42242 -5.6 -6.74931 -8.32725 -4.80002 -5.42267 5.2 -1.2 -4.8 -4.4 -3.35943 -0.111244 19.4427
-1.7786 -2.4 -2.5395 4.8 -5.6 -4.8 7.2 -2 9.45086 -1.71029 -2.5087 6.3002 6.4 1.2 10.4 -1.81937 0.0905575 2 14 4.4 -0.653729 -0.800007 11.9331 7.2 -8 -7.22089 7.43477 -7.2 -6.20041 -6.65803 -4.90833 -6.46135 2.65413 -5.12426 -5.4617 -4.44666
-1.6 -4.86747 -0.4 -1.96358 -6.13724 -0.186692 8.85323 8.14976 -2 8.4 0.0844071 -1.83784 5.2 -0.762872 -6.4794e-08 -0.562551 -2.11228 5.6 4.47415 3.6 18.8 1.74513 2.05756 -2 -5.84192 -6.35192 -4.59927 -4.65129 19.3958 -1.46058 1.7234 -4.57575 -2.36268 -4.81409 -3.76386 0.4
-4.35814 -3.2 -2.6413 5.19965 -2.39888 -0.8 8.032 -1.45547 12.8 -0.094246 3.69081 0.792528 0.799999 1.08461 2.4 -0.8 1.83695 -3.6 0.205141 18.9722 16.5978 19.3464 2.67935 15.1588 -6.62119 -5.45112 -9.52996 -7.51874 -6.36625 -5.99935 4.75261 -7.67671 -4.00651 -5.2 -5.2 -5.2
0.271545 -2.87194 0.84636 -2.8 -0.8 5.47227 13.6 -1.6 19.0097 -1.2 2.01781 -0.4 -2 -3.6 2.3021 -2.01828 4.22244 -0.103431 13.2 1.77378 12.4 19.6763 6.75443 9.2 1.2 -7.15132 -7.5451 -6 -5.1232 -1.57306e-09 5.18975 -7.6 -3.2 -3.43859 0.442841 -6.35331
16.222 -0.796423 -4.06571 -4.52918 -2.27519 -0.264069 -0.848915 5.0992 -1.16773 -1.1058 -0.628432 15.9204 -8 -8.94907 9.2 -6.4 -6.41128 -6.12827 6.82072 -3.6 -6.61795 -3.2 -8 -6.4 -5.87683 -3.96495 0 0 -9.58965 -8.4 -5.00971 -5.65285 -5.85113 -5.2 -6.09007 -1.08857
-1.60734 1.2 -2 -0.4 0.4 -0.746258 12 1.2 3.80981 -0.0381727 13.6 3.14367 -9.68809 -6.8 16.4278 -7.6 -5.6 -6.58145 -5.6 -6.4 -5.2 -5.6 -6 -7.90158 -7.6 -5.6 -8.72 0 -8.3129 -7.42196 5.25918 -3.21633 8 -4.778 -4 -4.58951
4.80146 -0.700187 -5.90701 -1.34612 0.153781 -1.45266 1.28873e-10 0.662694 2.53631 -1.42169 0.904055 1.6 0.398089 1.35248 -4.8 -2 -1.6 2.8 0.369856 7.48371 1.6 20.4 10.7159 -6 -8.97191 -10.2302 0 0 8.4 -7.52026 -1.61491e-07 -4.8 -4.8 -5.6 -7.6 4.8
14 11.2531 17.0797 9.95857 16.0581 16 9.94881 1.52157 10.5714 -0.196241 14.8 9.37728 13.6 19.2 17.2 -17.7974 12.0874 15.7141 15.6 18.7995 -6.29772 16.4 10.3432 13.0545 -4.4 -1.17688 0 0 14 1.99549 1.2 3.79995 5.66012 6.4 4 -2.06018
