0.55 0.3125  0.0061  0.0396
0.65 0.4122  0.0079  0.0522
0.75 0.4965  0.0098  0.0629
0.85 0.6142  0.0124  0.0778
0.95 0.6984  0.0147  0.0885
1.05 0.8016  0.0174  0.1083
1.15 0.8961  0.0202  0.1211
1.25 0.9676  0.0228  0.1308
1.35 1.033  0.0253  0.1396
1.45 1.0662  0.0274  0.1441
1.55 1.1186  0.0296  0.1543
1.65 1.1819  0.0322  0.163
1.75 1.2065  0.0343  0.1664
1.85 1.2899  0.0376  0.1779
1.95 1.2784  0.0392  0.1763
2.1 1.3525  0.0317  0.1817
2.3 1.323  0.0344  0.1777
2.5 1.4452  0.042  0.1941
2.7 1.5027  0.0508  0.2018
2.9 1.6276  0.0644  0.2186
3.25 1.5947  0.056  0.2168
3.75 1.5301  0.0783  0.208
